        Frequency / MHz                Port 1 [1] (Mesh Pass=2)/arg,degrees
----------------------------------------------------------------------
                      40                      -55.898848
                   40.26                      -65.540846
                   40.52                      -70.800403
                   40.78                      -73.582706
                   41.04                      -74.735623
                    41.3                      -74.889545
                   41.56                      -74.564708
                   41.82                      -74.113154
                   42.08                      -73.643148
                   42.34                      -73.002139
                    42.6                       -71.87167
                   42.86                      -69.940712
                   43.12                      -67.049272
                   43.38                       -63.24152
                   43.64                      -58.761983
                    43.9                       -54.04876
                   44.16                      -49.736664
                   44.42                      -46.643614
                   44.68                      -45.689769
                   44.94                      -47.657333
                    45.2                      -52.678311
                   45.46                      -59.690557
                   45.72                      -66.791522
                   45.98                      -72.554307
                   46.24                      -76.671967
                    46.5                      -79.514041
                   46.76                      -81.563108
                   47.02                      -83.158515
                   47.28                      -84.459444
                   47.54                      -85.504816
                    47.8                      -86.295472
                   48.06                      -86.851964
                   48.32                      -87.230378
                   48.58                      -87.505451
                   48.84                      -87.741895
                    49.1                      -87.972941
                   49.36                      -88.196842
                   49.62                      -88.391023
                   49.88                      -88.533756
                   50.14                      -88.620258
                    50.4                      -88.665533
                   50.66                      -88.694969
                   50.92                      -88.730007
                   51.18                      -88.777586
                   51.44                      -88.828932
                    51.7                      -88.867348
                   51.96                      -88.879428
                   52.22                      -88.862762
                   52.48                      -88.826197
                   52.74                      -88.783476
                      53                      -88.744603
                   53.26                      -88.710092
                   53.52                      -88.671072
                   53.78                      -88.614568
                   54.04                      -88.530311
                    54.3                      -88.414971
                   54.56                      -88.271668
                   54.82                      -88.105433
                   55.08                      -87.917273
                   55.34                      -87.699869
                    55.6                      -87.436527
                   55.86                       -87.10279
                   56.12                      -86.668255
                   56.38                      -86.095427
                   56.64                      -85.332354
                    56.9                       -84.29468
                   57.16                      -82.827166
                   57.42                      -80.614494
                   57.68                      -76.934588
                   57.94                      -69.793044
                    58.2                      -51.876713
                   58.46                      0.88618014
                   58.72                       49.027736
                   58.98                       64.939158
                   59.24                       71.490711
                    59.5                       74.917198
                   59.76                       76.975048
                   60.02                       78.315918
                   60.28                       79.230961
                   60.54                       79.869213
                    60.8                       80.317351
                   61.06                       80.633072
                   61.32                       80.859219
                   61.58                       81.028492
                   61.84                        81.16377
                    62.1                       81.277671
                   62.36                       81.373888
                   62.62                       81.451093
                   62.88                       81.508139
                   63.14                       81.548011
                    63.4                       81.578293
                   63.66                       81.607677
                   63.92                        81.64049
                   64.18                       81.672677
                   64.44                       81.692142
                    64.7                       81.683758
                   64.96                       81.636361
                   65.22                       81.547512
                   65.48                       81.422693
                   65.74                        81.26868
                      66                       81.084623
                   66.26                       80.856254
                   66.52                       80.557179
                   66.78                       80.156798
                   67.04                       79.629898
                    67.3                         78.9608
                   67.56                       78.136598
                   67.82                       77.129213
                   68.08                       75.871716
                   68.34                         74.2358
                    68.6                         72.0111
                   68.86                        68.87304
                   69.12                       64.302781
                   69.38                       57.382824
                   69.64                       46.349529
                    69.9                       28.134435
                   70.16                       1.1102392
                   70.42                      -26.403273
                   70.68                      -45.142046
                   70.94                      -56.225367
                    71.2                      -62.968321
                   71.46                      -67.371868
                   71.72                      -70.455191
                   71.98                      -72.727799
                   72.24                      -74.445099
                    72.5                      -75.744311
                   72.76                       -76.71707
                   73.02                      -77.441394
                   73.28                      -77.987278
                   73.54                      -78.409659
                    73.8                      -78.740931
                   74.06                      -78.990662
                   74.32                      -79.153758
                   74.58                      -79.222504
                   74.84                      -79.195819
                    75.1                      -79.081314
                   75.36                      -78.890357
                   75.62                      -78.630016
                   75.88                      -78.296795
                   76.14                      -77.875291
                    76.4                      -77.341646
                   76.66                      -76.668753
                   76.92                      -75.829335
                   77.18                      -74.794352
                   77.44                      -73.526418
                    77.7                       -71.96955
                   77.96                      -70.036774
                   78.22                       -67.59568
                   78.48                      -64.449595
                   78.74                      -60.309864
                      79                      -54.756013
                   79.26                      -47.195954
                   79.52                      -36.900477
                   79.78                      -23.340082
                   80.04                      -7.0725855
                    80.3                        9.621365
                   80.56                       24.105503
                   80.82                        35.28563
                   81.08                       43.469117
                   81.34                       49.381112
                    81.6                       53.665918
                   81.86                       56.791952
                   82.12                       59.080658
                   82.38                       60.747624
                   82.64                       61.932494
                    82.9                       62.719346
                   83.16                       63.152756
                   83.42                       63.252335
                   83.68                       63.025103
                   83.94                       62.472791
                    84.2                       61.591104
                   84.46                       60.360533
                   84.72                       58.732344
                   84.98                       56.616531
                   85.24                       53.878019
                    85.5                       50.343424
                   85.76                       45.815729
                   86.02                       40.092527
                   86.28                       32.990494
                   86.54                       24.398751
                    86.8                       14.399353
                   87.06                        3.437252
                   87.32                       -7.639943
                   87.58                      -17.871127
                   87.84                      -26.614697
                    88.1                      -33.711189
                   88.36                      -39.328693
                   88.62                      -43.740909
                   88.88                      -47.193304
                   89.14                      -49.863495
                    89.4                       -51.87356
                   89.66                      -53.316455
                   89.92                      -54.274465
                   90.18                      -54.823011
                   90.44                      -55.024001
                    90.7                      -54.917293
                   90.96                      -54.517678
                   91.22                       -53.82022
                   91.48                      -52.811455
                   91.74                       -51.48082
                      92                      -49.827285
                   92.26                      -47.859471
                   92.52                      -45.591402
                   92.78                      -43.038378
                   93.04                      -40.217391
                    93.3                      -37.153905
                   93.56                      -33.892689
                   93.82                      -30.506818
                   94.08                      -27.098229
                   94.34                      -23.786695
                    94.6                      -20.690471
                   94.86                       -17.90733
                   95.12                      -15.504919
                   95.38                      -13.523533
                   95.64                      -11.986631
                    95.9                      -10.910085
                   96.16                      -10.303183
                   96.42                      -10.161065
                   96.68                      -10.455118
                   96.94                        -11.1302
                    97.2                      -12.113382
                   97.46                      -13.330407
                   97.72                       -14.71952
                   97.98                      -16.233537
                   98.24                       -17.82974
                    98.5                      -19.456701
                   98.76                      -21.049529
                   99.02                      -22.538308
                   99.28                      -23.863818
                   99.54                      -24.988854
                    99.8                      -25.897101
                  100.06                      -26.580841
                  100.32                      -27.026262
                  100.58                      -27.205889
                  100.84                      -27.081974
                   101.1                      -26.617022
                  101.36                      -25.783311
                  101.62                      -24.564848
                  101.88                       -22.95085
                  102.14                      -20.925709
                   102.4                       -18.46296
                  102.66                      -15.528998
                  102.92                      -12.096963
                  103.18                      -8.1654609
                  103.44                      -3.7734737
                   103.7                      0.99596689
                  103.96                       6.0253766
                  104.22                       11.180592
                  104.48                       16.327813
                  104.74                       21.343782
                     105                       26.119736
                  105.26                       30.564149
                  105.52                       34.607733
                  105.78                       38.209529
                  106.04                       41.360029
                   106.3                       44.078015
                  106.56                       46.400683
                  106.82                       48.369789
                  107.08                         50.0186
                  107.34                       51.364597
                   107.6                       52.410636
                  107.86                       53.153207
                  108.12                       53.592667
                  108.38                       53.738701
                  108.64                       53.606064
                   108.9                       53.200802
                  109.16                       52.503457
                  109.42                       51.459142
                  109.68                       49.981372
                  109.94                       47.968373
                   110.2                       45.321314
                  110.46                       41.948626
                  110.72                       37.744992
                  110.98                        32.55323
                  111.24                       26.148239
                   111.5                       18.305679
                  111.76                       8.9966852
                  112.02                      -1.3790395
                  112.28                       -11.99704
                  112.54                      -21.990715
                   112.8                      -30.848574
                  113.06                      -38.445183
                  113.32                       -44.83888
                  113.58                      -50.121993
                  113.84                      -54.396151
                   114.1                      -57.797906
                  114.36                      -60.503672
                  114.62                      -62.699624
                  114.88                      -64.538363
                  115.14                      -66.109514
                   115.4                      -67.440557
                  115.66                       -68.52584
                  115.92                      -69.364414
                  116.18                      -69.983357
                  116.44                      -70.435268
                   116.7                      -70.775588
                  116.96                      -71.036219
                  117.22                      -71.212559
                  117.48                      -71.272152
                  117.74                      -71.178706
                     118                      -70.915099
                  118.26                      -70.490612
                  118.52                      -69.928428
                  118.78                      -69.241211
                  119.04                      -68.409079
                   119.3                      -67.372675
                  119.56                      -66.044027
                  119.82                      -64.325356
                  120.08                      -62.119778
                  120.34                      -59.320986
                   120.6                      -55.777274
                  120.86                      -51.234334
                  121.12                      -45.271885
                  121.38                      -37.271712
                  121.64                      -26.524505
                   121.9                      -12.712454
                  122.16                       3.1890735
                  122.42                       18.753464
                  122.68                       31.758421
                  122.94                       41.479862
                   123.2                       48.166922
                  123.46                       52.136732
                  123.72                        53.23139
                  123.98                       50.252647
                  124.24                       39.650536
                   124.5                       14.623565
                  124.76                      -18.817023
                  125.02                      -38.910359
                  125.28                      -47.034199
                  125.54                      -49.470997
                   125.8                      -49.081929
                  126.06                      -47.077621
                  126.32                      -44.051639
                  126.58                      -40.377649
                  126.84                      -36.365467
                   127.1                       -32.30931
                  127.36                      -28.477006
                  127.62                      -25.075253
                  127.88                      -22.224521
                  128.14                      -19.962926
                   128.4                      -18.274678
                  128.66                      -17.122559
                  128.92                      -16.465321
                  129.18                      -16.255464
                  129.44                      -16.428567
                   129.7                      -16.900841
                  129.96                      -17.583417
                  130.22                      -18.406373
                  130.48                      -19.335359
                  130.74                      -20.367417
                     131                      -21.507152
                  131.26                       -22.73838
                  131.52                      -24.009901
                  131.78                      -25.244544
                  132.04                      -26.364437
                   132.3                       -27.31477
                  132.56                      -28.071162
                  132.82                      -28.628644
                  133.08                      -28.982223
                  133.34                      -29.112443
                   133.6                      -28.983869
                  133.86                      -28.554903
                  134.12                      -27.790438
                  134.38                      -26.668495
                  134.64                       -25.17735
                   134.9                      -23.306317
                  135.16                      -21.037351
                  135.42                      -18.344075
                  135.68                      -15.200573
                  135.94                      -11.596724
                   136.2                       -7.553165
                  136.46                      -3.1288322
                  136.72                       1.5823542
                  136.98                       6.4636762
                  137.24                       11.390616
                   137.5                       16.242825
                  137.76                       20.911229
                  138.02                       25.302397
                  138.28                       29.342791
                  138.54                       32.983113
                   138.8                       36.200665
                  139.06                       38.997539
                  139.32                        41.39418
                  139.58                       43.419925
                  139.84                        45.10344
                   140.1                       46.466083
                  140.36                       47.519955
                  140.62                       48.270377
                  140.88                       48.720402
                  141.14                       48.874071
                   141.4                       48.735784
                  141.66                       48.305341
                  141.92                        47.57092
                  142.18                       46.503896
                  142.44                       45.058667
                   142.7                       43.177815
                  142.96                       40.799425
                  143.22                       37.861706
                  143.48                       34.301762
                  143.74                       30.051148
                     144                       25.038072
                  144.26                       19.209165
                  144.52                       12.575655
                  144.78                       5.2667051
                  145.04                      -2.4511131
                   145.3                      -10.222317
                  145.56                      -17.699922
                  145.82                      -24.626497
                  146.08                      -30.856275
                  146.34                      -36.333507
                   146.6                      -41.063333
                  146.86                      -45.092397
                  147.12                      -48.495869
                  147.38                       -51.36384
                  147.64                      -53.786126
                   147.9                      -55.839561
                  148.16                      -57.582077
                  148.42                      -59.054557
                  148.68                      -60.287626
                  148.94                      -61.308634
                   149.2                      -62.145085
                  149.46                      -62.823673
                  149.72                      -63.366869
                  149.98                      -63.790087
                  150.24                      -64.101545
                   150.5                      -64.304908
                  150.76                      -64.402973
                  151.02                      -64.400169
                  151.28                      -64.302644
                  151.54                      -64.116292
                   151.8                      -63.844312
                  152.06                      -63.485936
                  152.32                      -63.037076
                  152.58                      -62.492322
                  152.84                      -61.846964
                   153.1                      -61.097781
                  153.36                      -60.242266
                  153.62                      -59.276935
                  153.88                      -58.195881
                  154.14                      -56.990525
                   154.4                      -55.650708
                  154.66                      -54.166486
                  154.92                      -52.529631
                  155.18                      -50.734185
                  155.44                      -48.776083
                   155.7                      -46.652554
                  155.96                      -44.362186
                  156.22                      -41.906184
                  156.48                      -39.290613
                  156.74                      -36.528773
                     157                       -33.64271
                  157.26                      -30.663204
                  157.52                      -27.628354
                  157.78                      -24.581421
                  158.04                      -21.568701
                   158.3                      -18.637787
                  158.56                      -15.836059
                  158.82                      -13.209001
                  159.08                      -10.798192
                  159.34                      -8.6393186
                   159.6                       -6.760808
                  159.86                      -5.1835528
                  160.12                      -3.9217379
                  160.38                       -2.984318
                  160.64                      -2.3765257
                   160.9                      -2.1009382
                  161.16                      -2.1579364
                  161.42                      -2.5456309
                  161.68                      -3.2594024
                  161.94                      -4.2911859
                   162.2                      -5.6286358
                  162.46                      -7.2544065
                  162.72                      -9.1458363
                  162.98                       -11.27516
                  163.24                      -13.610003
                   163.5                      -16.113665
                  163.76                        -18.7449
                  164.02                      -21.457712
                  164.28                       -24.20223
                  164.54                      -26.927517
                   164.8                      -29.585761
                  165.06                      -32.135892
                  165.32                      -34.544497
                  165.58                      -36.783443
                  165.84                      -38.825819
                   166.1                      -40.642829
                  166.36                      -42.203317
                  166.62                      -43.475175
                  166.88                      -44.425919
                  167.14                      -45.019734
                   167.4                      -45.210325
                  167.66                      -44.931663
                  167.92                      -44.090422
                  168.18                       -42.56384
                  168.44                      -40.205761
                   168.7                      -36.863799
                  168.96                      -32.413027
                  169.22                      -26.812766
                  169.48                      -20.182081
                  169.74                      -12.857045
                     170                      -5.3619435
                  170.26                       1.7356785
                  170.52                       8.0070236
                  170.78                       13.258652
                  171.04                       17.509854
                   171.3                        20.90827
                  171.56                       23.646119
                  171.82                       25.903986
                  172.08                       27.824685
                  172.34                       29.510315
                   172.6                       31.032259
                  172.86                       32.443473
                  173.12                        33.78562
                  173.38                       35.089325
                  173.64                       36.370912
                   173.9                       37.630824
                  174.16                       38.856853
                  174.42                        40.03138
                  174.68                       41.138913
                  174.94                       42.170054
                   175.2                       43.120403
                  175.46                       43.985984
                  175.72                       44.758675
                  175.98                       45.424735
                  176.24                       45.967278
                   176.5                       46.370898
                  176.76                       46.625249
                  177.02                       46.725045
                  177.28                       46.666078
                  177.54                       46.439423
                   177.8                       46.027194
                  178.06                       45.402356
                  178.32                       44.532493
                  178.58                        43.38475
                  178.84                       41.928052
                   179.1                       40.130093
                  179.36                       37.949999
                  179.62                       35.331254
                  179.88                       32.200903
                  180.14                       28.478956
                   180.4                       24.097098
                  180.66                        19.02082
                  180.92                       13.267201
                  181.18                       6.9140649
                  181.44                       0.1024317
                   181.7                      -6.9652373
                  181.96                      -14.037411
                  182.22                      -20.847983
                  182.48                      -27.169451
                  182.74                      -32.858429
                     183                      -37.867344
                  183.26                      -42.221474
                  183.52                      -45.981988
                  183.78                      -49.216256
                  184.04                      -51.984475
                   184.3                      -54.339651
                  184.56                      -56.332523
                  184.82                      -58.014161
                  185.08                      -59.433777
                  185.34                      -60.633752
                   185.6                      -61.645719
                  185.86                      -62.490466
                  186.12                      -63.181638
                  186.38                       -63.73085
                  186.64                      -64.151179
                   186.9                      -64.457369
                  187.16                      -64.663314
                  187.42                      -64.778974
                  187.68                      -64.808958
                  187.94                      -64.753713
                   188.2                      -64.612465
                  188.46                      -64.385986
                  188.72                      -64.077529
                  188.98                      -63.691542
                  189.24                      -63.231228
                   189.5                      -62.696655
                  189.76                      -62.084659
                  190.02                      -61.390568
                  190.28                        -60.6106
                  190.54                       -59.74342
                   190.8                      -58.789964
                  191.06                        -57.7518
                  191.32                      -56.629244
                  191.58                      -55.420567
                  191.84                      -54.122943
                   192.1                      -52.734621
                  192.36                      -51.257061
                  192.62                      -49.695791
                  192.88                      -48.059598
                  193.14                      -46.358753
                   193.4                      -44.603596
                  193.66                      -42.804537
                  193.92                      -40.973568
                  194.18                      -39.126228
                  194.44                      -37.282572
                   194.7                      -35.466232
                  194.96                      -33.701878
                  195.22                      -32.012453
                  195.48                      -30.417708
                  195.74                      -28.934665
                     196                      -27.579306
                  196.26                      -26.367912
                  196.52                       -25.31675
                  196.78                      -24.440061
                  197.04                      -23.747542
                   197.3                      -23.243048
                  197.56                      -22.925432
                  197.82                      -22.791012
                  198.08                      -22.835986
                  198.34                      -23.057137
                   198.6                      -23.450381
                  198.86                      -24.008303
                  199.12                       -24.71859
                  199.38                      -25.564731
                  199.64                      -26.528666
                   199.9                      -27.593675
                  200.16                      -28.745544
                  200.42                      -29.971365
                  200.68                      -31.257093
                  200.94                       -32.58593
                   201.2                      -33.938978
                  201.46                      -35.297896
                  201.72                      -36.647735
                  201.98                      -37.978027
                  202.24                      -39.281486
                   202.5                      -40.551425
                  202.76                       -41.77985
                  203.02                      -42.957574
                  203.28                      -44.076144
                  203.54                      -45.130047
                   203.8                      -46.117527
                  204.06                      -47.039407
                  204.32                      -47.896736
                  204.58                      -48.688866
                  204.84                      -49.413168
                   205.1                      -50.066403
                  205.36                      -50.646601
                  205.62                       -51.15405
                  205.88                      -51.590657
                  206.14                       -51.95813
                   206.4                      -52.256179
                  206.66                       -52.48188
                  206.92                      -52.630489
                  207.18                       -52.69699
                  207.44                      -52.677207
                   207.7                      -52.567619
                  207.96                      -52.363938
                  208.22                      -52.059278
                  208.48                      -51.642963
                  208.74                      -51.100528
                     209                      -50.414612
                  209.26                       -49.56582
                  209.52                      -48.532635
                  209.78                      -47.290085
                  210.04                      -45.807626
                   210.3                      -44.047284
                  210.56                      -41.963049
                  210.82                      -39.502056
                  211.08                       -36.60762
                  211.34                      -33.224082
                   211.6                      -29.303885
                  211.86                       -24.81787
                  212.12                      -19.769649
                  212.38                      -14.212788
                  212.64                      -8.2651877
                   212.9                       -2.110751
                  213.16                       4.0202197
                  213.42                       9.8900486
                  213.68                       15.296939
                  213.94                       20.103774
                   214.2                       24.243903
                  214.46                       27.708757
                  214.72                       30.528107
                  214.98                       32.751749
                  215.24                       34.436603
                   215.5                       35.639516
                  215.76                       36.414235
                  216.02                       36.810587
                  216.28                       36.874229
                  216.54                       36.646073
                   216.8                       36.161405
                  217.06                       35.449353
                  217.32                       34.533428
                  217.58                       33.433246
                  217.84                       32.166723
                   218.1                       30.751505
                  218.36                       29.204841
                  218.62                       27.542124
                  218.88                       25.775435
                  219.14                       23.913564
                   219.4                       21.964008
                  219.66                       19.935926
                  219.92                       17.842165
                  220.18                        15.69894
                  220.44                       13.523434
                   220.7                       11.331134
                  220.96                       9.1349635
                  221.22                       6.9468275
                  221.48                       4.7802247
                  221.74                       2.6516262
                     222                      0.57918353
                  222.26                      -1.4205943
                  222.52                      -3.3359326
                  222.78                      -5.1605106
                  223.04                       -6.891434
                   223.3                      -8.5260883
                  223.56                      -10.060221
                  223.82                      -11.488552
                  224.08                      -12.807263
                  224.34                      -14.016323
                   224.6                      -15.119804
                  224.86                      -16.123883
                  225.12                      -17.033917
                  225.38                      -17.852592
                  225.64                      -18.580336
                   225.9                      -19.217552
                  226.16                       -19.76695
                  226.42                      -20.234279
                  226.68                      -20.626966
                  226.94                      -20.951645
                   227.2                      -21.212347
                  227.46                      -21.410609
                  227.72                      -21.547382
                  227.98                      -21.625384
                  228.24                      -21.650241
                   228.5                      -21.629642
                  228.76                      -21.571139
                  229.02                      -21.480151
                  229.28                      -21.359556
                  229.54                      -21.211161
                   229.8                      -21.037976
                  230.06                      -20.845695
                  230.32                      -20.642325
                  230.58                      -20.436197
                  230.84                      -20.233731
                   231.1                      -20.038505
                  231.36                      -19.852239
                  231.62                      -19.676991
                  231.88                      -19.516976
                  232.14                      -19.378674
                   232.4                       -19.26911
                  232.66                      -19.193459
                  232.92                      -19.153659
                  233.18                       -19.14898
                  233.44                      -19.178185
                   233.7                      -19.241719
                  233.96                      -19.342373
                  234.22                       -19.48393
                  234.48                      -19.668742
                  234.74                      -19.896007
                     235                      -20.162039
                  235.26                      -20.462429
                  235.52                      -20.794638
                  235.78                      -21.159249
                  236.04                      -21.559034
                   236.3                      -21.996595
                  236.56                      -22.472384
                  236.82                      -22.984656
                  237.08                       -23.53156
                  237.34                      -24.114002
                   237.6                      -24.737317
                  237.86                      -25.410629
                  238.12                      -26.144377
                  238.38                      -26.947804
                  238.64                      -27.828207
                   238.9                      -28.792404
                  239.16                      -29.849179
                  239.42                      -31.010573
                  239.68                      -32.290498
                  239.94                      -33.700991
                   240.2                      -35.247989
                  240.46                      -36.928901
                  240.72                      -38.732973
                  240.98                      -40.643478
                  241.24                      -42.639597
                   241.5                      -44.696484
                  241.76                      -46.783968
                  242.02                      -48.865979
                  242.28                      -50.902674
                  242.54                      -52.855299
                   242.8                      -54.691692
                  243.06                      -56.389698
                  243.32                      -57.937152
                  243.58                      -59.329207
                  243.84                      -60.565176
                   244.1                      -61.646731
                  244.36                       -62.57797
                  244.62                      -63.366376
                  244.88                      -64.023214
                  245.14                      -64.562459
                   245.4                      -64.998524
                  245.66                      -65.343932
                  245.92                      -65.608153
                  246.18                      -65.798107
                  246.44                      -65.919771
                   246.7                      -65.979731
                  246.96                      -65.985597
                  247.22                      -65.945079
                  247.48                        -65.8644
                  247.74                      -65.747185
                     248                      -65.594595
                  248.26                      -65.406662
                  248.52                      -65.183943
                  248.78                      -64.928425
                  249.04                       -64.64312
                   249.3                      -64.330695
                  249.56                      -63.992096
                  249.82                      -63.626152
                  250.08                      -63.230431
                  250.34                      -62.802805
                   250.6                      -62.342665
                  250.86                      -61.850987
                  251.12                      -61.329226
                  251.38                      -60.777813
                  251.64                      -60.195293
                   251.9                      -59.578725
                  252.16                      -58.925084
                  252.42                      -58.232738
                  252.68                      -57.502003
                  252.94                      -56.734405
                   253.2                      -55.931173
                  253.46                      -55.091993
                  253.72                      -54.214945
                  253.98                      -53.297683
                  254.24                      -52.339118
                   254.5                      -51.340454
                  254.76                      -50.304886
                  255.02                      -49.236143
                  255.28                      -48.136915
                  255.54                       -47.00825
                   255.8                      -45.850406
                  256.06                      -44.664585
                  256.32                      -43.454327
                  256.58                      -42.225543
                  256.84                      -40.985064
                   257.1                      -39.738646
                  257.36                      -38.489754
                  257.62                      -37.239961
                  257.88                      -35.990637
                  258.14                      -34.744678
                   258.4                      -33.506978
                  258.66                      -32.283199
                  258.92                      -31.077655
                  259.18                       -29.89177
                  259.44                      -28.724223
                   259.7                      -27.572708
                  259.96                       -26.43608
                  260.22                      -25.315364
                  260.48                      -24.212899
                  260.74                      -23.130238
                     261                      -22.066314
                  261.26                      -21.017257
                  261.52                      -19.978046
                  261.78                      -18.944907
                  262.04                      -17.916784
                   262.3                      -16.894879
                  262.56                      -15.880616
                  262.82                      -14.873522
                  263.08                        -13.8706
                  263.34                      -12.867712
                   263.6                      -11.862051
                  263.86                      -10.853986
                  264.12                      -9.8469876
                  264.38                       -8.845684
                  264.64                      -7.8534466
                   264.9                      -6.8712269
                  265.16                      -5.8984986
                  265.42                      -4.9356393
                  265.68                      -3.9860432
                  265.94                      -3.0564206
                   266.2                      -2.1550124
                  266.46                      -1.2889226
                  266.72                     -0.46240748
                  266.98                      0.32271743
                  267.24                       1.0648974
                   267.5                       1.7605064
                  267.76                       2.4031139
                  268.02                       2.9849909
                  268.28                       3.4999189
                  268.54                       3.9454454
                   268.8                       4.3231192
                  269.06                       4.6366829
                  269.32                       4.8896778
                  269.58                       5.0843883
                  269.84                       5.2231572
                   270.1                       5.3114512
                  270.36                       5.3608095
                  270.62                       5.3898515
                  270.88                       5.4228372
                  271.14                       5.4869298
                   271.4                       5.6100972
                  271.66                       5.8208998
                  271.92                         6.14972
                  272.18                       6.6295336
                  272.44                       7.2942266
                   272.7                       8.1738644
                  272.96                       9.2883193
                  273.22                       10.641899
                  273.48                       12.221281
                  273.74                       13.997388
                     274                       15.929952
                  274.26                       17.972595
                  274.52                       20.076733
                  274.78                       22.194076
                  275.04                       24.278622
                   275.3                        26.28922
                  275.56                       28.192776
                  275.82                       29.967037
                  276.08                       31.601459
                  276.34                       33.095372
                   276.6                       34.454006
                  276.86                       35.684151
                  277.12                       36.791379
                  277.38                       37.779813
                  277.64                        38.65387
                   277.9                       39.420266
                  278.16                       40.088491
                  278.42                       40.669139
                  278.68                       41.170969
                  278.94                       41.598602
                   279.2                       41.952425
                  279.46                       42.230848
                  279.72                       42.433494
                  279.98                       42.563178
                  280.24                       42.625281
                   280.5                       42.624873
                  280.76                       42.563509
                  281.02                       42.438003
                  281.28                       42.242181
                  281.54                        41.97061
                   281.8                       41.621798
                  282.06                        41.19859
                  282.32                       40.705287
                  282.58                       40.143359
                  282.84                        39.50878
                   283.1                        38.79308
                  283.36                       37.987686
                  283.62                       37.088668
                  283.88                       36.098493
                  284.14                       35.023261
                   284.4                       33.867137
                  284.66                       32.627993
                  284.92                       31.297728
                  285.18                       29.867538
                  285.44                       28.334654
                   285.7                       26.705636
                  285.96                       24.993448
                  286.22                       23.210082
                  286.48                       21.360182
                  286.74                       19.440801
                     287                       17.447978
                  287.26                       15.385469
                  287.52                       13.268875
                  287.78                       11.121448
                  288.04                       8.9642236
                   288.3                       6.8078539
                  288.56                        4.652504
                  288.82                       2.4959801
                  289.08                      0.34376942
                  289.34                      -1.7870177
                   289.6                       -3.873249
                  289.86                      -5.8968693
                  290.12                      -7.8529924
                  290.38                      -9.7487767
                  290.64                      -11.594012
                   290.9                      -13.390589
                  291.16                      -15.128773
                  291.42                      -16.792984
                  291.68                      -18.372554
                  291.94                      -19.869158
                   292.2                      -21.295341
                  292.46                      -22.665312
                  292.72                      -23.984822
                  292.98                      -25.247482
                  293.24                      -26.440047
                   293.5                      -27.552605
                  293.76                      -28.586063
                  294.02                      -29.551549
                  294.28                      -30.462453
                  294.54                      -31.325119
                   294.8                       -32.13514
                  295.06                      -32.882156
                  295.32                      -33.560043
                  295.58                      -34.175663
                  295.84                      -34.750682
                   296.1                       -35.31609
                  296.36                      -35.904097
                  296.62                      -36.543486
                  296.88                      -37.261534
                  297.14                      -38.090149
                   297.4                      -39.069688
                  297.66                      -40.244232
                  297.92                      -41.647222
                  298.18                      -43.283497
                  298.44                      -45.118456
                   298.7                      -47.082964
                  298.96                       -49.09327
                  299.22                      -51.074826
                  299.48                      -52.976518
                  299.74                      -54.769895
                     300                      -56.438911

