        Frequency / MHz                Port 1 [1] (Mesh Pass=3)/abs,linear
----------------------------------------------------------------------
                      40                       16478.828
                   40.26                       7404.5203
                   40.52                       4603.4386
                   40.78                        3387.329
                   41.04                       2633.9046
                    41.3                       2081.6394
                   41.56                       1674.4423
                   41.82                       1386.0721
                   42.08                       1185.6153
                   42.34                       1042.3458
                    42.6                       930.53025
                   42.86                       832.66932
                   43.12                       742.29748
                   43.38                       662.20057
                   43.64                       598.30796
                    43.9                       555.46108
                   44.16                       537.28072
                   44.42                       547.69181
                   44.68                       591.90935
                   44.94                       675.18673
                    45.2                       794.69975
                   45.46                       918.21834
                   45.72                       979.12637
                   45.98                       950.99241
                   46.24                       880.04942
                    46.5                       808.22815
                   46.76                       745.89928
                   47.02                       689.53099
                   47.28                       635.65574
                   47.54                       584.95113
                    47.8                       540.11262
                   48.06                       502.76896
                   48.32                       472.36713
                   48.58                       446.71296
                   48.84                       423.22862
                    49.1                       400.26356
                   49.36                       377.69045
                   49.62                       356.41006
                   49.88                       337.34311
                   50.14                       320.73067
                    50.4                       306.02889
                   50.66                       292.27496
                   50.92                       278.66349
                   51.18                       264.96718
                   51.44                         251.519
                    51.7                       238.83766
                   51.96                       227.23029
                   52.22                       216.61334
                   52.48                       206.59271
                   52.74                       196.71811
                      53                       186.74488
                   53.26                       176.72947
                   53.52                       166.91708
                   53.78                       157.53846
                   54.04                       148.66149
                    54.3                       140.16605
                   54.56                       131.83153
                   54.82                       123.47189
                   55.08                       115.02974
                   55.34                       106.57573
                    55.6                       98.233199
                   55.86                        90.09101
                   56.12                       82.154874
                   56.38                       74.352423
                   56.64                        66.57885
                    56.9                       58.752032
                   57.16                       50.845171
                   57.42                       42.884466
                   57.68                        34.92372
                   57.94                       27.018257
                    58.2                       19.221398
                   58.46                       11.665727
                   58.72                       5.4087192
                   58.98                       7.1962936
                   59.24                       14.505493
                    59.5                       22.684649
                   59.76                       31.216997
                   60.02                       39.987633
                   60.28                       48.937684
                   60.54                       58.036052
                    60.8                        67.29112
                   61.06                       76.761738
                   61.32                        86.54869
                   61.58                        96.76149
                   61.84                        107.4733
                    62.1                       118.68827
                   62.36                       130.34467
                   62.62                       142.36534
                   62.88                       154.74184
                   63.14                       167.60472
                    63.4                        181.2204
                   63.66                       195.89594
                   63.92                       211.83999
                   64.18                       229.06432
                   64.44                       247.40215
                    64.7                       266.67817
                   64.96                       286.97201
                   65.22                       308.80188
                   65.48                       333.05823
                   65.74                       360.69206
                      66                       392.33832
                   66.26                       428.10232
                   66.52                        467.7281
                   66.78                       511.27448
                   67.04                       560.06708
                    67.3                       617.30535
                   67.56                       687.90689
                   67.82                       777.81695
                   68.08                       893.30047
                   68.34                       1040.8949
                    68.6                       1229.7697
                   68.86                       1480.0376
                   69.12                       1842.2163
                   69.38                       2441.6823
                   69.64                       3595.6575
                    69.9                        5744.389
                   70.16                        5674.221
                   70.42                       3595.4537
                   70.68                       2480.8998
                   70.94                       1882.6291
                    71.2                       1506.9883
                   71.46                       1241.7188
                   71.72                       1043.2347
                   71.98                       892.40219
                   72.24                       777.53644
                    72.5                       689.12894
                   72.76                       618.96632
                   73.02                       560.46877
                   73.28                       509.20751
                   73.54                       463.02051
                    73.8                        421.3929
                   74.06                       384.41517
                   74.32                       351.96624
                   74.58                       323.43261
                   74.84                       297.85737
                    75.1                       274.28362
                   75.36                       252.06999
                   75.62                       231.00873
                   75.88                       211.21435
                   76.14                       192.90647
                    76.4                       176.24238
                   76.66                       161.26735
                   76.92                       147.96489
                   77.18                       136.35602
                   77.44                       126.59543
                    77.7                       119.01944
                   77.96                       114.11064
                   78.22                       112.36015
                   78.48                        114.0513
                   78.74                       119.06162
                      79                       126.80889
                   79.26                       136.38866
                   79.52                       146.84162
                   79.78                        157.4255
                   80.04                       167.73635
                    80.3                       177.58194
                   80.56                        186.6901
                   80.82                       194.49817
                   81.08                       200.25421
                   81.34                       203.42806
                    81.6                       204.10909
                   81.86                       203.00343
                   82.12                       201.01478
                   82.38                        198.7743
                   82.64                       196.45756
                    82.9                       193.95402
                   83.16                       191.22225
                   83.42                       188.56272
                   83.68                       186.61509
                   83.94                       186.10681
                    84.2                       187.54952
                   84.46                       191.07052
                   84.72                       196.45576
                   84.98                       203.37384
                   85.24                       211.66602
                    85.5                       221.53586
                   85.76                       233.51346
                   86.02                       248.21108
                   86.28                       266.01393
                   86.54                       286.87235
                    86.8                       310.32446
                   87.06                       335.82186
                   87.32                       363.27297
                   87.58                        393.4592
                   87.84                       427.91997
                    88.1                       468.22263
                   88.36                        514.9004
                   88.62                       566.55411
                   88.88                       619.91391
                   89.14                       671.56764
                    89.4                       720.29969
                   89.66                       767.03978
                   89.92                       811.21462
                   90.18                       846.53218
                   90.44                       861.86764
                    90.7                       850.21496
                   90.96                        816.5724
                   91.22                        773.1155
                   91.48                       728.97711
                   91.74                       686.57814
                      92                       644.28466
                   92.26                        600.6078
                   92.52                       556.50686
                   92.78                       514.64894
                   93.04                       477.30859
                    93.3                       445.10944
                   93.56                       417.10219
                   93.82                       391.61429
                   94.08                        367.2666
                   94.34                       343.61241
                    94.6                       321.05833
                   94.86                       300.26822
                   95.12                       281.58568
                   95.38                       264.81095
                   95.64                        249.3399
                    95.9                       234.51149
                   96.16                       219.94503
                   96.42                       205.65994
                   96.68                       191.93224
                   96.94                        179.0353
                    97.2                       167.04846
                   97.46                       155.81882
                   97.72                       145.06202
                   97.98                       134.52833
                   98.24                       124.13276
                    98.5                       113.97756
                   98.76                       104.27508
                   99.02                       95.239354
                   99.28                       87.012246
                   99.54                       79.656597
                    99.8                       73.218002
                  100.06                       67.827932
                  100.32                       63.788925
                  100.58                       61.565041
                  100.84                       61.628788
                   101.1                       64.223521
                  101.36                       69.226109
                  101.62                       76.234422
                  101.88                       84.788414
                  102.14                       94.563255
                   102.4                       105.45794
                  102.66                        117.5699
                  102.92                       131.07895
                  103.18                       146.09534
                  103.44                       162.54256
                   103.7                       180.14365
                  103.96                       198.56084
                  104.22                       217.66254
                  104.48                       237.74972
                  104.74                       259.50948
                     105                       283.62025
                  105.26                       310.17747
                  105.52                       338.26317
                  105.78                       366.07957
                  106.04                       391.91591
                   106.3                       415.37357
                  106.56                       437.47989
                  106.82                       459.17337
                  107.08                       479.33962
                  107.34                        494.2401
                   107.6                       499.67707
                  107.86                       494.73431
                  108.12                       482.87694
                  108.38                       468.88818
                  108.64                       455.38841
                   108.9                       441.93681
                  109.16                         426.519
                  109.42                       407.96602
                  109.68                       387.37371
                  109.94                       367.38387
                   110.2                       350.37166
                  110.46                       337.23297
                  110.72                       327.26911
                  110.98                       318.88208
                  111.24                       310.70026
                   111.5                       302.53535
                  111.76                       295.49296
                  112.02                       291.20588
                  112.28                       290.84865
                  112.54                       294.51283
                   112.8                       301.14079
                  113.06                       309.08231
                  113.32                       317.16462
                  113.58                       325.65084
                  113.84                       336.24882
                   114.1                       351.07572
                  114.36                       371.26788
                  114.62                       395.88607
                  114.88                       421.69853
                  115.14                       444.72153
                   115.4                       463.30649
                  115.66                       479.80909
                  115.92                       498.44647
                  116.18                         521.106
                  116.44                       544.06227
                   116.7                         558.343
                  116.96                       556.54018
                  117.22                       540.75896
                  117.48                       520.32225
                  117.74                       502.77879
                     118                       489.11832
                  118.26                       474.58908
                  118.52                       453.34837
                  118.78                       424.34243
                  119.04                       392.31004
                   119.3                       363.09657
                  119.56                       339.65421
                  119.82                       321.30442
                  120.08                       304.77478
                  120.34                       286.38794
                   120.6                       264.73578
                  120.86                       241.45461
                  121.12                        219.3548
                  121.38                       200.31561
                  121.64                       184.45528
                   121.9                       170.20273
                  122.16                        155.1035
                  122.42                       137.41096
                  122.68                       117.30008
                  122.94                       96.492602
                   123.2                       77.363302
                  123.46                       63.301902
                  123.72                       59.928905
                  123.98                       72.295555
                  124.24                       100.63461
                   124.5                       146.14448
                  124.76                       217.88646
                  125.02                       342.49043
                  125.28                        596.8963
                  125.54                        1088.636
                   125.8                       992.38811
                  126.06                       655.26925
                  126.32                       490.57566
                  126.58                       400.84433
                  126.84                       340.59918
                   127.1                       293.16814
                  127.36                       253.65098
                  127.62                       221.16064
                  127.88                        195.3155
                  128.14                       175.31958
                   128.4                       159.99258
                  128.66                       147.97665
                  128.92                       138.01874
                  129.18                       129.27711
                  129.44                       121.45905
                   129.7                       114.66841
                  129.96                       109.07726
                  130.22                       104.65017
                  130.48                       101.09461
                  130.74                        98.07372
                     131                       95.536865
                  131.26                       93.909236
                  131.52                       93.973994
                  131.78                       96.506585
                  132.04                       101.88363
                   132.3                       109.89161
                  132.56                       119.81528
                  132.82                       130.73931
                  133.08                       141.95258
                  133.34                       153.28286
                   133.6                       165.12738
                  133.86                       178.10252
                  134.12                       192.52511
                  134.38                       208.03848
                  134.64                        223.6201
                   134.9                        238.0828
                  135.16                       250.85371
                  135.42                       262.37707
                  135.68                       273.65904
                  135.94                       285.29017
                   136.2                       296.71816
                  136.46                       306.33305
                  136.72                       312.47597
                  136.98                       314.71126
                  137.24                       314.14371
                   137.5                       312.42711
                  137.76                       310.48379
                  138.02                       307.98805
                  138.28                       303.84597
                  138.54                       297.25017
                   138.8                        288.4696
                  139.06                       278.71012
                  139.32                       269.27737
                  139.58                       260.83226
                  139.84                       253.21016
                   140.1                       245.77175
                  140.36                       237.99357
                  140.62                       229.90334
                  140.88                        222.0766
                  141.14                       215.26183
                   141.4                       209.95942
                  141.66                        206.2215
                  141.92                       203.73911
                  142.18                       202.13245
                  142.44                        201.2659
                   142.7                       201.39036
                  142.96                       203.02761
                  143.22                       206.69207
                  143.48                       212.63552
                  143.74                       220.75476
                     144                       230.70342
                  144.26                       242.15638
                  144.52                       255.09051
                  144.78                       269.90635
                  145.04                       287.29507
                   145.3                       307.91874
                  145.56                       332.08017
                  145.82                        359.5626
                  146.08                       389.77968
                  146.34                       422.26278
                   146.6                       457.23708
                  146.86                       495.78551
                  147.12                        539.2504
                  147.38                       588.00711
                  147.64                       640.18504
                   147.9                       691.33343
                  148.16                       736.07403
                  148.42                       771.02936
                  148.68                        795.8729
                  148.94                       810.96046
                   149.2                       814.56174
                  149.46                       803.53839
                  149.72                       777.25938
                  149.98                       739.98361
                  150.24                        698.4969
                   150.5                       658.04785
                  150.76                       620.59195
                  151.02                       585.60971
                  151.28                       551.90535
                  151.54                       519.02134
                   151.8                       487.55182
                  152.06                       458.51207
                  152.32                       432.53881
                  152.58                       409.52317
                  152.84                       388.75937
                   153.1                       369.39281
                  153.36                       350.86836
                  153.62                        333.1164
                  153.88                        316.4045
                  154.14                       301.02001
                   154.4                       287.02057
                  154.66                       274.17971
                  154.92                       262.11519
                  155.18                       250.49699
                  155.44                       239.19953
                   155.7                       228.30886
                  155.96                       218.00226
                  156.22                       208.39796
                  156.48                       199.46941
                  156.74                       191.06147
                     157                        182.9844
                  157.26                       175.12166
                  157.52                       167.48335
                  157.78                       160.17813
                  158.04                       153.33216
                   158.3                       147.01117
                  158.56                       141.19029
                  158.82                       135.78411
                  159.08                       130.71519
                  159.34                       125.97743
                   159.6                       121.65485
                  159.86                       117.88656
                  160.12                       114.80196
                  160.38                         112.466
                  160.64                       110.86648
                   160.9                       109.95064
                  161.16                       109.68767
                  161.42                       110.11408
                  161.68                       111.32846
                  161.94                       113.43588
                   162.2                       116.47731
                  162.46                        120.3906
                  162.72                       125.03131
                  162.98                       130.24366
                  163.24                       135.93681
                   163.5                        142.1123
                  163.76                       148.81762
                  164.02                       156.05129
                  164.28                       163.68042
                  164.54                       171.42982
                   164.8                       178.96062
                  165.06                       185.99271
                  165.32                       192.37968
                  165.58                       198.06688
                  165.84                       202.95608
                   166.1                       206.78633
                  166.36                       209.14454
                  166.62                       209.62764
                  166.88                       208.04778
                  167.14                       204.51656
                   167.4                        199.3439
                  167.66                       192.85236
                  167.92                       185.26442
                  168.18                       176.73147
                  168.44                       167.44819
                   168.7                       157.73985
                  168.96                       148.05339
                  169.22                       138.87036
                  169.48                       130.60831
                  169.74                       123.56125
                     170                       117.88892
                  170.26                       113.63956
                  170.52                       110.78351
                  170.78                       109.23783
                  171.04                       108.87074
                   171.3                       109.48979
                  171.56                       110.83254
                  171.82                       112.58282
                  172.08                       114.42306
                  172.34                       116.10734
                   172.6                        117.5179
                  172.86                       118.66915
                  173.12                       119.65498
                  173.38                       120.57347
                  173.64                       121.47741
                   173.9                       122.37849
                  174.16                       123.29492
                  174.42                        124.3028
                  174.68                        125.5504
                  174.94                       127.22215
                   175.2                       129.47641
                  175.46                       132.39789
                  175.72                       135.99448
                  175.98                       140.23867
                  176.24                       145.12632
                   176.5                       150.71547
                  176.76                       157.12063
                  177.02                       164.46716
                  177.28                       172.83574
                  177.54                        182.2331
                   177.8                       192.60961
                  178.06                       203.91845
                  178.32                         216.186
                  178.58                       229.55094
                  178.84                       244.24275
                   179.1                        260.5065
                  179.36                        278.5171
                  179.62                       298.33885
                  179.88                        319.9694
                  180.14                       343.46379
                   180.4                       369.07548
                  180.66                       397.31432
                  180.92                       428.85121
                  181.18                       464.29031
                  181.44                       503.92114
                   181.7                       547.60581
                  181.96                       594.91823
                  182.22                       645.47749
                  182.48                       699.13426
                  182.74                       755.54146
                     183                       812.96525
                  183.26                       866.96135
                  183.52                       910.40018
                  183.78                       936.12571
                  184.04                       940.85868
                   184.3                       926.43159
                  184.56                       897.25325
                  184.82                       857.44198
                  185.08                       810.25829
                  185.34                       758.92906
                   185.6                       706.93173
                  185.86                       657.30062
                  186.12                       611.83858
                  186.38                       570.95625
                  186.64                       534.11392
                   186.9                       500.48157
                  187.16                       469.45591
                  187.42                       440.83704
                  187.68                       414.68649
                  187.94                       391.05944
                   188.2                       369.81614
                  188.46                       350.60421
                  188.72                       332.98228
                  188.98                       316.58796
                  189.24                       301.24493
                   189.5                       286.95339
                  189.76                       273.78771
                  190.02                       261.77806
                  190.28                       250.84675
                  190.54                       240.82586
                   190.8                         231.534
                  191.06                       222.86012
                  191.32                       214.80209
                  191.58                       207.43998
                  191.84                       200.86671
                   192.1                       195.12158
                  192.36                       190.16532
                  192.62                       185.90794
                  192.88                       182.26983
                  193.14                       179.23647
                   193.4                       176.87095
                  193.66                       175.27628
                  193.92                       174.53157
                  194.18                       174.64212
                  194.44                       175.53467
                   194.7                        177.1016
                  194.96                       179.26665
                  195.22                       182.02814
                  195.48                       185.44803
                  195.74                       189.59132
                     196                       194.45457
                  196.26                       199.93204
                  196.52                       205.84587
                  196.78                       212.02609
                  197.04                       218.38789
                   197.3                       224.94782
                  197.56                       231.76012
                  197.82                        238.8127
                  198.08                       245.95675
                  198.34                       252.92673
                   198.6                       259.44874
                  198.86                       265.36514
                  199.12                       270.67921
                  199.38                       275.47769
                  199.64                       279.78749
                   199.9                       283.47841
                  200.16                       286.29356
                  200.42                        287.9942
                  200.68                        288.5118
                  200.94                       287.98453
                   201.2                       286.64796
                  201.46                       284.66893
                  201.72                        282.0509
                  201.98                       278.67602
                  202.24                       274.44434
                   202.5                       269.39828
                  202.76                       263.73615
                  203.02                       257.71078
                  203.28                       251.49775
                  203.54                       245.12876
                   203.8                         238.528
                  204.06                       231.61518
                  204.32                       224.39696
                  204.58                       216.98368
                  204.84                       209.52825
                   205.1                       202.13981
                  205.36                       194.83385
                  205.62                       187.54696
                  205.88                       180.19913
                  206.14                       172.75768
                   206.4                       165.26052
                  206.66                       157.78886
                  206.92                       150.41483
                  207.18                       143.16215
                  207.44                       136.00337
                   207.7                       128.89135
                  207.96                       121.80191
                  208.22                       114.76022
                  208.48                       107.83789
                  208.74                       101.12831
                     209                       94.720494
                  209.26                        88.68978
                  209.52                       83.111405
                  209.78                       78.089167
                  210.04                       73.781857
                   210.3                       70.408777
                  210.56                       68.222743
                  210.82                       67.453374
                  211.08                       68.242936
                  211.34                       70.609754
                   211.6                       74.461481
                  211.86                       79.645835
                  212.12                       86.003569
                  212.38                       93.396308
                  212.64                       101.70485
                   212.9                       110.81053
                  213.16                       120.57791
                  213.42                       130.85317
                  213.68                       141.48293
                  213.94                       152.34353
                   214.2                       163.35914
                  214.46                       174.48793
                  214.72                       185.67569
                  214.98                       196.80362
                  215.24                        207.6717
                   215.5                       218.04355
                  215.76                       227.73597
                  216.02                       236.69236
                  216.28                       244.97731
                  216.54                       252.68667
                   216.8                       259.83904
                  217.06                       266.33624
                  217.32                       272.03215
                  217.58                       276.86432
                  217.84                       280.94434
                   218.1                       284.52582
                  218.36                       287.86541
                  218.62                       291.07811
                  218.88                        294.0913
                  219.14                       296.73074
                   219.4                       298.87781
                  219.66                       300.58176
                  219.92                       302.03869
                  220.18                       303.45148
                  220.44                       304.87616
                   220.7                       306.16824
                  220.96                       307.07117
                  221.22                        307.3891
                  221.48                       307.12019
                  221.74                       306.44928
                     222                         305.606
                  222.26                       304.69796
                  222.52                       303.64122
                  222.78                       302.23579
                  223.04                       300.33075
                   223.3                       297.95761
                  223.56                       295.33153
                  223.82                       292.72205
                  224.08                       290.29231
                  224.34                       288.02083
                   224.6                       285.75461
                  224.86                       283.35231
                  225.12                       280.81529
                  225.38                       278.31299
                  225.64                       276.08744
                   225.9                       274.30996
                  226.16                       272.99042
                  226.42                        271.9973
                  226.68                       271.17207
                  226.94                       270.46001
                   227.2                       269.96646
                  227.46                        269.8998
                  227.72                       270.44335
                  227.98                       271.64566
                  228.24                       273.40183
                   228.5                       275.53831
                  228.76                       277.94689
                  229.02                        280.6775
                  229.28                       283.92352
                  229.54                       287.90823
                   229.8                       292.75027
                  230.06                        298.3989
                  230.32                       304.68481
                  230.58                       311.46008
                  230.84                       318.73878
                   231.1                        326.7395
                  231.36                       335.79408
                  231.62                       346.18112
                  231.88                       357.99578
                  232.14                       371.14678
                   232.4                       385.49773
                  232.66                        401.0769
                  232.92                       418.21627
                  233.18                       437.50795
                  233.44                       459.58253
                   233.7                       484.83168
                  233.96                         513.236
                  234.22                       544.41436
                  234.48                       577.89014
                  234.74                       613.38453
                     235                       650.81427
                  235.26                       689.78197
                  235.52                       728.72896
                  235.78                        764.3791
                  236.04                       792.30654
                   236.3                       808.82726
                  236.56                       812.88773
                  236.82                       806.10807
                  237.08                       791.06571
                  237.34                       769.74273
                   237.6                       743.38449
                  237.86                       713.29091
                  238.12                       681.34903
                  238.38                       649.72521
                  238.64                       620.11319
                   238.9                       593.22937
                  239.16                       568.85648
                  239.42                        546.3085
                  239.68                       524.99891
                  239.94                       504.78712
                   240.2                       485.94032
                  240.46                       468.81566
                  240.72                       453.52897
                  240.98                       439.82388
                  241.24                       427.19293
                   241.5                       415.15227
                  241.76                       403.48514
                  242.02                       392.29374
                  242.28                       381.83962
                  242.54                       372.30223
                   242.8                       363.62159
                  243.06                        355.5148
                  243.32                       347.64267
                  243.58                       339.80992
                  243.84                       332.06055
                   244.1                        324.6074
                  244.36                       317.65699
                  244.62                       311.25619
                  244.88                       305.25763
                  245.14                       299.41793
                   245.4                       293.55857
                  245.66                       287.67742
                  245.92                       281.93512
                  246.18                       276.53323
                  246.44                       271.57472
                   246.7                       266.99928
                  246.96                       262.63047
                  247.22                       258.29983
                  247.48                       253.96239
                  247.74                       249.72357
                     248                       245.76238
                  248.26                       242.20903
                  248.52                        239.0605
                  248.78                       236.18695
                  249.04                       233.42288
                   249.3                       230.68115
                  249.56                       228.01054
                  249.82                       225.55724
                  250.08                       223.45958
                  250.34                       221.74962
                   250.6                       220.32636
                  250.86                       219.01846
                  251.12                       217.69515
                  251.38                       216.34848
                  251.64                       215.08746
                   251.9                       214.04908
                  252.16                       213.28972
                  252.42                       212.73173
                  252.68                        212.2024
                  252.94                       211.54088
                   253.2                       210.69911
                  253.46                       209.76294
                  253.72                       208.87823
                  253.98                       208.13661
                  254.24                       207.50165
                   254.5                       206.82678
                  254.76                       205.95386
                  255.02                       204.82364
                  255.28                       203.51746
                  255.54                       202.19991
                   255.8                       201.00602
                  256.06                        199.9537
                  256.32                       198.94034
                  256.58                       197.82553
                  256.84                       196.54188
                   257.1                       195.15372
                  257.36                        193.8206
                  257.62                       192.69306
                  257.88                       191.81391
                  258.14                       191.09063
                   258.4                       190.35624
                  258.66                       189.47665
                  258.92                       188.42731
                  259.18                       187.28169
                  259.44                       186.12045
                   259.7                       184.92853
                  259.96                       183.55552
                  260.22                       181.77155
                  260.48                       179.38438
                  260.74                       176.33551
                     261                       172.70697
                  261.26                       168.64154
                  261.52                        164.2441
                  261.78                       159.53666
                  262.04                       154.49174
                   262.3                       149.11038
                  262.56                       143.48196
                  262.82                       137.78196
                  263.08                       132.21316
                  263.34                       126.93275
                   263.6                       122.00948
                  263.86                       117.43145
                  264.12                       113.15482
                  264.38                       109.16189
                  264.64                       105.49201
                   264.9                       102.22734
                  265.16                       99.444864
                  265.42                       97.166701
                  265.68                       95.341547
                  265.94                       93.871132
                   266.2                       92.666486
                  266.46                       91.696675
                  266.72                       90.995706
                  266.98                       90.622286
                  267.24                       90.600634
                   267.5                       90.884282
                  267.76                       91.369775
                  268.02                       91.953193
                  268.28                       92.590945
                  268.54                       93.320798
                   268.8                       94.226645
                  269.06                       95.371485
                  269.32                       96.746005
                  269.58                       98.269444
                  269.84                       99.843701
                   270.1                       101.42398
                  270.36                        103.0551
                  270.62                       104.84515
                  270.88                        106.8936
                  271.14                       109.22408
                   271.4                       111.76882
                  271.66                       114.41698
                  271.92                       117.09585
                  272.18                       119.82865
                  272.44                       122.72546
                   272.7                        125.9104
                  272.96                       129.43499
                  273.22                       133.23773
                  273.48                       137.17943
                  273.74                       141.13525
                     274                       145.08298
                  274.26                       149.12311
                  274.52                       153.41042
                  274.78                       158.04153
                  275.04                       162.97594
                   275.3                       168.04704
                  275.56                       173.06348
                  275.82                       177.93887
                  276.08                       182.75722
                  276.34                       187.71758
                   276.6                       192.98958
                  276.86                       198.57985
                  277.12                       204.30412
                  277.38                       209.89425
                  277.64                       215.17999
                   277.9                       220.21885
                  278.16                       225.26679
                  278.42                       230.59864
                  278.68                       236.30398
                  278.94                       242.20331
                   279.2                       247.95193
                  279.46                        253.2786
                  279.72                       258.19725
                  279.98                       263.02164
                  280.24                       268.15481
                   280.5                       273.80262
                  280.76                       279.81438
                  281.02                       285.76667
                  281.28                       291.25528
                  281.54                       296.20509
                   281.8                       300.95578
                  282.06                        306.0347
                  282.32                       311.77823
                  282.58                        318.0711
                  282.84                       324.38552
                   283.1                       330.12009
                  283.36                       335.02978
                  283.62                       339.41773
                  283.88                       343.90766
                  284.14                       348.95759
                   284.4                       354.47113
                  284.66                       359.77898
                  284.92                         364.036
                  285.18                       366.79799
                  285.44                       368.34007
                   285.7                       369.43165
                  285.96                       370.75047
                  286.22                       372.40727
                  286.48                        373.9282
                  286.74                       374.71986
                     287                       374.70922
                  287.26                       374.66995
                  287.52                       375.96431
                  287.78                       379.91424
                  288.04                       387.24157
                   288.3                       397.85357
                  288.56                       411.02473
                  288.82                       425.89334
                  289.08                       442.03892
                  289.34                       459.76099
                   289.6                       479.79674
                  289.86                       502.61047
                  290.12                       527.70652
                  290.38                       553.47804
                  290.64                       577.93191
                   290.9                       600.03755
                  291.16                       620.61772
                  291.42                       641.79646
                  291.68                       665.32768
                  291.94                        691.0499
                   292.2                       716.55316
                  292.46                        738.5947
                  292.72                       755.64058
                  292.98                       769.34185
                  293.24                       783.27432
                   293.5                       800.03048
                  293.76                       819.00424
                  294.02                       836.35119
                  294.28                       847.56129
                  294.54                       851.20516
                   294.8                       850.33655
                  295.06                       849.93807
                  295.32                       853.04405
                  295.58                       858.65936
                  295.84                        862.5558
                   296.1                       860.63641
                  296.36                       852.62855
                  296.62                       842.60251
                  296.88                       835.83966
                  297.14                       835.21101
                   297.4                       839.51409
                  297.66                       844.24819
                  297.92                        844.6201
                  298.18                       839.11068
                  298.44                       830.35636
                   298.7                       822.36409
                  298.96                       816.86392
                  299.22                       811.67555
                  299.48                       802.08929
                  299.74                       784.63242
                     300                       760.21568

