        Frequency / MHz                S1,1 (8)/abs,dB
----------------------------------------------------------------------
                      40                      -3.6342549
               40.259998                      -3.6743693
                   40.52                      -3.7143377
               40.779999                      -3.7629444
               41.040001                      -3.8316191
               41.299999                       -3.929122
               41.560001                      -4.0579724
                   41.82                      -4.2153095
               42.080002                      -4.3988167
                   42.34                      -4.6155359
               42.599998                      -4.8889486
               42.860001                      -5.2600274
               43.119999                      -5.7813523
               43.380001                      -6.5056805
               43.639999                      -7.4664914
               43.900002                      -8.6353064
                   44.16                      -9.8258629
               44.419998                       -10.58507
                   44.68                      -10.426694
               44.939999                      -9.4518309
               45.200001                       -8.198782
               45.459999                      -7.0444396
               45.720001                      -6.1181643
                   45.98                      -5.4256376
               46.240002                      -4.9269228
                    46.5                      -4.5694138
               46.759998                      -4.3033311
                   47.02                      -4.0910304
               47.279999                      -3.9112863
               47.540001                      -3.7574606
               47.799999                      -3.6308107
               48.060001                      -3.5328487
                   48.32                      -3.4605495
               48.580002                      -3.4059892
                   48.84                      -3.3595219
               49.099998                      -3.3140885
               49.360001                      -3.2678771
               49.619999                      -3.2238303
               49.880001                      -3.1865469
               50.139999                      -3.1587709
               50.400002                       -3.139508
                   50.66                      -3.1246603
               50.919998                      -3.1095085
                   51.18                      -3.0914024
               51.439999                      -3.0710139
               51.700001                       -3.051464
               51.959999                      -3.0360695
               52.220001                      -3.0261997
                   52.48                      -3.0205173
               52.740002                      -3.0159293
                      53                      -3.0095485
               53.259998                      -3.0003942
                   53.52                      -2.9898235
               53.779999                      -2.9804774
               54.040001                      -2.9745373
               54.299999                      -2.9723865
               54.560001                      -2.9724753
                   54.82                      -2.9723675
               55.080002                      -2.9702726
                   55.34                      -2.9660941
               55.599998                      -2.9613713
               55.860001                      -2.9582119
               56.119999                      -2.9579501
               56.380001                      -2.9603597
               56.639999                       -2.963867
               56.900002                      -2.9665794
                   57.16                      -2.9674514
               57.419998                      -2.9668736
                   57.68                      -2.9663436
               57.939999                      -2.9674723
               58.200001                      -2.9709843
               58.459999                      -2.9763055
               58.720001                      -2.9819713
                   58.98                      -2.9865529
               59.240002                      -2.9895146
                    59.5                      -2.9914962
               59.759998                      -2.9938387
                   60.02                      -2.9977303
               60.279999                       -3.003466
               60.540001                      -3.0103027
               60.799999                       -3.016939
               61.060001                      -3.0223211
                   61.32                       -3.026254
               61.580002                      -3.0294702
                   61.84                      -3.0331282
               62.099998                       -3.038079
               62.360001                      -3.0443517
               62.619999                      -3.0511561
               62.880001                      -3.0573845
               63.139999                      -3.0622743
               63.400002                      -3.0658463
                   63.66                      -3.0688484
               63.919998                      -3.0722703
                   64.18                      -3.0767316
               64.440002                      -3.0821285
               64.699997                      -3.0877173
               64.959999                       -3.092588
               65.220001                      -3.0962159
               65.480003                      -3.0987663
               65.739998                      -3.1009833
                      66                      -3.1037391
               66.260002                      -3.1075338
               66.519997                      -3.1122379
               66.779999                      -3.1172205
               67.040001                      -3.1217724
               67.300003                       -3.125563
               67.559998                      -3.1288694
                   67.82                      -3.1324351
               68.080002                      -3.1370729
               68.339996                       -3.143245
               68.599998                      -3.1508653
               68.860001                      -3.1594362
               69.120003                      -3.1684284
               69.379997                      -3.1776631
               69.639999                      -3.1874925
               69.900002                      -3.1986564
               70.160004                      -3.2119309
               70.419998                      -3.2277603
                   70.68                       -3.246103
               70.940002                      -3.2665602
               71.199997                      -3.2887137
               71.459999                      -3.3124687
               71.720001                      -3.3381978
               71.980003                      -3.3666058
               72.239998                      -3.3984119
                    72.5                      -3.4340186
               72.760002                      -3.4733807
               73.019997                      -3.5161255
               73.279999                      -3.5618681
               73.540001                      -3.6105215
               73.800003                      -3.6624242
               74.059998                      -3.7182158
                   74.32                      -3.7785344
               74.580002                      -3.8437142
               74.839996                      -3.9136604
               75.099998                      -3.9879749
               75.360001                      -4.0662534
               75.620003                       -4.148376
               75.879997                      -4.2346297
               76.139999                      -4.3255838
               76.400002                      -4.4217911
               76.660004                      -4.5235009
               76.919998                      -4.6305406
                   77.18                      -4.7424424
               77.440002                      -4.8587348
               77.699997                      -4.9792326
               77.959999                      -5.1041506
               78.220001                      -5.2339695
               78.480003                      -5.3691417
               78.739998                      -5.5097946
                      79                      -5.6556217
               79.260002                      -5.8060108
               79.519997                      -5.9603458
               79.779999                      -6.1183047
               80.040001                      -6.2799609
               80.300003                      -6.4456479
               80.559998                      -6.6156441
                   80.82                       -6.789869
               81.080002                       -6.967772
               81.339996                      -7.1484691
               81.599998                      -7.3310685
               81.860001                      -7.5149731
               82.120003                      -7.6999967
               82.379997                      -7.8862089
               82.639999                      -8.0736077
               82.900002                       -8.261794
               83.160004                      -8.4498564
               83.419998                      -8.6365284
                   83.68                      -8.8205365
               83.940002                      -9.0009401
               84.199997                      -9.1772573
               84.459999                      -9.3493167
               84.720001                      -9.5169089
               84.980003                       -9.679455
               85.239998                      -9.8358843
                    85.5                      -9.9848146
               85.760002                      -10.124932
               86.019997                      -10.255357
               86.279999                      -10.375809
               86.540001                      -10.486446
               86.800003                      -10.587512
               87.059998                      -10.678976
                   87.32                      -10.760391
               87.580002                      -10.831063
               87.839996                      -10.890413
               88.099998                      -10.938358
               88.360001                      -10.975448
               88.620003                      -11.002711
               88.879997                      -11.021267
               89.139999                       -11.03194
               89.400002                      -11.035089
               89.660004                      -11.030727
               89.919998                      -11.018866
                   90.18                      -10.999859
               90.440002                       -10.97457
               90.699997                      -10.944234
               90.959999                      -10.910139
               91.220001                       -10.87329
               91.480003                      -10.834236
               91.739998                      -10.793157
                      92                      -10.750111
               92.260002                      -10.705288
               92.519997                      -10.659119
               92.779999                      -10.612192
               93.040001                      -10.565062
               93.300003                      -10.518088
               93.559998                      -10.471431
                   93.82                       -10.42519
               94.080002                      -10.379594
               94.339996                      -10.335089
               94.599998                      -10.292261
               94.860001                      -10.251619
               95.120003                       -10.21338
               95.379997                      -10.177406
               95.639999                      -10.143336
               95.900002                      -10.110859
               96.160004                      -10.079957
               96.419998                      -10.050973
                   96.68                      -10.024446
               96.940002                      -10.000831
               97.199997                      -9.9802512
               97.459999                      -9.9624499
               97.720001                      -9.9469745
               97.980003                      -9.9334679
               98.239998                       -9.921904
                    98.5                      -9.9126096
               98.760002                      -9.9060688
               99.019997                      -9.9026236
               99.279999                      -9.9022689
               99.540001                      -9.9046537
               99.800003                      -9.9093006
                  100.06                      -9.9159026
                  100.32                      -9.9245032
                  100.58                      -9.9354607
                  100.84                      -9.9492111
                   101.1                      -9.9659806
                  101.36                      -9.9856393
                  101.62                       -10.00776
                  101.88                      -10.031874
                  102.14                      -10.057749
                   102.4                        -10.0855
                  102.66                        -10.1155
                  102.92                       -10.14811
                  103.18                      -10.183421
                  103.44                      -10.221162
                   103.7                      -10.260835
                  103.96                      -10.301976
                  104.22                      -10.344402
                  104.48                      -10.388269
                  104.74                      -10.433913
                     105                      -10.481566
                  105.26                      -10.531148
                  105.52                      -10.582229
                  105.78                      -10.634217
                  106.04                      -10.686623
                   106.3                      -10.739272
                  106.56                       -10.79229
                  106.82                       -10.84591
                  107.08                      -10.900189
                  107.34                      -10.954838
                   107.6                      -11.009246
                  107.86                      -11.062707
                  108.12                      -11.114686
                  108.38                      -11.164971
                  108.64                      -11.213627
                   108.9                      -11.260756
                  109.16                      -11.306241
                  109.42                      -11.349616
                  109.68                      -11.390153
                  109.94                      -11.427103
                   110.2                      -11.459949
                  110.46                       -11.48853
                  110.72                      -11.512938
                  110.98                      -11.533275
                  111.24                      -11.549414
                   111.5                      -11.560926
                  111.76                      -11.567192
                  112.02                      -11.567659
                  112.28                      -11.562074
                  112.54                      -11.550554
                   112.8                      -11.533451
                  113.06                      -11.511111
                  113.32                      -11.483649
                  113.58                      -11.450918
                  113.84                      -11.412645
                   114.1                      -11.368678
                  114.36                      -11.319177
                  114.62                      -11.264634
                  114.88                      -11.205711
                  115.14                      -11.142986
                   115.4                      -11.076781
                  115.66                      -11.007154
                  115.92                      -10.934068
                  116.18                      -10.857629
                  116.44                      -10.778239
                   116.7                      -10.696572
                  116.96                      -10.613381
                  117.22                      -10.529256
                  117.48                      -10.444487
                  117.74                      -10.359081
                     118                      -10.272974
                  118.26                      -10.186242
                  118.52                      -10.099243
                  118.78                      -10.012563
                  119.04                      -9.9268132
                   119.3                      -9.8424158
                  119.56                      -9.7594924
                  119.82                      -9.6779321
                  120.08                      -9.5975861
                  120.34                      -9.5184797
                   120.6                      -9.4408922
                  120.86                      -9.3652782
                  121.12                      -9.2920669
                  121.38                      -9.2214769
                  121.64                      -9.1534546
                   121.9                      -9.0877761
                  122.16                      -9.0242444
                  122.42                       -8.962864
                  122.68                      -8.9038777
                  122.94                      -8.8476493
                   123.2                      -8.7944673
                  123.46                      -8.7443927
                  123.72                      -8.6972469
                  123.98                      -8.6527506
                  124.24                      -8.6107132
                   124.5                       -8.571164
                  124.76                      -8.5343419
                  125.02                      -8.5005458
                  125.28                      -8.4699491
                  125.54                      -8.4424901
                   125.8                      -8.4179137
                  126.06                      -8.3959258
                  126.32                      -8.3763707
                  126.58                      -8.3593186
                  126.84                      -8.3449939
                   127.1                      -8.3336138
                  127.36                       -8.325226
                  127.62                      -8.3196537
                  127.88                      -8.3165748
                  128.14                      -8.3156959
               128.39999                      -8.3168902
                  128.66                      -8.3202252
                  128.92                      -8.3258716
               129.17999                      -8.3339661
                  129.44                      -8.3445466
                   129.7                      -8.3576079
               129.96001                       -8.373262
                  130.22                      -8.3918745
                  130.48                      -8.4140639
               130.74001                      -8.4405104
                     131                      -8.4716504
               131.25999                      -8.5074104
                  131.52                      -8.5471471
                  131.78                      -8.5898413
               132.03999                      -8.6344749
                   132.3                      -8.6804079
                  132.56                      -8.7275457
               132.82001                      -8.7762298
                  133.08                      -8.8269053
                  133.34                      -8.8797836
               133.60001                      -8.9346678
                  133.86                      -8.9910558
                  134.12                      -9.0484339
                  134.38                       -9.106567
                  134.64                      -9.1656072
               134.89999                      -9.2259479
                  135.16                      -9.2879136
                  135.42                       -9.351475
               135.67999                      -9.4161812
                  135.94                      -9.4813416
                   136.2                      -9.5463718
               136.46001                      -9.6110605
                  136.72                      -9.6756129
                  136.98                      -9.7404166
               137.24001                      -9.8056787
                   137.5                      -9.8711556
               137.75999                       -9.936153
                  138.02                       -9.999805
                  138.28                      -10.061472
               138.53999                      -10.121013
                   138.8                      -10.178754
                  139.06                      -10.235152
               139.32001                      -10.290361
                  139.58                      -10.343957
                  139.84                      -10.395021
               140.10001                      -10.442531
                  140.36                       -10.48586
                  140.62                      -10.525072
                  140.88                      -10.560802
                  141.14                      -10.593784
               141.39999                      -10.624281
                  141.66                      -10.651774
                  141.92                      -10.675105
               142.17999                      -10.693065
                  142.44                      -10.705087
                   142.7                      -10.711652
               142.96001                      -10.714114
                  143.22                       -10.71401
                  143.48                      -10.712154
               143.74001                       -10.70805
                     144                      -10.699944
               144.25999                      -10.685568
                  144.52                      -10.663262
                  144.78                      -10.632909
               145.03999                      -10.596194
                   145.3                      -10.556041
                  145.56                      -10.515448
               145.82001                      -10.476345
                  146.08                      -10.438929
                  146.34                      -10.401798
               146.60001                      -10.362753
                  146.86                      -10.319877
                  147.12                      -10.272381
                  147.38                      -10.220835
                  147.64                      -10.166756
               147.89999                      -10.111809
                  148.16                       -10.05709
                  148.42                      -10.002805
               148.67999                      -9.9484597
                  148.94                      -9.8933496
                   149.2                      -9.8370955
               149.46001                      -9.7798919
                  149.72                      -9.7224064
                  149.98                       -9.665416
               150.24001                      -9.6094422
                   150.5                       -9.554561
               150.75999                      -9.5005041
                  151.02                      -9.4469225
                  151.28                      -9.3936685
               151.53999                      -9.3409197
                   151.8                      -9.2890874
                  152.06                      -9.2386025
               152.32001                      -9.1897039
                  152.58                      -9.1423617
                  152.84                      -9.0963633
               153.10001                      -9.0514901
                  153.36                      -9.0076846
                  153.62                      -8.9650918
                  153.88                      -8.9239753
                  154.14                      -8.8845714
               154.39999                      -8.8469642
                  154.66                      -8.8110633
                  154.92                      -8.7766874
               155.17999                      -8.7436867
                  155.44                      -8.7120389
                   155.7                      -8.6818507
               155.96001                      -8.6532856
                  156.22                      -8.6264555
                  156.48                      -8.6013518
               156.74001                      -8.5778519
                     157                      -8.5557934
               157.25999                      -8.5350586
                  157.52                      -8.5156278
                  157.78                      -8.4975626
               158.03999                      -8.4809398
                   158.3                       -8.465776
                  158.56                        -8.45199
               158.82001                      -8.4394255
                  159.08                      -8.4279102
                  159.34                       -8.417317
               159.60001                      -8.4075864
                  159.86                      -8.3987033
                  160.12                      -8.3906383
                  160.38                      -8.3832976
                  160.64                      -8.3764984
               160.89999                      -8.3700024
                  161.16                       -8.363559
                  161.42                      -8.3569476
               161.67999                      -8.3499869
                  161.94                      -8.3424975
                   162.2                      -8.3342594
               162.46001                      -8.3249701
                  162.72                      -8.3142348
                  162.98                      -8.3015969
               163.24001                      -8.2865747
                   163.5                      -8.2686879
               163.75999                      -8.2474529
                  164.02                      -8.2223526
                  164.28                      -8.1927911
               164.53999                      -8.1580761
                   164.8                      -8.1174275
                  165.06                      -8.0700138
               165.32001                      -8.0150017
                  165.58                      -7.9515926
                  165.84                      -7.8790393
               166.10001                      -7.7966512
                  166.36                       -7.703822
                  166.62                      -7.6000831
                  166.88                      -7.4852072
                  167.14                      -7.3593335
               167.39999                      -7.2231009
                  167.66                      -7.0777664
                  167.92                      -6.9252989
               168.17999                      -6.7684476
                  168.44                      -6.6107744
                   168.7                      -6.4566231
               168.96001                      -6.3109966
                  169.22                      -6.1793069
                  169.48                      -6.0670091
               169.74001                      -5.9791492
                     170                      -5.9199017
               170.25999                      -5.8921701
                  170.52                       -5.897318
                  170.78                       -5.935098
               171.03999                      -6.0037529
                   171.3                      -6.1003103
                  171.56                      -6.2209765
               171.82001                      -6.3615761
                  172.08                      -6.5179367
                  172.34                      -6.6861613
               172.60001                       -6.862766
                  172.86                      -7.0447202
                  173.12                      -7.2294254
                  173.38                      -7.4147019
                  173.64                       -7.598798
               173.89999                      -7.7803853
                  174.16                      -7.9585445
                  174.42                      -8.1326652
               174.67999                      -8.3023303
                  174.94                      -8.4671887
                   175.2                       -8.626898
               175.46001                      -8.7811468
                  175.72                      -8.9297195
                  175.98                      -9.0725574
               176.24001                      -9.2097526
                   176.5                      -9.3414647
               176.75999                      -9.4677989
                  177.02                      -9.5887315
                  177.28                      -9.7041024
               177.53999                      -9.8137309
                   177.8                      -9.9175285
                  178.06                      -10.015577
               178.32001                      -10.108093
                  178.58                        -10.1953
                  178.84                      -10.277291
               179.10001                      -10.353956
                  179.36                      -10.425058
                  179.62                      -10.490386
                  179.88                      -10.549911
                  180.14                      -10.603847
               180.39999                      -10.652548
                  180.66                       -10.69632
                  180.92                      -10.735252
               181.17999                       -10.76918
                  181.44                      -10.797825
                   181.7                      -10.821028
               181.96001                      -10.838929
                  182.22                      -10.851982
                  182.48                      -10.860767
               182.74001                      -10.865709
                     183                      -10.866877
               183.25999                      -10.864002
                  183.52                       -10.85672
                  183.78                       -10.84492
               184.03999                      -10.828965
                   184.3                      -10.809641
                  184.56                      -10.787822
               184.82001                      -10.764035
                  185.08                       -10.73817
                  185.34                      -10.709567
               185.60001                      -10.677445
                  185.86                      -10.641501
                  186.12                      -10.602328
                  186.38                      -10.561379
                  186.64                      -10.520457
               186.89999                      -10.480942
                  187.16                      -10.443145
                  187.42                       -10.40613
               187.67999                        -10.3681
                  187.94                      -10.327235
                   188.2                      -10.282523
               188.46001                      -10.234243
                  188.72                      -10.183812
                  188.98                      -10.133128
               189.24001                       -10.08376
                   189.5                      -10.036359
               189.75999                      -9.9905883
                  190.02                      -9.9455088
                  190.28                      -9.9002127
               190.53999                      -9.8543226
                   190.8                      -9.8081393
                  191.06                      -9.7623994
               191.32001                      -9.7178218
                  191.58                      -9.6747365
                  191.84                      -9.6329776
               192.10001                      -9.5920877
                  192.36                      -9.5516501
                  192.62                      -9.5115705
                  192.88                      -9.4721254
                  193.14                      -9.4337823
               193.39999                      -9.3969167
                  193.66                      -9.3616138
                  193.92                      -9.3276651
               194.17999                      -9.2947383
                  194.44                      -9.2626138
                   194.7                      -9.2313283
               194.96001                      -9.2011441
                  195.22                      -9.1723818
                  195.48                      -9.1452241
               195.74001                      -9.1196215
                     196                      -9.0953446
               196.25999                      -9.0721538
                  196.52                       -9.049952
                  196.78                      -9.0288444
               197.03999                       -9.009067
                   197.3                      -8.9908287
                  197.56                      -8.9741807
               197.82001                      -8.9589946
                  198.08                      -8.9450536
                  198.34                      -8.9321977
               198.60001                       -8.920416
                  198.86                      -8.9098537
                  199.12                      -8.9007012
                  199.38                      -8.8930666
                  199.64                      -8.8869091
               199.89999                      -8.8820616
                  200.16                      -8.8783385
                  200.42                      -8.8756537
               200.67999                      -8.8740595
                  200.94                      -8.8737046
                   201.2                      -8.8747231
               201.46001                      -8.8771374
                  201.72                      -8.8808385
                  201.98                      -8.8856499
               202.24001                      -8.8914318
                   202.5                      -8.8981624
               202.75999                      -8.9059314
                  203.02                      -8.9148666
                  203.28                      -8.9250394
               203.53999                      -8.9363971
                   203.8                      -8.9487894
                  204.06                      -8.9620556
               204.32001                      -8.9761079
                  204.58                      -8.9909762
                  204.84                      -9.0067671
               205.10001                      -9.0235741
                  205.36                      -9.0414012
                  205.62                      -9.0601406
                  205.88                      -9.0796329
                  206.14                      -9.0997515
               206.39999                      -9.1204692
                  206.66                      -9.1418589
                  206.92                       -9.164027
               207.17999                      -9.1870261
                  207.44                      -9.2108102
                   207.7                      -9.2352477
               207.96001                      -9.2601982
                  208.22                      -9.2855956
                  208.48                      -9.3114808
               208.74001                       -9.337964
                     209                      -9.3651503
               209.25999                      -9.3930622
                  209.52                      -9.4216297
                  209.78                      -9.4507327
               210.03999                      -9.4802889
                   210.3                      -9.5103168
                  210.56                      -9.5409299
               210.82001                      -9.5722828
                  211.08                      -9.6044858
                  211.34                      -9.6375593
               211.60001                      -9.6714447
                  211.86                       -9.706082
                  212.12                      -9.7414866
                  212.38                       -9.777801
                  212.64                      -9.8152579
               212.89999                      -9.8541035
                  213.16                       -9.894508
                  213.42                       -9.936509
               213.67999                      -9.9800274
                  213.94                      -10.024917
                   214.2                      -10.071038
               214.46001                      -10.118288
                  214.72                      -10.166611
                  214.98                      -10.215976
               215.24001                       -10.26637
                   215.5                      -10.317813
               215.75999                       -10.37039
                  216.02                      -10.424264
                  216.28                      -10.479664
               216.53999                       -10.53681
                   216.8                      -10.595846
                  217.06                      -10.656793
               217.32001                      -10.719554
                  217.58                       -10.78399
                  217.84                      -10.849998
               218.10001                      -10.917565
                  218.36                      -10.986748
                  218.62                      -11.057611
                  218.88                       -11.13014
                  219.14                      -11.204196
               219.39999                      -11.279558
                  219.66                      -11.355985
                  219.92                      -11.433306
               220.17999                      -11.511453
                  220.44                      -11.590412
                   220.7                      -11.670147
               220.96001                      -11.750512
                  221.22                      -11.831235
                  221.48                      -11.911977
               221.74001                      -11.992423
                     222                      -12.072362
               222.25999                      -12.151687
                  222.52                      -12.230326
                  222.78                      -12.308134
               223.03999                      -12.384833
                   223.3                      -12.460017
                  223.56                      -12.533247
               223.82001                      -12.604161
                  224.08                      -12.672541
                  224.34                      -12.738279
               224.60001                      -12.801279
                  224.86                      -12.861336
                  225.12                      -12.918087
                  225.38                      -12.971066
                  225.64                      -13.019824
               225.89999                      -13.064057
                  226.16                      -13.103637
                  226.42                      -13.138555
               226.67999                      -13.168772
                  226.94                      -13.194103
                   227.2                      -13.214195
               227.46001                      -13.228627
                  227.72                      -13.237067
                  227.98                      -13.239403
               228.24001                      -13.235748
                   228.5                      -13.226317
               228.75999                      -13.211254
                  229.02                        -13.1905
                  229.28                      -13.163806
               229.53999                      -13.130894
                   229.8                      -13.091655
                  230.06                      -13.046287
               230.32001                      -12.995252
                  230.58                      -12.939094
                  230.84                      -12.878181
               231.10001                      -12.812566
                  231.36                       -12.74203
                  231.62                      -12.666326
                  231.88                      -12.585474
                  232.14                      -12.499954
               232.39999                      -12.410656
                  232.66                      -12.318599
                  232.92                       -12.22454
               233.17999                      -12.128682
                  233.44                      -12.030651
                   233.7                      -11.929737
               233.96001                       -11.82533
                  234.22                        -11.7173
                  234.48                      -11.606177
               234.74001                      -11.492996
                     235                      -11.378943
               235.25999                       -11.26494
                  235.52                      -11.151396
                  235.78                      -11.038211
               236.03999                      -10.925003
                   236.3                      -10.811428
                  236.56                      -10.697414
               236.82001                      -10.583226
                  237.08                       -10.46933
                  237.34                      -10.356185
               237.60001                      -10.244062
                  237.86                      -10.132998
                  238.12                      -10.022884
                  238.38                      -9.9136127
                  238.64                      -9.8052025
               238.89999                      -9.6978182
                  239.16                      -9.5917048
                  239.42                       -9.487071
               239.67999                      -9.3840089
                  239.94                      -9.2824902
                   240.2                      -9.1824283
               240.46001                      -9.0837678
                  240.72                      -8.9865399
                  240.98                      -8.8908514
               241.24001                      -8.7968367
                   241.5                      -8.7045769
               241.75999                      -8.6140741
                  242.02                      -8.5252675
                  242.28                      -8.4380829
               242.53999                      -8.3524885
                   242.8                      -8.2685151
                  243.06                      -8.1862326
               243.32001                      -8.1057011
                  243.58                      -8.0269333
                  243.84                       -7.949891
               244.10001                      -7.8745038
                  244.36                      -7.8007176
                  244.62                      -7.7285187
                  244.88                      -7.6579346
                  245.14                      -7.5890031
               245.39999                      -7.5217414
                  245.66                      -7.4561245
                  245.92                      -7.3920976
               246.17999                      -7.3296022
                  246.44                      -7.2686035
                   246.7                      -7.2091022
               246.96001                       -7.151118
                  247.22                      -7.0946654
                  247.48                      -7.0397318
               247.74001                      -6.9862782
                     248                      -6.9342477
               248.25999                      -6.8836035
                  248.52                      -6.8343266
                  248.78                       -6.786425
               249.03999                      -6.7399085
                   249.3                      -6.6947729
                  249.56                      -6.6509903
               249.82001                      -6.6085168
                  250.08                      -6.5673111
                  250.34                      -6.5273505
               250.60001                      -6.4886309
                  250.86                        -6.45116
                  251.12                      -6.4149376
                  251.38                      -6.3799449
                  251.64                      -6.3461487
               251.89999                       -6.313511
                  252.16                      -6.2820078
                  252.42                      -6.2516288
               252.67999                      -6.2223778
                  252.94                      -6.1942573
                   253.2                      -6.1672556
               253.46001                      -6.1413486
                  253.72                      -6.1165051
                  253.98                      -6.0926992
               254.24001                      -6.0699194
                   254.5                      -6.0481663
               254.75999                      -6.0274443
                  255.02                      -6.0077462
                  255.28                      -5.9890544
               255.53999                      -5.9713442
                   255.8                      -5.9545918
                  256.06                       -5.938784
               256.32001                      -5.9239201
               256.57999                      -5.9100056
                  256.84                      -5.8970358
               257.10001                      -5.8849997
               257.35999                      -5.8738757
                  257.62                      -5.8636428
                  257.88                      -5.8542887
               258.14001                      -5.8458143
               258.39999                      -5.8382199
                  258.66                      -5.8315083
               258.92001                      -5.8256706
               259.17999                      -5.8206883
                  259.44                      -5.8165438
               259.70001                      -5.8132244
               259.95999                      -5.8107271
                  260.22                      -5.8090587
               260.48001                      -5.8082203
               260.73999                      -5.8082051
                     261                      -5.8090001
               261.26001                      -5.8105878
               261.51999                      -5.8129554
                  261.78                      -5.8161011
               262.04001                      -5.8200292
               262.29999                      -5.8247453
                  262.56                      -5.8302468
               262.82001                      -5.8365218
               263.07999                      -5.8435527
                  263.34                      -5.8513286
               263.60001                      -5.8598464
               263.85999                      -5.8691116
                  264.12                      -5.8791317
                  264.38                      -5.8899088
               264.64001                      -5.9014306
               264.89999                      -5.9136826
                  265.16                      -5.9266511
               265.42001                       -5.940331
               265.67999                      -5.9547283
                  265.94                      -5.9698522
               266.20001                      -5.9857063
               266.45999                      -6.0022824
                  266.72                      -6.0195634
               266.98001                      -6.0375316
               267.23999                      -6.0561784
                   267.5                      -6.0755072
               267.76001                      -6.0955283
               268.01999                      -6.1162447
                  268.28                      -6.1376514
               268.54001                      -6.1597266
               268.79999                      -6.1824476
                  269.06                      -6.2058005
               269.32001                      -6.2297817
               269.57999                      -6.2543971
                  269.84                      -6.2796524
               270.10001                      -6.3055417
               270.35999                      -6.3320431
                  270.62                      -6.3591294
                  270.88                      -6.3867796
               271.14001                      -6.4149889
               271.39999                      -6.4437683
                  271.66                      -6.4731362
               271.92001                      -6.5031047
               272.17999                      -6.5336699
                  272.44                      -6.5648195
               272.70001                      -6.5965401
               272.95999                      -6.6288283
                  273.22                      -6.6616895
               273.48001                      -6.6951343
               273.73999                      -6.7291556
                     274                      -6.7637231
               274.26001                      -6.7987878
               274.51999                      -6.8342925
                  274.78                      -6.8701926
               275.04001                      -6.9064619
               275.29999                      -6.9430923
                  275.56                      -6.9800733
               275.82001                      -7.0173782
               276.07999                      -7.0549619
                  276.34                      -7.0927638
               276.60001                        -7.13073
               276.85999                      -7.1688283
                  277.12                       -7.207045
                  277.38                       -7.245371
               277.64001                      -7.2837826
               277.89999                      -7.3222313
                  278.16                      -7.3606481
               278.42001                      -7.3989605
               278.67999                      -7.4371128
                  278.94                      -7.4750733
               279.20001                      -7.5128238
               279.45999                      -7.5503395
                  279.72                      -7.5875689
               279.98001                      -7.6244327
               280.23999                      -7.6608404
                   280.5                      -7.6967122
               280.76001                      -7.7319944
               281.01999                      -7.7666549
                  281.28                      -7.8006696
               281.54001                      -7.8339879
               281.79999                      -7.8665331
                  282.06                      -7.8982019
               282.32001                      -7.9288968
               282.57999                      -7.9585445
                  282.84                      -7.9871052
               283.10001                      -8.0145524
               283.35999                      -8.0408546
                  283.62                      -8.0659475
                  283.88                      -8.0897376
               284.14001                       -8.112124
               284.39999                      -8.1330251
                  284.66                      -8.1523986
               284.92001                       -8.170233
               285.17999                       -8.186525
                  285.44                      -8.2012486
               285.70001                      -8.2143445
               285.95999                       -8.225734
                  286.22                       -8.235351
               286.48001                      -8.2431668
               286.73999                      -8.2492004
                     287                      -8.2534923
               287.26001                      -8.2560799
               287.51999                      -8.2569671
                  287.78                      -8.2561298
               288.04001                      -8.2535447
               288.29999                        -8.24922
                  288.56                      -8.2432156
               288.82001                      -8.2356369
               289.07999                      -8.2265972
                  289.34                      -8.2161894
               289.60001                       -8.204472
               289.85999                      -8.1914889
                  290.12                      -8.1773017
                  290.38                      -8.1620221
               290.64001                      -8.1458149
               290.89999                      -8.1288727
                  291.16                      -8.1113729
               291.42001                      -8.0934566
               291.67999                      -8.0752243
                  291.94                      -8.0567678
               292.20001                      -8.0382027
               292.45999                      -8.0196786
                  292.72                      -8.0013531
               292.98001                      -7.9833468
               293.23999                      -7.9656822
                   293.5                       -7.948258
               293.76001                      -7.9308368
               294.01999                      -7.9130516
                  294.28                      -7.8943792
               294.54001                      -7.8740841
               294.79999                      -7.8511071
                  295.06                      -7.8239567
               295.32001                      -7.7906091
               295.57999                      -7.7484762
                  295.84                      -7.6944409
               296.10001                      -7.6249752
               296.35999                      -7.5363666
                  296.62                       -7.425075
                  296.88                      -7.2882473
               297.14001                       -7.124342
               297.39999                      -6.9337363
                  297.66                      -6.7190971
               297.92001                      -6.4853316
               298.17999                      -6.2390558
                  298.44                      -5.9877063
               298.70001                      -5.7385373
               298.95999                       -5.497771
                  299.22                      -5.2700609
               299.48001                      -5.0583371
               299.73999                      -4.8639502
                     300                      -4.6869979

