        Frequency / MHz                Port 1 [1] (Mesh Pass=5)/arg,degrees
----------------------------------------------------------------------
                      40                      -2.6495966
                   40.26                      -9.4358211
                   40.52                        -15.9831
                   40.78                      -22.130868
                   41.04                      -27.769565
                    41.3                      -32.846324
                   41.56                      -37.358233
                   41.82                      -41.337254
                   42.08                      -44.833069
                   42.34                      -47.899278
                    42.6                      -50.585621
                   42.86                      -52.935913
                   43.12                      -54.989297
                   43.38                      -56.782018
                   43.64                      -58.347838
                    43.9                      -59.716853
                   44.16                      -60.913731
                   44.42                      -61.956767
                   44.68                      -62.858588
                   44.94                      -63.628234
                    45.2                      -64.273466
                   45.46                      -64.802047
                   45.72                      -65.221354
                   45.98                      -65.536699
                   46.24                      -65.749475
                    46.5                      -65.856296
                   46.76                      -65.849597
                   47.02                      -65.719192
                   47.28                      -65.453555
                   47.54                      -65.039615
                    47.8                      -64.460604
                   48.06                      -63.692524
                   48.32                      -62.700549
                   48.58                      -61.436623
                   48.84                      -59.838757
                    49.1                      -57.831529
                   49.36                      -55.326976
                   49.62                      -52.226312
                   49.88                       -48.42624
                   50.14                      -43.838722
                    50.4                      -38.436572
                   50.66                       -32.32973
                   50.92                      -25.845467
                   51.18                       -19.54165
                   51.44                      -14.093265
                    51.7                      -10.101128
                   51.96                      -7.9538696
                   52.22                      -7.8028553
                   52.48                      -9.5948639
                   52.74                      -13.093971
                      53                      -17.887367
                   53.26                      -23.423207
                   53.52                      -29.115681
                   53.78                      -34.479707
                   54.04                      -39.214523
                    54.3                      -43.200863
                   54.56                      -46.443808
                   54.82                      -49.009282
                   55.08                      -50.979426
                   55.34                      -52.429737
                    55.6                       -53.42138
                   55.86                      -54.001113
                   56.12                      -54.203222
                   56.38                      -54.050475
                   56.64                      -53.553288
                    56.9                      -52.707818
                   57.16                      -51.494181
                   57.42                      -49.875621
                   57.68                      -47.798564
                   57.94                      -45.192777
                    58.2                      -41.971023
                   58.46                      -38.029002
                   58.72                      -33.249211
                   58.98                      -27.515917
                   59.24                      -20.750518
                    59.5                      -12.971312
                   59.76                      -4.3607651
                   60.02                        4.708472
                   60.28                       13.740124
                   60.54                       22.258032
                    60.8                        29.93408
                   61.06                       36.626052
                   61.32                       42.337508
                   61.58                       47.154502
                   61.84                       51.195642
                    62.1                       54.583034
                   62.36                       57.428373
                   62.62                       59.827449
                   62.88                       61.858917
                   63.14                       63.585357
                    63.4                       65.055659
                   63.66                       66.308008
                   63.92                       67.372758
                   64.18                       68.274638
                   64.44                       69.034055
                    64.7                       69.667609
                   64.96                       70.188209
                   65.22                       70.605205
                   65.48                        70.92477
                   65.74                       71.150527
                      66                       71.284181
                   66.26                        71.32589
                   66.52                       71.274176
                   66.78                       71.125411
                   67.04                       70.873044
                    67.3                       70.506763
                   67.56                       70.011709
                   67.82                       69.367602
                   68.08                       68.547457
                   68.34                       67.515363
                    68.6                       66.222748
                   68.86                       64.602402
                   69.12                       62.559303
                   69.38                       59.956751
                   69.64                       56.595463
                    69.9                       52.182871
                   70.16                       46.293211
                   70.42                       38.338574
                   70.68                        27.64043
                   70.94                        13.83045
                    71.2                      -2.2925687
                   71.46                      -18.427393
                   71.72                      -32.262455
                   71.98                       -42.98367
                   72.24                      -50.953959
                    72.5                      -56.853057
                   72.76                      -61.271055
                   73.02                      -64.634713
                   73.28                      -67.236296
                   73.54                      -69.274098
                    73.8                      -70.883769
                   74.06                      -72.159527
                   74.32                       -73.16792
                   74.58                        -73.9566
                   74.84                      -74.559835
                    75.1                      -75.001954
                   75.36                      -75.299536
                   75.62                      -75.462851
                   75.88                      -75.496863
                   76.14                      -75.401881
                    76.4                      -75.173868
                   76.66                      -74.804338
                   76.92                      -74.279784
                   77.18                      -73.580614
                   77.44                      -72.679584
                    77.7                      -71.539674
                   77.96                      -70.111308
                   78.22                      -68.328693
                   78.48                      -66.105066
                   78.74                       -63.32684
                      79                      -59.847523
                   79.26                      -55.484529
                   79.52                      -50.027029
                   79.78                        -43.2716
                   80.04                      -35.109536
                    80.3                      -25.671377
                   80.56                      -15.454086
                   80.82                      -5.2653529
                   81.08                       4.0735216
                   81.34                       12.037097
                    81.6                        18.47192
                   81.86                       23.477669
                   82.12                       27.260469
                   82.38                       30.041455
                   82.64                       32.018677
                    82.9                       33.358395
                   83.16                       34.198174
                   83.42                       34.652949
                   83.68                       34.820611
                   83.94                       34.786031
                    84.2                        34.62351
                   84.46                       34.397885
                   84.72                       34.164628
                   84.98                       33.969278
                   85.24                       33.846548
                    85.5                       33.819507
                   85.76                       33.899245
                   86.02                       34.085304
                   86.28                       34.366973
                   86.54                       34.725253
                    86.8                       35.135154
                   87.06                       35.567925
                   87.32                       35.992948
                   87.58                       36.379199
                   87.84                       36.696302
                    88.1                       36.915248
                   88.36                       37.008819
                   88.62                       36.951684
                   88.88                       36.720162
                   89.14                       36.291674
                    89.4                       35.644017
                   89.66                       34.754647
                   89.92                       33.600162
                   90.18                       32.156147
                   90.44                       30.397461
                    90.7                       28.299033
                   90.96                       25.837254
                   91.22                       22.992152
                   91.48                       19.750573
                   91.74                       16.110494
                      92                       12.086188
                   92.26                       7.7133107
                   92.52                        3.052211
                   92.78                      -1.8125082
                   93.04                      -6.7774594
                    93.3                      -11.730546
                   93.56                      -16.563253
                   93.82                      -21.181799
                   94.08                      -25.514451
                   94.34                      -29.514052
                    94.6                      -33.156485
                   94.86                       -36.43662
                   95.12                      -39.363287
                   95.38                       -41.95437
                   95.64                       -44.23265
                    95.9                      -46.222646
                   96.16                      -47.948474
                   96.42                        -49.4326
                   96.68                      -50.695242
                   96.94                      -51.754171
                    97.2                      -52.624691
                   97.46                       -53.31965
                   97.72                      -53.849432
                   97.98                      -54.221962
                   98.24                      -54.442744
                    98.5                      -54.514971
                   98.76                       -54.43966
                   99.02                       -54.21576
                   99.28                       -53.84017
                   99.54                      -53.307635
                    99.8                       -52.61055
                  100.06                      -51.738742
                  100.32                      -50.679288
                  100.58                      -49.416429
                  100.84                      -47.931575
                   101.1                      -46.203415
                  101.36                      -44.208157
                  101.62                      -41.920024
                  101.88                      -39.312252
                  102.14                      -36.358917
                   102.4                      -33.037926
                  102.66                      -29.335365
                  102.92                      -25.251079
                  103.18                      -20.804771
                  103.44                      -16.041284
                   103.7                       -11.03311
                  103.96                      -5.8782384
                  104.22                      -0.6924374
                  104.48                       4.4029948
                  104.74                           9.295
                     105                       13.890301
                  105.26                       18.121958
                  105.52                       21.950289
                  105.78                       25.359383
                  106.04                       28.351319
                   106.3                       30.940022
                  106.56                       33.145973
                  106.82                       34.992282
                  107.08                       36.502056
                  107.34                       37.696811
                   107.6                       38.595562
                  107.86                       39.214374
                  108.12                       39.566184
                  108.38                       39.660876
                  108.64                       39.505555
                   108.9                       39.105037
                  109.16                       38.462512
                  109.42                       37.580346
                  109.68                          36.461
                  109.94                       35.108064
                   110.2                       33.527426
                  110.46                       31.728596
                  110.72                       29.726135
                  110.98                       27.541033
                  111.24                       25.201783
                   111.5                       22.744808
                  111.76                       20.213961
                  112.02                       17.658973
                  112.28                        15.13298
                  112.54                       12.689483
                   112.8                       10.379215
                  113.06                       8.2473756
                  113.32                       6.3315302
                  113.58                       4.6603222
                  113.84                       3.2529722
                   114.1                       2.1194614
                  114.36                       1.2612233
                  114.62                      0.67214657
                  114.88                      0.33968762
                  115.14                      0.24592592
                   115.4                      0.36845956
                  115.66                      0.68112283
                  115.92                       1.1545794
                  116.18                       1.7568801
                  116.44                       2.4540612
                   116.7                       3.2108117
                  116.96                       3.9911796
                  117.22                       4.7592544
                  117.48                        5.479756
                  117.74                       6.1184873
                     118                       6.6426328
                  118.26                       7.0209158
                  118.52                       7.2236334
                  118.78                       7.2226046
                  119.04                       6.9910837
                   119.3                       6.5037198
                  119.56                       5.7366685
                  119.82                        4.667985
                  120.08                       3.2784172
                  120.34                       1.5526939
                   120.6                     -0.51865467
                  120.86                       -2.936999
                  121.12                      -5.6930281
                  121.38                        -8.76427
                  121.64                      -12.113317
                   121.9                      -15.687493
                  122.16                      -19.420621
                  122.42                      -23.237127
                  122.68                      -27.058021
                  122.94                      -30.807627
                   123.2                      -34.419594
                  123.46                      -37.841014
                  123.72                      -41.034123
                  123.98                      -43.975808
                  124.24                       -46.65561
                   124.5                      -49.072997
                  124.76                      -51.234562
                  125.02                      -53.151498
                  125.28                      -54.837535
                  125.54                      -56.307352
                   125.8                       -57.57542
                  126.06                       -58.65521
                  126.32                      -59.558694
                  126.58                       -60.29605
                  126.84                      -60.875515
                   127.1                      -61.303298
                  127.36                        -61.5835
                  127.62                       -61.71802
                  127.88                       -61.70641
                  128.14                      -61.545696
                   128.4                      -61.230154
                  128.66                       -60.75103
                  128.92                      -60.096187
                  129.18                      -59.249638
                  129.44                      -58.190954
                   129.7                      -56.894527
                  129.96                      -55.328746
                  130.22                       -53.45516
                  130.48                      -51.227827
                  130.74                      -48.593196
                     131                      -45.491095
                  131.26                      -41.857817
                  131.52                      -37.632694
                  131.78                       -32.76983
                  132.04                      -27.255893
                   132.3                      -21.132222
                  132.56                      -14.514233
                  132.82                      -7.5959728
                  133.08                      -0.6289718
                  133.34                       6.1228553
                   133.6                       12.433963
                  133.86                       18.150911
                  134.12                       23.199042
                  134.38                       27.568321
                  134.64                         31.2912
                   134.9                       34.422272
                  135.16                       37.023705
                  135.42                       39.156491
                  135.68                       40.875966
                  135.94                       42.230037
                   136.2                       43.258902
                  136.46                       43.995519
                  136.72                       44.466408
                  136.98                       44.692542
                  137.24                       44.690231
                   137.5                       44.471917
                  137.76                       44.046891
                  138.02                        43.42193
                  138.28                       42.601886
                  138.54                       41.590273
                   138.8                       40.389877
                  139.06                       39.003424
                  139.32                       37.434296
                  139.58                       35.687294
                  139.84                       33.769411
                   140.1                        31.69058
                  140.36                       29.464348
                  140.62                       27.108406
                  140.88                       24.644883
                  141.14                       22.100334
                   141.4                       19.505318
                  141.66                       16.893577
                  141.92                       14.300833
                  142.18                       11.763359
                  142.44                       9.3164757
                   142.7                       6.9931908
                  142.96                       4.8231139
                  143.22                       2.8317525
                  143.48                       1.0401991
                  143.74                     -0.53483209
                     144                      -1.8807119
                  144.26                      -2.9884559
                  144.52                      -3.8522454
                  144.78                      -4.4689966
                  145.04                      -4.8380282
                   145.3                      -4.9608509
                  145.56                      -4.8410773
                  145.82                      -4.4844495
                  146.08                       -3.898984
                  146.34                      -3.0952379
                   146.6                      -2.0866838
                  146.86                     -0.89014922
                  147.12                      0.47376867
                  147.38                       1.9804329
                  147.64                       3.6011601
                   147.9                       5.3035503
                  148.16                       7.0521527
                  148.42                        8.809387
                  148.68                       10.536593
                  148.94                       12.195068
                   149.2                       13.746986
                  149.46                       15.156116
                  149.72                       16.388287
                  149.98                       17.411571
                  150.24                       18.196158
                   150.5                       18.713932
                  150.76                       18.937802
                  151.02                       18.840909
                  151.28                       18.395862
                  151.54                       17.574235
                   151.8                       16.346561
                  152.06                       14.683121
                  152.32                       12.555838
                  152.58                       9.9416149
                  152.84                       6.8273578
                   153.1                       3.2165955
                  153.36                      -0.8630642
                  153.62                      -5.3534514
                  153.88                      -10.163099
                  154.14                      -15.171049
                   154.4                       -20.23826
                  154.66                      -25.224455
                  154.92                       -30.00546
                  155.18                      -34.485782
                  155.44                      -38.603653
                   155.7                      -42.329076
                  155.96                      -45.657563
                  156.22                      -48.602474
                  156.48                      -51.187991
                  156.74                      -53.443642
                     157                      -55.400481
                  157.26                      -57.088665
                  157.52                      -58.536058
                  157.78                      -59.767544
                  158.04                      -60.804798
                   158.3                      -61.666335
                  158.56                      -62.367725
                  158.82                      -62.921852
                  159.08                      -63.339181
                  159.34                      -63.627985
                   159.6                      -63.794525
                  159.86                        -63.8432
                  160.12                      -63.776671
                  160.38                      -63.595982
                  160.64                      -63.300663
                   160.9                      -62.888812
                  161.16                      -62.357131
                  161.42                      -61.700942
                  161.68                      -60.914169
                  161.94                      -59.989339
                   162.2                      -58.917607
                  162.46                      -57.688848
                  162.72                       -56.29182
                  162.98                       -54.71441
                  163.24                      -52.943989
                   163.5                      -50.967922
                  163.76                      -48.774298
                  164.02                      -46.352959
                  164.28                      -43.696865
                  164.54                      -40.803773
                   164.8                       -37.67812
                  165.06                      -34.332868
                  165.32                      -30.790971
                  165.58                      -27.086105
                  165.84                      -23.262262
                   166.1                      -19.372027
                  166.36                      -15.473535
                  166.62                      -11.626491
                  166.88                      -7.8878865
                  167.14                      -4.3081916
                   167.4                     -0.92866319
                  167.66                       2.2199053
                  167.92                       5.1170577
                  168.18                        7.751529
                  168.44                       10.119544
                   168.7                       12.222976
                  168.96                       14.067627
                  169.22                       15.661766
                  169.48                       17.014944
                  169.74                       18.137079
                     170                       19.037796
                  170.26                       19.726007
                  170.52                       20.209696
                  170.78                       20.495887
                  171.04                       20.590728
                   171.3                       20.499642
                  171.56                       20.227524
                  171.82                       19.778961
                  172.08                       19.158514
                  172.34                       18.371056
                   172.6                       17.422188
                  172.86                         16.3187
                  173.12                       15.069029
                  173.38                       13.683683
                  173.64                       12.175573
                   173.9                       10.560248
                  174.16                       8.8560179
                  174.42                       7.0839407
                  174.68                       5.2676526
                  174.94                       3.4330106
                   175.2                       1.6075439
                  175.46                     -0.18024607
                  175.72                      -1.9016524
                  175.98                      -3.5284875
                  176.24                      -5.0336721
                   176.5                      -6.3916329
                  176.76                      -7.5785036
                  177.02                      -8.5721558
                  177.28                      -9.3520932
                  177.54                      -9.8992426
                   177.8                      -10.195666
                  178.06                      -10.224239
                  178.32                      -9.9683529
                  178.58                      -9.4117507
                  178.84                      -8.5385885
                   179.1                      -7.3338528
                  179.36                      -5.7842157
                  179.62                      -3.8793935
                  179.88                       -1.614026
                  180.14                       1.0099763
                   180.4                       3.9807938
                  180.66                       7.2741336
                  180.92                        10.85133
                  181.18                       14.658849
                  181.44                       18.629871
                   181.7                       22.688183
                  181.96                       26.753951
                  182.22                        30.75022
                  182.48                       34.608738
                  182.74                       38.273936
                     183                       41.704562
                  183.26                       44.873183
                  183.52                       47.764192
                  183.78                       50.371064
                  184.04                       52.693464
                   184.3                       54.734608
                  184.56                       56.499072
                  184.82                       57.991095
                  185.08                       59.213368
                  185.34                       60.166209
                   185.6                        60.84703
                  185.86                        61.24997
                  186.12                       61.365571
                  186.38                        61.18039
                  186.64                       60.676439
                   186.9                       59.830393
                  187.16                         58.6125
                  187.42                       56.985223
                  187.68                       54.901714
                  187.94                       52.304451
                   188.2                       49.124748
                  188.46                       45.284468
                  188.72                       40.702212
                  188.98                       35.307227
                  189.24                       29.064171
                   189.5                       22.008342
                  189.76                       14.281415
                  190.02                       6.1451081
                  190.28                      -2.0509804
                  190.54                      -9.9458479
                   190.8                      -17.250268
                  191.06                      -23.792921
                  191.32                      -29.517441
                  191.58                      -34.449903
                  191.84                      -38.661723
                   192.1                      -42.241458
                  192.36                       -45.27792
                  192.62                      -47.851941
                  192.88                      -50.033411
                  193.14                      -51.881067
                   193.4                      -53.443495
                  193.66                      -54.760548
                  193.92                      -55.864771
                  194.18                      -56.782699
                  194.44                      -57.535954
                   194.7                      -58.142141
                  194.96                      -58.615571
                  195.22                      -58.967822
                  195.48                      -59.208188
                  195.74                      -59.344037
                     196                      -59.381098
                  196.26                      -59.323711
                  196.52                      -59.175016
                  196.78                      -58.937112
                  197.04                      -58.611181
                   197.3                      -58.197582
                  197.56                      -57.695941
                  197.82                      -57.105244
                  198.08                      -56.423943
                  198.34                      -55.650072
                   198.6                      -54.781379
                  198.86                      -53.815461
                  199.12                       -52.74992
                  199.38                      -51.582548
                  199.64                      -50.311559
                   199.9                       -48.93587
                  200.16                      -47.455436
                  200.42                      -45.871621
                  200.68                      -44.187577
                  200.94                      -42.408615
                   201.2                      -40.542537
                  201.46                      -38.599912
                  201.72                      -36.594254
                  201.98                      -34.542071
                  202.24                      -32.462721
                   202.5                       -30.37806
                  202.76                      -28.311862
                  203.02                       -26.28906
                  203.28                      -24.334884
                  203.54                      -22.473985
                   203.8                       -20.72963
                  204.06                      -19.123014
                  204.32                      -17.672726
                  204.58                      -16.394384
                  204.84                      -15.300429
                   205.1                      -14.400083
                  205.36                      -13.699435
                  205.62                       -13.20162
                  205.88                      -12.907038
                  206.14                      -12.813561
                   206.4                      -12.916704
                  206.66                      -13.209759
                  206.92                      -13.683908
                  207.18                      -14.328343
                  207.44                      -15.130419
                   207.7                      -16.075836
                  207.96                      -17.148849
                  208.22                      -18.332513
                  208.48                      -19.608951
                  208.74                      -20.959678
                     209                      -22.365961
                  209.26                      -23.809223
                  209.52                      -25.271441
                  209.78                      -26.735502
                  210.04                      -28.185481
                   210.3                      -29.606827
                  210.56                      -30.986458
                  210.82                      -32.312793
                  211.08                      -33.575718
                  211.34                      -34.766515
                   211.6                      -35.877722
                  211.86                      -36.902956
                  212.12                      -37.836677
                  212.38                      -38.673939
                  212.64                       -39.41014
                   212.9                      -40.040792
                  213.16                      -40.561299
                  213.42                      -40.966758
                  213.68                      -41.251727
                  213.94                      -41.409987
                   214.2                      -41.434278
                  214.46                      -41.316018
                  214.72                       -41.04503
                  214.98                      -40.609271
                  215.24                      -39.994557
                   215.5                      -39.184281
                  215.76                      -38.159139
                  216.02                      -36.896894
                  216.28                      -35.372278
                  216.54                      -33.557151
                   216.8                      -31.421127
                  217.06                      -28.932908
                  217.32                      -26.062636
                  217.58                      -22.785585
                  217.84                      -19.087418
                   218.1                      -14.970863
                  218.36                      -10.462987
                  218.62                      -5.6211984
                  218.88                     -0.53530261
                  219.14                       4.6769443
                   219.4                       9.8814494
                  219.66                       14.944181
                  219.92                       19.747515
                  220.18                       24.201717
                  220.44                       28.249232
                   220.7                       31.862494
                  220.96                       35.037832
                  221.22                       37.788174
                  221.48                       40.136378
                  221.74                       42.110008
                     222                        43.73769
                  222.26                       45.046782
                  222.52                       46.062044
                  222.78                       46.805009
                  223.04                       47.293798
                   223.3                       47.543226
                  223.56                        47.56505
                  223.82                       47.368297
                  224.08                       46.959622
                  224.34                       46.343683
                   224.6                       45.523549
                  224.86                        44.50116
                  225.12                       43.277866
                  225.38                       41.855042
                  225.64                       40.234785
                   225.9                       38.420661
                  226.16                       36.418488
                  226.42                       34.237099
                  226.68                       31.889055
                  226.94                       29.391216
                   227.2                       26.765066
                  227.46                       24.036685
                  227.72                       21.236258
                  227.98                       18.397097
                  228.24                       15.554254
                   228.5                       12.742906
                  228.76                       9.9967193
                  229.02                       7.3464218
                  229.28                       4.8187214
                  229.54                       2.4356342
                   229.8                      0.21422266
                  230.06                      -1.8332971
                  230.32                      -3.6991445
                  230.58                      -5.3793438
                  230.84                      -6.8729793
                   231.1                      -8.1814432
                  231.36                      -9.3077688
                  231.62                      -10.256097
                  231.88                      -11.031279
                  232.14                      -11.638583
                   232.4                       -12.08346
                  232.66                      -12.371364
                  232.92                      -12.507614
                  233.18                      -12.497349
                  233.44                      -12.345569
                   233.7                      -12.057265
                  233.96                      -11.637595
                  234.22                      -11.092054
                  234.48                      -10.426595
                  234.74                      -9.6477064
                     235                      -8.7624799
                  235.26                      -7.7786831
                  235.52                      -6.7048719
                  235.78                        -5.55051
                  236.04                      -4.3260479
                   236.3                      -3.0429166
                  236.56                      -1.7134137
                  236.82                     -0.35050639
                  237.08                       1.0324032
                  237.34                       2.4217045
                   237.6                       3.8037791
                  237.86                       5.1651864
                  238.12                       6.4928556
                  238.38                       7.7742896
                  238.64                        8.997762
                   238.9                       10.152466
                  239.16                       11.228579
                  239.42                       12.217238
                  239.68                        13.11044
                  239.94                       13.900906
                   240.2                       14.581939
                  240.46                       15.147271
                  240.72                       15.590883
                  240.98                       15.906774
                  241.24                       16.088672
                   241.5                       16.129694
                  241.76                       16.021996
                  242.02                       15.756449
                  242.28                       15.322349
                  242.54                       14.707188
                   242.8                       13.896482
                  243.06                       12.873714
                  243.32                       11.620478
                  243.58                        10.11698
                  243.84                       8.3430849
                   244.1                       6.2800696
                  244.36                       3.9132396
                  244.62                       1.2353797
                  244.88                      -1.7491821
                  245.14                      -5.0204702
                   245.4                      -8.5396833
                  245.66                      -12.248177
                  245.92                      -16.069726
                  246.18                      -19.916438
                  246.44                      -23.697484
                   246.7                      -27.328649
                  246.96                       -30.74033
                  247.22                      -33.882281
                  247.48                       -36.72464
                  247.74                      -39.255952
                     248                      -41.479491
                  248.26                       -43.40909
                  248.52                       -45.06534
                  248.78                      -46.472541
                  249.04                      -47.656467
                   249.3                       -48.64284
                  249.56                      -49.456352
                  249.82                      -50.120086
                  250.08                      -50.655231
                  250.34                         -51.081
                   250.6                      -51.414679
                  250.86                      -51.671731
                  251.12                      -51.865907
                  251.38                      -52.009334
                  251.64                      -52.112565
                   251.9                      -52.184626
                  252.16                      -52.233085
                  252.42                      -52.264141
                  252.68                       -52.28274
                  252.94                      -52.292682
                   253.2                      -52.296715
                  253.46                      -52.296605
                  253.72                      -52.293204
                  253.98                      -52.286538
                  254.24                      -52.275935
                   254.5                      -52.260177
                  254.76                      -52.237649
                  255.02                       -52.20646
                  255.28                      -52.164533
                  255.54                      -52.109656
                   255.8                      -52.039544
                  256.06                      -51.951917
                  256.32                      -51.844596
                  256.58                      -51.715599
                  256.84                       -51.56321
                   257.1                      -51.386012
                  257.36                      -51.182875
                  257.62                      -50.952958
                  257.88                      -50.695715
                  258.14                      -50.410941
                   258.4                      -50.098823
                  258.66                      -49.759983
                  258.92                      -49.395474
                  259.18                      -49.006746
                  259.44                      -48.595595
                   259.7                      -48.164125
                  259.96                      -47.714741
                  260.22                      -47.250157
                  260.48                      -46.773395
                  260.74                      -46.287739
                     261                      -45.796645
                  261.26                      -45.303628
                  261.52                       -44.81216
                  261.78                      -44.325604
                  262.04                      -43.847182
                   262.3                      -43.379957
                  262.56                      -42.926782
                  262.82                      -42.490231
                  263.08                      -42.072508
                  263.34                      -41.675382
                   263.6                      -41.300181
                  263.86                      -40.947843
                  264.12                       -40.61899
                  264.38                      -40.313999
                  264.64                      -40.033033
                   264.9                      -39.776048
                  265.16                      -39.542812
                  265.42                      -39.332958
                  265.68                       -39.14609
                  265.94                      -38.981901
                   266.2                      -38.840273
                  266.46                       -38.72132
                  266.72                      -38.625389
                  266.98                      -38.553033
                  267.24                      -38.505012
                   267.5                      -38.482312
                  267.76                       -38.48618
                  268.02                      -38.518099
                  268.28                      -38.579683
                  268.54                      -38.672464
                   268.8                      -38.797602
                  269.06                       -38.95555
                  269.32                      -39.145706
                  269.58                      -39.366049
                  269.84                      -39.612737
                   270.1                      -39.879669
                  270.36                      -40.158039
                  270.62                      -40.435957
                  270.88                      -40.698243
                  271.14                      -40.926459
                   271.4                      -41.099223
                  271.66                      -41.192755
                  271.92                        -41.1816
                  272.18                      -41.039446
                  272.44                      -40.739996
                   272.7                      -40.257864
                  272.96                      -39.569499
                  273.22                      -38.654124
                  273.48                      -37.494687
                  273.74                      -36.078764
                     274                      -34.399411
                  274.26                       -32.45592
                  274.52                      -30.254481
                  274.78                      -27.808698
                  275.04                      -25.139849
                   275.3                      -22.276716
                  275.56                      -19.254762
                  275.82                      -16.114549
                  276.08                      -12.899482
                  276.34                      -9.6531652
                   276.6                      -6.4168489
                  276.86                      -3.2273338
                  277.12                      -0.1155702
                  277.38                       2.8940432
                  277.64                       5.7837668
                   277.9                       8.5421559
                  278.16                       11.163326
                  278.42                       13.645939
                  278.68                       15.992049
                  278.94                       18.205969
                   279.2                       20.293327
                  279.46                       22.260386
                  279.72                       24.113613
                  279.98                       25.859408
                  280.24                       27.503879
                   280.5                       29.052638
                  280.76                       30.510624
                  281.02                       31.882011
                  281.28                       33.170245
                  281.54                       34.378175
                   281.8                       35.508223
                  282.06                       36.562507
                  282.32                       37.542888
                  282.58                       38.450958
                  282.84                       39.288043
                   283.1                       40.055244
                  283.36                       40.753556
                  283.62                       41.383997
                  283.88                       41.947703
                  284.14                       42.445946
                   284.4                       42.880096
                  284.66                       43.251563
                  284.92                       43.561784
                  285.18                       43.812274
                  285.44                       44.004712
                   285.7                       44.141025
                  285.96                       44.223407
                  286.22                       44.254285
                  286.48                       44.236251
                  286.74                       44.172017
                     287                       44.064432
                  287.26                       43.916545
                  287.52                       43.731679
                  287.78                       43.513451
                  288.04                       43.265728
                   288.3                       42.992532
                  288.56                       42.697932
                  288.82                       42.385995
                  289.08                       42.060784
                  289.34                        41.72638
                   289.6                       41.386869
                  289.86                        41.04627
                  290.12                       40.708387
                  290.38                       40.376666
                  290.64                       40.054082
                   290.9                       39.743114
                  291.16                       39.445765
                  291.42                        39.16359
                  291.68                       38.897678
                  291.94                       38.648576
                   292.2                       38.416208
                  292.46                       38.199836
                  292.72                       37.998111
                  292.98                       37.809198
                  293.24                       37.630933
                   293.5                       37.460945
                  293.76                       37.296724
                  294.02                       37.135659
                  294.28                       36.975101
                  294.54                       36.812499
                   294.8                       36.645605
                  295.06                       36.472724
                  295.32                       36.292937
                  295.58                       36.106251
                  295.84                       35.913681
                   296.1                       35.717284
                  296.36                       35.520167
                  296.62                       35.326472
                  296.88                       35.141263
                  297.14                       34.970225
                   297.4                       34.819051
                  297.66                       34.692442
                  297.92                        34.59272
                  298.18                       34.518168
                  298.44                       34.461314
                   298.7                        34.40755
                  298.96                       34.334451
                  299.22                       34.212199
                  299.48                       34.005262
                  299.74                       33.675276
                     300                       33.184742

