        Frequency / MHz                S1,1 (Mesh Pass=7)/abs,dB
----------------------------------------------------------------------
                      40                    -0.089661262
               40.259998                     -0.10791477
                   40.52                     -0.13640442
               40.779999                     -0.16325915
               41.040001                     -0.17781473
               41.299999                     -0.17926578
               41.560001                     -0.17897519
                   41.82                     -0.19391752
               42.080002                     -0.23551112
                   42.34                     -0.30138647
               42.599998                     -0.37613059
               42.860001                     -0.44273492
               43.119999                     -0.49956045
               43.380001                     -0.57117753
               43.639999                     -0.70374728
               43.900002                     -0.94669823
                   44.16                       -1.328808
               44.419998                      -1.8323961
                   44.68                      -2.3671878
               44.939999                      -2.7649309
               45.200001                      -2.8484794
               45.459999                      -2.5707916
               45.720001                       -2.060948
                   45.98                      -1.5074522
               46.240002                      -1.0432745
                    46.5                     -0.72114387
               46.759998                     -0.53403856
                   47.02                     -0.44100913
               47.279999                     -0.39086885
               47.540001                     -0.34367001
               47.799999                     -0.28421874
               48.060001                     -0.22075695
                   48.32                     -0.17106052
               48.580002                     -0.14688148
                   48.84                     -0.14614992
               49.099998                      -0.1553524
               49.360001                     -0.15883762
               49.619999                     -0.14868253
               49.880001                     -0.12862267
               50.139999                     -0.10988514
               50.400002                     -0.10272332
                   50.66                     -0.10976492
               50.919998                     -0.12502568
                   51.18                     -0.13847474
               51.439999                     -0.14286188
               51.700001                     -0.13825005
               51.959999                     -0.13134317
               52.220001                     -0.13051508
                   52.48                     -0.14028176
               52.740002                     -0.15876994
                      53                     -0.17944463
               53.259998                     -0.19565939
                   53.52                     -0.20502585
               53.779999                     -0.21073998
               54.040001                      -0.2192245
               54.299999                     -0.23594151
               54.560001                     -0.26218949
                   54.82                     -0.29474006
               55.080002                     -0.32825213
                   55.34                     -0.35881464
               55.599998                     -0.38638145
               55.860001                     -0.41465421
               56.119999                     -0.44869615
               56.380001                     -0.49194239
               56.639999                      -0.5443764
               56.900002                     -0.60274384
                   57.16                     -0.66243775
               57.419998                     -0.71986323
                   57.68                      -0.7739141
               57.939999                     -0.82584891
               58.200001                     -0.87779286
               58.459999                     -0.93084164
               58.720001                     -0.98381834
                   58.98                       -1.033231
               59.240002                      -1.0744292
                    59.5                      -1.1033845
               59.759998                      -1.1182775
                   60.02                      -1.1201799
               60.279999                      -1.1124767
               60.540001                      -1.0993247
               60.799999                       -1.083887
               61.060001                      -1.0671736
                   61.32                      -1.0480824
               61.580002                      -1.0246038
                   61.84                     -0.99559484
               62.099998                     -0.96206679
               62.360001                     -0.92719055
               62.619999                     -0.89491541
               62.880001                     -0.86800694
               63.139999                     -0.84664863
               63.400002                     -0.82850097
                   63.66                     -0.81022962
               63.919998                     -0.78964997
                   64.18                     -0.76716024
               64.440002                     -0.74552638
               64.699997                     -0.72812864
               64.959999                     -0.71680528
               65.220001                     -0.71066609
               65.480003                     -0.70663395
               65.739998                     -0.70140454
                      66                     -0.69357215
               66.260002                     -0.68452764
               66.519997                      -0.6775047
               66.779999                     -0.67542852
               67.040001                     -0.67898877
               67.300003                     -0.68619778
               67.559998                      -0.6937111
                   67.82                     -0.69906009
               68.080002                     -0.70231347
               68.339996                     -0.70603544
               68.599998                      -0.7135779
               68.860001                     -0.72688376
               69.120003                     -0.74525725
               69.379997                     -0.76590705
               69.639999                     -0.78589516
               69.900002                     -0.80419662
               70.160004                      -0.8224701
               70.419998                     -0.84401916
                   70.68                     -0.87167149
               70.940002                     -0.90602663
               71.199997                      -0.9452274
               71.459999                     -0.98639854
               71.720001                      -1.0278111
               71.980003                      -1.0702989
               72.239998                      -1.1169821
                    72.5                      -1.1714754
               72.760002                       -1.235832
               73.019997                      -1.3095833
               73.279999                      -1.3905067
               73.540001                       -1.476633
               73.800003                      -1.5681892
               74.059998                      -1.6681676
                   74.32                      -1.7811747
               74.580002                      -1.9113303
               74.839996                      -2.0606487
               75.099998                      -2.2289399
               75.360001                      -2.4153526
               75.620003                      -2.6205987
               75.879997                      -2.8485052
               76.139999                      -3.1058963
               76.400002                      -3.4009558
               76.660004                       -3.741179
               76.919998                       -4.132276
                   77.18                      -4.5788414
               77.440002                      -5.0866121
               77.699997                      -5.6653185
               77.959999                      -6.3308089
               78.220001                      -7.1057679
               78.480003                      -8.0194784
               78.739998                      -9.1083313
                      79                      -10.419675
               79.260002                      -12.022927
               79.519997                      -14.036104
               79.779999                      -16.692519
               80.040001                      -20.552867
               80.300003                      -27.616586
               80.559998                      -37.691098
                   80.82                      -24.041698
               81.080002                      -18.979655
               81.339996                      -15.909318
               81.599998                      -13.750986
               81.860001                      -12.117951
               82.120003                      -10.822746
               82.379997                      -9.7599981
               82.639999                      -8.8672611
               82.900002                      -8.1074835
               83.160004                      -7.4581401
               83.419998                      -6.9033285
                   83.68                      -6.4286618
               83.940002                      -6.0193344
               84.199997                      -5.6609816
               84.459999                      -5.3419982
               84.720001                      -5.0554252
               84.980003                      -4.7988925
               85.239998                      -4.5724842
                    85.5                      -4.3757664
               85.760002                      -4.2057466
               86.019997                      -4.0568895
               86.279999                      -3.9230532
               86.540001                       -3.800065
               86.800003                      -3.6871871
               87.059998                       -3.586474
                   87.32                      -3.5004715
               87.580002                      -3.4297476
               87.839996                       -3.371899
               88.099998                       -3.322598
               88.360001                       -3.278006
               88.620003                      -3.2369358
               88.879997                      -3.2012861
               89.139999                      -3.1744489
               89.400002                      -3.1587704
               89.660004                      -3.1537859
               89.919998                      -3.1563675
                   90.18                       -3.162701
               90.440002                      -3.1707866
               90.699997                       -3.181765
               90.959999                      -3.1991274
               91.220001                       -3.226372
               91.480003                      -3.2646677
               91.739998                      -3.3121205
                      92                      -3.3651124
               92.260002                      -3.4208685
               92.519997                       -3.479541
               92.779999                      -3.5443476
               93.040001                      -3.6196526
               93.300003                      -3.7082844
               93.559998                      -3.8098957
                   93.82                      -3.9214718
               94.080002                      -4.0396967
               94.339996                      -4.1636706
               94.599998                      -4.2961113
               94.860001                      -4.4421707
               95.120003                      -4.6066287
               95.379997                      -4.7913432
               95.639999                      -4.9946518
               95.900002                      -5.2132069
               96.160004                        -5.44517
               96.419998                      -5.6926947
                   96.68                      -5.9619472
               96.940002                      -6.2605402
               97.199997                      -6.5940349
               97.459999                      -6.9637907
               97.720001                       -7.367701
               97.980003                      -7.8036282
               98.239998                       -8.273624
                    98.5                      -8.7861713
               98.760002                      -9.3547109
               99.019997                       -9.993126
               99.279999                      -10.710862
               99.540001                      -11.510707
               99.800003                      -12.391051
                  100.06                      -13.351872
                  100.32                      -14.400093
                  100.58                      -15.546353
                  100.84                      -16.783349
                   101.1                      -18.036235
                  101.36                       -19.09309
                  101.62                      -19.614043
                  101.88                      -19.383291
                  102.14                      -18.550395
                   102.4                      -17.431984
                  102.66                      -16.245245
                  102.92                      -15.084695
                  103.18                      -13.987733
                  103.44                      -12.975177
                   103.7                      -12.061032
                  103.96                      -11.249869
                  104.22                       -10.53451
                  104.48                      -9.8984138
                  104.74                      -9.3221126
                     105                      -8.7905157
                  105.26                      -8.2972281
                  105.52                      -7.8435944
                  105.78                      -7.4335572
                  106.04                      -7.0679456
                   106.3                      -6.7416146
                  106.56                       -6.444787
                  106.82                      -6.1675165
                  107.08                       -5.904354
                  107.34                      -5.6561531
                   107.6                      -5.4278353
                  107.86                      -5.2237542
                  108.12                      -5.0437667
                  108.38                       -4.882458
                  108.64                      -4.7318955
                   108.9                      -4.5861535
                  109.16                      -4.4445811
                  109.42                      -4.3115579
                  109.68                      -4.1929051
                  109.94                      -4.0914455
                   110.2                      -4.0046597
                  110.46                      -3.9259278
                  110.72                        -3.84859
                  110.98                      -3.7701776
                  111.24                      -3.6938756
                   111.5                      -3.6261027
                  111.76                      -3.5719057
                  112.02                      -3.5313011
                  112.28                      -3.4989719
                  112.54                      -3.4676009
                   112.8                      -3.4327363
                  113.06                      -3.3958761
                  113.32                      -3.3634716
                  113.58                      -3.3424822
                  113.84                       -3.335541
                   114.1                      -3.3389628
                  114.36                      -3.3450077
                  114.62                      -3.3470789
                  114.88                      -3.3444577
                  115.14                      -3.3431014
                   115.4                      -3.3517761
                  115.66                      -3.3761547
                  115.92                      -3.4148742
                  116.18                      -3.4602203
                  116.44                      -3.5032807
                   116.7                      -3.5404017
                  116.96                       -3.576397
                  117.22                      -3.6219236
                  117.48                      -3.6866805
                  117.74                      -3.7730366
                     118                      -3.8743143
                  118.26                       -3.979227
                  118.52                      -4.0801687
                  118.78                      -4.1799464
                  119.04                      -4.2917448
                   119.3                      -4.4319228
                  119.56                      -4.6104021
                  119.82                       -4.824954
                  120.08                      -5.0633865
                  120.34                      -5.3136302
                   120.6                      -5.5764657
                  120.86                      -5.8721503
                  121.12                      -6.2356081
                  121.38                      -6.7036051
                  121.64                      -7.3028465
                   121.9                      -8.0474172
                  122.16                      -8.9521326
                  122.42                      -10.066729
                  122.68                      -11.533832
                  122.94                      -13.693224
                   123.2                      -17.417286
                  123.46                      -26.726168
                  123.72                      -24.559325
                  123.98                      -15.013144
                  124.24                      -10.363112
                   124.5                      -7.3636469
                  124.76                      -5.2828488
                  125.02                      -3.8292262
                  125.28                      -2.8499375
                  125.54                      -2.2461944
                   125.8                      -1.9406598
                  126.06                      -1.8626491
                  126.32                      -1.9427238
                  126.58                      -2.1152356
                  126.84                      -2.3274249
                   127.1                      -2.5495286
                  127.36                      -2.7773711
                  127.62                      -3.0236421
                  127.88                      -3.3030782
                  128.14                       -3.620457
               128.39999                      -3.9667209
                  128.66                       -4.323381
                  128.92                      -4.6715963
               129.17999                       -5.000145
                  129.44                      -5.3071629
                   129.7                      -5.5955028
               129.96001                      -5.8668772
                  130.22                      -6.1205358
                  130.48                      -6.3576135
               130.74001                      -6.5866803
                     131                      -6.8242778
               131.25999                      -7.0881123
                  131.52                      -7.3863672
                  131.78                      -7.7094241
               132.03999                      -8.0295688
                   132.3                      -8.3113953
                  132.56                      -8.5293466
               132.82001                      -8.6807114
                  133.08                      -8.7828444
                  133.34                      -8.8567369
               133.60001                      -8.9107908
                  133.86                       -8.936506
                  134.12                      -8.9177943
                  134.38                      -8.8462002
                  134.64                      -8.7298771
               134.89999                      -8.5893395
                  135.16                      -8.4446933
                  135.42                      -8.3049867
               135.67999                      -8.1664933
                  135.94                       -8.019513
                   136.2                      -7.8581791
               136.46001                      -7.6862515
                  136.72                      -7.5152162
                  136.98                      -7.3570027
               137.24001                      -7.2171051
                   137.5                      -7.0925365
               137.75999                       -6.975291
                  138.02                      -6.8586294
                  138.28                      -6.7419171
               138.53999                      -6.6308883
                   138.8                      -6.5335604
                  139.06                      -6.4550019
               139.32001                      -6.3944765
                  139.58                      -6.3465238
                  139.84                      -6.3050178
               140.10001                      -6.2674637
                  140.36                       -6.236694
                  140.62                      -6.2189862
                  140.88                      -6.2201149
                  141.14                      -6.2420783
               141.39999                      -6.2825132
                  141.66                      -6.3370274
                  141.92                      -6.4028667
               142.17999                      -6.4815686
                  142.44                      -6.5789274
                   142.7                      -6.7024596
               142.96001                      -6.8582035
                  143.22                      -7.0489426
                  143.48                      -7.2749324
               143.74001                      -7.5367051
                     144                      -7.8383701
               144.25999                      -8.1895622
                  144.52                      -8.6051596
                  144.78                      -9.1033666
               145.03999                      -9.7037345
                   145.3                      -10.426402
                  145.56                      -11.292435
               145.82001                      -12.322223
                  146.08                      -13.522367
                  146.34                      -14.834602
               146.60001                       -15.99625
                  146.86                      -16.389003
                  147.12                      -15.490767
                  147.38                      -13.671427
                  147.64                      -11.625805
               147.89999                      -9.7112564
                  148.16                      -8.0281238
                  148.42                      -6.5829521
               148.67999                      -5.3570673
                  148.94                      -4.3275713
                   149.2                      -3.4724043
               149.46001                      -2.7707298
                  149.72                      -2.2023139
                  149.98                      -1.7471325
               150.24001                      -1.3856084
                   150.5                      -1.0994789
               150.75999                     -0.87294517
                  151.02                     -0.69356711
                  151.28                     -0.55239533
               151.53999                      -0.4432057
                   151.8                     -0.36116835
                  152.06                     -0.30162822
               152.32001                     -0.25959644
                  152.58                     -0.23012196
                  152.84                     -0.20920242
               153.10001                     -0.19454624
                  153.36                     -0.18559877
                  153.62                     -0.18274478
                  153.88                     -0.18614567
                  154.14                     -0.19492477
               154.39999                     -0.20718501
                  154.66                     -0.22081344
                  154.92                     -0.23451305
               155.17999                     -0.24836494
                  155.44                     -0.26352389
                   155.7                     -0.28125624
               155.96001                     -0.30195276
                  156.22                     -0.32477309
                  156.48                     -0.34813644
               156.74001                     -0.37073115
                     157                      -0.3923409
               157.25999                     -0.41394816
                  157.52                     -0.43703729
                  157.78                     -0.46257441
               158.03999                     -0.49036967
                   158.3                     -0.51922216
                  158.56                     -0.54775413
               158.82001                     -0.57536781
                  159.08                     -0.60266059
                  159.34                     -0.63103661
               159.60001                     -0.66178091
                  159.86                     -0.69522872
                  160.12                     -0.73059019
                  160.38                     -0.76654217
                  160.64                     -0.80218054
               160.89999                     -0.83768068
                  161.16                     -0.87422827
                  161.42                     -0.91326833
               161.67999                      -0.9555879
                  161.94                      -1.0008637
                   162.2                       -1.047965
               162.46001                      -1.0958059
                  162.72                      -1.1441713
                  162.98                      -1.1939479
               163.24001                      -1.2466211
                   163.5                      -1.3033664
               163.75999                      -1.3643785
                  164.02                      -1.4288634
                  164.28                      -1.4957095
               164.53999                      -1.5643812
                   164.8                      -1.6354306
                  165.06                       -1.710287
               165.32001                      -1.7904588
                  165.58                      -1.8767111
                  165.84                      -1.9687451
               166.10001                      -2.0656117
                  166.36                      -2.1665783
                  166.62                      -2.2718698
                  166.88                      -2.3827841
                  167.14                      -2.5011188
               167.39999                      -2.6282713
                  167.66                      -2.7646309
                  167.92                      -2.9096644
               168.17999                      -3.0626331
                  168.44                       -3.223493
                   168.7                      -3.3933745
               168.96001                      -3.5743179
                  169.22                      -3.7684487
                  169.48                      -3.9771068
               169.74001                      -4.2005339
                     170                      -4.4383066
               170.25999                      -4.6902691
                  170.52                      -4.9573756
                  170.78                      -5.2418812
               171.03999                      -5.5467616
                   171.3                       -5.874697
                  171.56                      -6.2272892
               171.82001                      -6.6050022
                  172.08                      -7.0079046
                  172.34                      -7.4367799
               172.60001                      -7.8939065
                  172.86                      -8.3829891
                  173.12                      -8.9081931
                  173.38                      -9.4727994
                  173.64                      -10.078163
               173.89999                      -10.723456
                  174.16                      -11.406083
                  174.42                      -12.122097
               174.67999                       -12.86558
                  174.94                      -13.626131
                   175.2                      -14.384408
               175.46001                      -15.106812
                  175.72                       -15.74225
                  175.98                      -16.225851
               176.24001                      -16.494211
                   176.5                      -16.509469
               176.75999                      -16.277434
                  177.02                      -15.844555
                  177.28                      -15.276609
               177.53999                      -14.636125
                   177.8                      -13.970104
                  178.06                       -13.30814
               178.32001                      -12.666162
                  178.58                      -12.051723
                  178.84                      -11.468503
               179.10001                       -10.91894
                  179.36                      -10.404916
                  179.62                      -9.9272036
                  179.88                      -9.4847199
                  180.14                      -9.0744409
               180.39999                      -8.6922268
                  180.66                      -8.3341769
                  180.92                      -7.9977649
               181.17999                      -7.6821104
                  181.44                       -7.387301
                   181.7                      -7.1132214
               181.96001                      -6.8586706
                  182.22                      -6.6212797
                  182.48                       -6.398239
               182.74001                      -6.1873524
                     183                      -5.9877154
               183.25999                      -5.7995945
                  183.52                      -5.6236092
                  183.78                      -5.4597687
               184.03999                      -5.3069854
                   184.3                      -5.1633615
                  184.56                      -5.0270319
               184.82001                      -4.8969893
                  185.08                      -4.7733597
                  185.34                      -4.6569306
               185.60001                      -4.5482883
                  185.86                      -4.4471219
                  186.12                      -4.3521744
                  186.38                      -4.2618268
                  186.64                      -4.1749478
               186.89999                      -4.0914026
                  187.16                       -4.011901
                  187.42                      -3.9372902
               187.67999                      -3.8677869
                  187.94                      -3.8026501
                   188.2                      -3.7405277
               188.46001                      -3.6802079
                  188.72                      -3.6212851
                  188.98                      -3.5642719
               189.24001                       -3.510088
                   189.5                      -3.4592996
               189.75999                      -3.4116225
                  190.02                      -3.3660133
                  190.28                      -3.3213071
               190.53999                      -3.2769283
                   190.8                      -3.2332023
                  191.06                      -3.1910602
               191.32001                      -3.1513312
                  191.58                      -3.1141314
                  191.84                      -3.0787566
               192.10001                      -3.0441444
                  192.36                      -3.0095883
                  192.62                      -2.9752061
                  192.88                      -2.9418386
                  193.14                      -2.9104562
               193.39999                      -2.8814894
                  193.66                      -2.8545407
                  193.92                        -2.82867
               194.17999                      -2.8030559
                  194.44                      -2.7775704
                   194.7                      -2.7528654
               194.96001                      -2.7299259
                  195.22                      -2.7093899
                  195.48                      -2.6911189
               195.74001                      -2.6743025
                     196                      -2.6580229
               196.25999                      -2.6418928
                  196.52                       -2.626315
                  196.78                       -2.612201
               197.03999                      -2.6003331
                   197.3                      -2.5908238
                  197.56                      -2.5830406
               197.82001                      -2.5760464
                  198.08                      -2.5692421
                  198.34                      -2.5627796
               198.60001                      -2.5574466
                  198.86                      -2.5541074
                  199.12                      -2.5531075
                  199.38                      -2.5540254
                  199.64                      -2.5559648
               199.89999                      -2.5581779
                  200.16                      -2.5605768
                  200.42                      -2.5637978
               200.67999                      -2.5687509
                  200.94                      -2.5759917
                   201.2                      -2.5853409
               201.46001                       -2.596004
                  201.72                      -2.6071343
                  201.98                      -2.6184218
               202.24001                      -2.6303131
                   202.5                      -2.6437146
               202.75999                      -2.6593629
                  203.02                      -2.6773285
                  203.28                      -2.6969756
               203.53999                      -2.7174151
                   203.8                      -2.7381361
                  204.06                      -2.7593737
               204.32001                      -2.7819714
                  204.58                      -2.8068066
                  204.84                      -2.8342053
               205.10001                      -2.8637345
                  205.36                      -2.8945233
                  205.62                      -2.9258892
                  205.88                      -2.9578428
                  206.14                      -2.9911119
               206.39999                      -3.0266687
                  206.66                      -3.0650859
                  206.92                      -3.1061755
               207.17999                      -3.1491461
                  207.44                      -3.1931902
                   207.7                       -3.238085
               207.96001                      -3.2843982
                  208.22                      -3.3331442
                  208.48                      -3.3851293
               208.74001                      -3.4404456
                     209                      -3.4984512
               209.25999                      -3.5582657
                  209.52                       -3.619443
                  209.78                      -3.6823518
               210.03999                      -3.7479965
                   210.3                      -3.8173975
                  210.56                       -3.890964
               210.82001                      -3.9682768
                  211.08                      -4.0484614
                  211.34                      -4.1308757
               211.60001                      -4.2156674
                  211.86                      -4.3037884
                  212.12                      -4.3964655
                  212.38                       -4.494484
                  212.64                      -4.5977694
               212.89999                       -4.705583
                  213.16                       -4.817186
                  213.42                      -4.9325395
               213.67999                      -5.0525534
                  213.94                      -5.1786931
                   214.2                      -5.3122227
               214.46001                      -5.4535923
                  214.72                      -5.6024078
                  214.98                      -5.7579982
               215.24001                      -5.9202147
                   215.5                      -6.0898815
               215.75999                      -6.2685525
                  216.02                      -6.4576976
                  216.28                      -6.6578456
               216.53999                      -6.8682839
                   216.8                      -7.0875392
                  217.06                      -7.3144034
               217.32001                      -7.5488332
                  217.58                      -7.7921249
                  217.84                      -8.0462372
               218.10001                      -8.3127126
                  218.36                      -8.5919414
                  218.62                       -8.883311
                  218.88                      -9.1861714
                  219.14                      -9.5009842
               219.39999                      -9.8298246
                  219.66                       -10.17581
                  219.92                      -10.541774
               220.17999                       -10.92906
                  220.44                      -11.337302
                   220.7                      -11.765429
               220.96001                      -12.213323
                  221.22                      -12.682946
                  221.48                      -13.178027
               221.74001                      -13.702243
                     222                      -14.256941
               222.25999                      -14.839831
                  222.52                       -15.44553
                  222.78                      -16.067569
               223.03999                      -16.699982
                   223.3                      -17.336244
                  223.56                      -17.964621
               223.82001                      -18.561896
                  224.08                       -19.09022
                  224.34                      -19.502272
               224.60001                      -19.755472
                  224.86                      -19.827096
                  225.12                      -19.718932
                  225.38                      -19.450029
                  225.64                      -19.047503
               225.89999                      -18.542643
                  226.16                      -17.969838
                  226.42                       -17.36331
               226.67999                      -16.751546
                  226.94                      -16.153042
                   227.2                      -15.575993
               227.46001                      -15.021624
                  227.72                       -14.48888
                  227.98                      -13.977885
               228.24001                      -13.490778
                   228.5                      -13.030244
               228.75999                      -12.597416
                  229.02                      -12.190789
                  229.28                      -11.806822
               229.53999                      -11.441723
                   229.8                      -11.093184
                  230.06                      -10.760976
               230.32001                      -10.446135
                  230.58                      -10.149425
                  230.84                      -9.8701582
               231.10001                      -9.6061157
                  231.36                      -9.3545275
                  231.62                      -9.1133914
                  231.88                      -8.8822386
                  232.14                      -8.6618576
               232.39999                      -8.4532371
                  232.66                      -8.2564659
                  232.92                      -8.0703406
               233.17999                      -7.8928741
                  233.44                      -7.7223309
                   233.7                      -7.5580773
               233.96001                       -7.400654
                  234.22                      -7.2510906
                  234.48                      -7.1099368
               234.74001                      -6.9766759
                     235                       -6.849902
               235.25999                      -6.7280966
                  235.52                       -6.610459
                  235.78                      -6.4972373
               236.03999                      -6.3893443
                   236.3                      -6.2875545
                  236.56                      -6.1918441
               236.82001                      -6.1013034
                  237.08                      -6.0146537
                  237.34                      -5.9309979
               237.60001                      -5.8502859
                  237.86                      -5.7731937
                  238.12                      -5.7005356
                  238.38                      -5.6326184
                  238.64                      -5.5689832
               238.89999                      -5.5086602
                  239.16                      -5.4507627
                  239.42                      -5.3949682
               239.67999                      -5.3416141
                  239.94                      -5.2913442
                   240.2                      -5.2446107
               240.46001                      -5.2013502
                  240.72                      -5.1610156
                  240.98                      -5.1228848
               241.24001                      -5.0864061
                   241.5                      -5.0513567
               241.75999                      -5.0177895
                  242.02                      -4.9858574
                  242.28                      -4.9556554
               242.53999                      -4.9270575
                   242.8                      -4.8994878
                  243.06                      -4.8715835
               243.32001                      -4.8409478
                  243.58                      -4.8044049
                  243.84                      -4.7590392
               244.10001                       -4.703901
                  244.36                      -4.6416016
                  244.62                      -4.5787609
                  244.88                       -4.524688
                  245.14                      -4.4885644
               245.39999                      -4.4762831
                  245.66                      -4.4882204
                  245.92                      -4.5189416
               246.17999                      -4.5591136
                  246.44                      -4.5990319
                   246.7                      -4.6322517
               246.96001                      -4.6575123
                  247.22                      -4.6779481
                  247.48                      -4.6982148
               247.74001                      -4.7213762
                     248                        -4.74734
               248.25999                      -4.7735043
                  248.52                      -4.7969649
                  248.78                      -4.8167009
               249.03999                       -4.834292
                   249.3                      -4.8527777
                  249.56                      -4.8745425
               249.82001                      -4.8997317
                  250.08                      -4.9262296
                  250.34                      -4.9511812
               250.60001                      -4.9729731
                  250.86                      -4.9923014
                  251.12                      -5.0115816
                  251.38                      -5.0331706
                  251.64                      -5.0576436
               251.89999                      -5.0833444
                  252.16                      -5.1074883
                  252.42                       -5.128045
               252.67999                      -5.1450831
                  252.94                      -5.1606134
                   253.2                      -5.1770517
               253.46001                      -5.1954074
                  253.72                       -5.214479
                  253.98                      -5.2316069
               254.24001                      -5.2444704
                   254.5                      -5.2526392
               254.75999                       -5.257798
                  255.02                      -5.2624403
                  255.28                      -5.2680195
               255.53999                      -5.2738399
                   255.8                      -5.2774863
                  256.06                      -5.2764911
               256.32001                      -5.2700513
               256.57999                      -5.2595674
                  256.84                       -5.247614
               257.10001                      -5.2360819
               257.35999                      -5.2248451
                  257.62                      -5.2118681
                  257.88                       -5.194684
               258.14001                      -5.1722045
               258.39999                      -5.1455416
                  258.66                      -5.1172727
               258.92001                       -5.089665
               259.17999                      -5.0631598
                  259.44                      -5.0361657
               259.70001                      -5.0062953
               259.95999                      -4.9721846
                  260.22                      -4.9345776
               260.48001                      -4.8959121
               260.73999                      -4.8587075
                     261                      -4.8239228
               261.26001                      -4.7904323
               261.51999                       -4.755975
                  261.78                       -4.718907
               262.04001                       -4.679515
               262.29999                      -4.6399569
                  262.56                      -4.6028777
               262.82001                      -4.5697035
               263.07999                         -4.5398
                  263.34                      -4.5110803
               263.60001                      -4.4816169
               263.85999                      -4.4511428
                  264.12                      -4.4213687
                  264.38                      -4.3948751
               264.64001                       -4.373391
               264.89999                      -4.3566412
                  265.16                      -4.3425582
               265.42001                      -4.3287079
               265.67999                      -4.3139375
                  265.94                      -4.2990757
               266.20001                      -4.2861825
               266.45999                      -4.2768797
                  266.72                      -4.2709445
               266.98001                      -4.2661605
               267.23999                        -4.25956
                   267.5                      -4.2492175
               267.76001                      -4.2353451
               268.01999                      -4.2199102
                  268.28                      -4.2050515
               268.54001                      -4.1914306
               268.79999                      -4.1776837
                  269.06                       -4.161366
               269.32001                      -4.1407254
               269.57999                      -4.1160396
                  269.84                      -4.0895482
               270.10001                      -4.0640125
               270.35999                      -4.0409147
                  270.62                      -4.0195767
                  270.88                        -3.99778
               271.14001                      -3.9734661
               271.39999                      -3.9463212
                  271.66                      -3.9181097
               271.92001                      -3.8915265
               272.17999                      -3.8683693
                  272.44                      -3.8483433
               272.70001                      -3.8293062
               272.95999                       -3.808803
                  273.22                      -3.7858237
               273.48001                      -3.7615458
               273.73999                      -3.7385296
                     274                       -3.718939
               274.26001                      -3.7030475
               274.51999                      -3.6890694
                  274.78                       -3.674426
               275.04001                      -3.6576034
               275.29999                      -3.6392729
                  275.56                      -3.6218895
               275.82001                      -3.6080293
               276.07999                      -3.5986555
                  276.34                      -3.5924953
               276.60001                       -3.586971
               276.85999                      -3.5800431
                  277.12                      -3.5716953
                  277.38                      -3.5639934
               277.64001                      -3.5596715
               277.89999                      -3.5602337
                  278.16                       -3.564901
               278.42001                      -3.5711266
               278.67999                      -3.5763514
                  278.94                      -3.5797925
               279.20001                      -3.5830089
               279.45999                      -3.5888196
                  279.72                      -3.5993344
               279.98001                      -3.6144642
               280.23999                       -3.631954
                   280.5                      -3.6489262
               280.76001                      -3.6638967
               281.01999                      -3.6778585
                  281.28                      -3.6936195
               281.54001                      -3.7138771
               281.79999                      -3.7393481
                  282.06                      -3.7682539
               282.32001                      -3.7975461
               282.57999                      -3.8250473
                  282.84                      -3.8510282
               283.10001                      -3.8780946
               283.35999                      -3.9094225
                  283.62                       -3.946575
                  283.88                      -3.9884149
               284.14001                      -4.0318752
               284.39999                      -4.0740991
                  284.66                      -4.1144954
               284.92001                      -4.1552394
               285.17999                      -4.1998346
                  285.44                      -4.2507123
               285.70001                      -4.3075466
               285.95999                      -4.3674496
                  286.22                      -4.4269538
               286.48001                      -4.4844827
               286.73999                      -4.5415473
                     287                      -4.6017959
               287.26001                      -4.6685279
               287.51999                      -4.7424117
                  287.78                      -4.8209758
               288.04001                      -4.9002707
               288.29999                      -4.9776441
                  288.56                      -5.0536968
               288.82001                      -5.1319934
               289.07999                      -5.2166665
                  289.34                      -5.3095642
               289.60001                      -5.4089129
               289.85999                      -5.5104605
                  290.12                      -5.6104211
                  290.38                      -5.7082154
               290.64001                      -5.8070481
               290.89999                      -5.9117979
                  291.16                      -6.0256663
               291.42001                      -6.1479009
               291.67999                      -6.2741883
                  291.94                      -6.3995779
               292.20001                      -6.5220178
               292.45999                      -6.6439974
                  292.72                      -6.7709951
               292.98001                      -6.9077359
               293.23999                      -7.0548532
                   293.5                       -7.208272
               293.76001                      -7.3618742
               294.01999                      -7.5117965
                  294.28                      -7.6593709
               294.54001                      -7.8104495
               294.79999                      -7.9714372
                  295.06                      -8.1447705
               295.32001                      -8.3269744
               295.57999                      -8.5107721
                  295.84                      -8.6900714
               296.10001                      -8.8644722
               296.35999                      -9.0398813
                  296.62                      -9.2245395
                  296.88                      -9.4231956
               297.14001                      -9.6334547
               297.39999                      -9.8469732
                  297.66                      -10.055049
               297.92001                      -10.255018
               298.17999                      -10.452716
                  298.44                      -10.658862
               298.70001                      -10.881822
               298.95999                      -11.121937
                  299.22                       -11.37149
               299.48001                      -11.620931
               299.73999                      -11.867698
                     300                      -12.121358

