        Frequency / MHz                S1,1 (29)/abs,dB
----------------------------------------------------------------------
                      40                      -4.2176962
               40.259998                      -4.2669006
                   40.52                      -4.3167942
               40.779999                      -4.3674169
               41.040001                      -4.4187972
               41.299999                      -4.4709589
               41.560001                      -4.5239355
                   41.82                      -4.5777782
               42.079998                      -4.6325424
                   42.34                      -4.6882867
               42.599998                       -4.745056
               42.860001                      -4.8028815
               43.119999                      -4.8617853
               43.380001                      -4.9217857
               43.639999                      -4.9829117
               43.900002                      -5.0452007
                   44.16                       -5.108697
               44.419998                      -5.1734387
                   44.68                      -5.2394516
               44.939999                      -5.3067491
               45.200001                      -5.3753308
               45.459999                       -5.445199
               45.720001                      -5.5163589
                   45.98                       -5.588826
               46.240002                       -5.662616
                    46.5                      -5.7377346
               46.759998                      -5.8141743
                   47.02                       -5.891912
               47.279999                      -5.9709126
               47.540001                      -6.0511432
               47.799999                      -6.1325722
               48.060001                      -6.2151741
                   48.32                       -6.298919
               48.579998                      -6.3837651
                   48.84                      -6.4696549
               49.099998                      -6.5565128
               49.360001                      -6.6442527
               49.619999                      -6.7327887
               49.880001                      -6.8220371
               50.139999                      -6.9119161
               50.400002                      -7.0023372
                   50.66                      -7.0931986
               50.919998                      -7.1843783
                   51.18                      -7.2757386
               51.439999                      -7.3671329
               51.700001                       -7.458415
               51.959999                      -7.5494447
               52.220001                      -7.6400819
                   52.48                      -7.7301796
               52.740002                      -7.8195777
                      53                      -7.9080972
               53.259998                      -7.9955479
                   53.52                      -8.0817384
               53.779999                       -8.166482
               54.040001                      -8.2496053
               54.299999                      -8.3309429
               54.560001                       -8.410324
                   54.82                      -8.4875702
               55.079998                       -8.562489
                   55.34                      -8.6348921
               55.599998                      -8.7045988
               55.860001                      -8.7714501
               56.119999                      -8.8353169
               56.380001                      -8.8960845
               56.639999                      -8.9536418
               56.900002                      -9.0078696
                   57.16                      -9.0586389
               57.419998                      -9.1058196
                   57.68                      -9.1493092
               57.939999                      -9.1890436
               58.200001                      -9.2250211
               58.459999                      -9.2572903
               58.720001                      -9.2859383
                   58.98                      -9.3110726
               59.240002                      -9.3328032
                    59.5                      -9.3512447
               59.759998                      -9.3665199
                   60.02                      -9.3787792
               60.279999                      -9.3882149
               60.540001                      -9.3950664
               60.799999                       -9.399621
               61.060001                      -9.4022052
                   61.32                      -9.4031783
               61.579998                      -9.4029348
                   61.84                      -9.4019121
               62.099998                      -9.4005938
               62.360001                      -9.3995258
               62.619999                      -9.3993131
               62.880001                      -9.4006234
               63.139999                      -9.4041781
               63.400002                      -9.4107609
                   63.66                      -9.4212125
               63.919998                      -9.4364459
                   64.18                      -9.4574525
               64.440002                      -9.4853062
               64.699997                      -9.5211646
               64.959999                      -9.5662595
               65.220001                      -9.6218818
               65.480003                      -9.6893723
               65.739998                      -9.7701061
                      66                      -9.8654856
               66.260002                      -9.9769322
               66.519997                      -10.105868
               66.779999                      -10.253698
               67.040001                      -10.421786
               67.300003                      -10.611419
               67.559998                      -10.823777
                   67.82                      -11.059903
               68.080002                       -11.32068
               68.339996                      -11.606812
               68.599998                       -11.91882
               68.860001                      -12.257028
               69.120003                      -12.621571
               69.379997                      -13.012393
               69.639999                      -13.429255
               69.900002                      -13.871755
               70.159996                      -14.339325
               70.419998                      -14.831253
                   70.68                      -15.346669
               70.940002                      -15.884531
               71.199997                      -16.443589
               71.459999                      -17.022309
               71.720001                       -17.61879
               71.980003                      -18.230637
               72.239998                      -18.854809
                    72.5                      -19.487431
               72.760002                      -20.123559
               73.019997                      -20.756934
               73.279999                      -21.379738
               73.540001                      -21.982438
               73.800003                      -22.553827
               74.059998                      -23.081382
                   74.32                      -23.552085
               74.580002                      -23.953708
               74.839996                      -24.276397
               75.099998                      -24.514226
               75.360001                      -24.666213
               75.620003                      -24.736443
               75.879997                      -24.733272
               76.139999                      -24.667879
               76.400002                      -24.552652
               76.659996                      -24.399807
               76.919998                      -24.220446
                   77.18                      -24.024068
               77.440002                      -23.818429
               77.699997                      -23.609611
               77.959999                      -23.402215
               78.220001                      -23.199604
               78.480003                      -23.004149
               78.739998                      -22.817464
                      79                      -22.640617
               79.260002                       -22.47428
               79.519997                      -22.318843
               79.779999                      -22.174475
               80.040001                      -22.041171
               80.300003                      -21.918781
               80.559998                      -21.807058
                   80.82                        -21.7057
               81.080002                      -21.614402
               81.339996                      -21.532876
               81.599998                       -21.46085
               81.860001                      -21.398062
               82.120003                      -21.344232
               82.379997                      -21.299058
               82.639999                      -21.262232
               82.900002                      -21.233464
               83.159996                      -21.212509
               83.419998                      -21.199173
                   83.68                      -21.193299
               83.940002                      -21.194736
               84.199997                      -21.203318
               84.459999                      -21.218859
               84.720001                      -21.241174
               84.980003                      -21.270107
               85.239998                      -21.305555
                    85.5                      -21.347467
               85.760002                      -21.395816
               86.019997                      -21.450562
               86.279999                      -21.511638
               86.540001                      -21.578954
               86.800003                      -21.652427
               87.059998                      -21.732019
                   87.32                      -21.817756
               87.580002                      -21.909715
               87.839996                      -22.007975
               88.099998                      -22.112592
               88.360001                      -22.223568
               88.620003                      -22.340893
               88.879997                       -22.46458
               89.139999                      -22.594719
               89.400002                      -22.731483
               89.659996                      -22.875093
               89.919998                      -23.025758
                   90.18                      -23.183619
               90.440002                      -23.348757
               90.699997                      -23.521244
               90.959999                      -23.701226
               91.220001                       -23.88899
               91.480003                      -24.084959
               91.739998                      -24.289616
                      92                      -24.503393
               92.260002                      -24.726575
               92.519997                      -24.959308
               92.779999                      -25.201694
               93.040001                      -25.453968
               93.300003                      -25.716647
               93.559998                      -25.990594
                   93.82                       -26.27694
               94.080002                      -26.576907
               94.339996                      -26.891615
               94.599998                      -27.221974
               94.860001                      -27.568718
               95.120003                      -27.932581
               95.379997                      -28.314533
               95.639999                      -28.715967
               95.900002                      -29.138782
               96.159996                      -29.585314
               96.419998                      -30.058223
                   96.68                      -30.560386
               96.940002                      -31.094928
               97.199997                      -31.665394
               97.459999                      -32.276026
               97.720001                      -32.932084
               97.980003                      -33.640112
               98.239998                      -34.408136
                    98.5                      -35.245836
               98.760002                      -36.164711
               99.019997                      -37.178245
               99.279999                      -38.301675
               99.540001                      -39.550273
               99.800003                      -40.932945
                  100.06                      -42.432772
                  100.32                      -43.955949
                  100.58                      -45.234562
                  100.84                      -45.798584
                   101.1                       -45.34229
                  101.36                        -44.1291
                  101.62                       -42.63657
                  101.88                       -41.15261
                  102.14                      -39.781919
                   102.4                       -38.54544
                  102.66                      -37.435345
                  102.92                       -36.43638
                  103.18                      -35.533035
                  103.44                      -34.711577
                   103.7                       -33.96037
                  103.96                      -33.269721
                  104.22                      -32.631601
                  104.48                      -32.039392
                  104.74                      -31.487636
                     105                      -30.971809
                  105.26                      -30.488114
                  105.52                      -30.033305
                  105.78                      -29.604576
                  106.04                      -29.199481
                   106.3                      -28.815901
                  106.56                      -28.452005
                  106.82                      -28.106218
                  107.08                      -27.777169
                  107.34                      -27.463648
                   107.6                      -27.164563
                  107.86                      -26.878917
                  108.12                      -26.605806
                  108.38                      -26.344425
                  108.64                      -26.094059
                   108.9                      -25.854079
                  109.16                      -25.623922
                  109.42                      -25.403069
                  109.68                      -25.191033
                  109.94                      -24.987355
                   110.2                      -24.791612
                  110.46                      -24.603422
                  110.72                      -24.422448
                  110.98                      -24.248386
                  111.24                       -24.08096
                   111.5                      -23.919903
                  111.76                      -23.764959
                  112.02                      -23.615881
                  112.28                      -23.472443
                  112.54                      -23.334443
                   112.8                      -23.201705
                  113.06                      -23.074069
                  113.32                      -22.951384
                  113.58                      -22.833497
                  113.84                       -22.72026
                   114.1                      -22.611532
                  114.36                      -22.507185
                  114.62                      -22.407112
                  114.88                      -22.311222
                  115.14                      -22.219425
                   115.4                      -22.131639
                  115.66                      -22.047774
                  115.92                      -21.967743
                  116.18                       -21.89147
                  116.44                      -21.818892
                   116.7                       -21.74996
                  116.96                      -21.684631
                  117.22                      -21.622869
                  117.48                      -21.564631
                  117.74                      -21.509872
                     118                      -21.458555
                  118.26                      -21.410654
                  118.52                      -21.366156
                  118.78                      -21.325059
                  119.04                      -21.287364
                   119.3                      -21.253071
                  119.56                      -21.222179
                  119.82                      -21.194687
                  120.08                      -21.170607
                  120.34                      -21.149963
                   120.6                      -21.132793
                  120.86                      -21.119138
                  121.12                      -21.109043
                  121.38                      -21.102551
                  121.64                      -21.099704
                   121.9                      -21.100549
                  122.16                      -21.105149
                  122.42                      -21.113576
                  122.68                      -21.125912
                  122.94                      -21.142233
                   123.2                      -21.162614
                  123.46                      -21.187115
                  123.72                      -21.215801
                  123.98                       -21.24873
                  124.24                      -21.285963
                   124.5                      -21.327555
                  124.76                      -21.373538
                  125.02                      -21.423918
                  125.28                      -21.478658
                  125.54                      -21.537686
                   125.8                      -21.600893
                  126.06                      -21.668129
                  126.32                       -21.73919
                  126.58                      -21.813815
                  126.84                      -21.891658
                   127.1                      -21.972295
                  127.36                      -22.055219
                  127.62                      -22.139857
                  127.88                      -22.225573
                  128.14                      -22.311693
               128.39999                      -22.397503
                  128.66                      -22.482261
                  128.92                      -22.565222
               129.17999                      -22.645665
                  129.44                      -22.722935
                   129.7                      -22.796473
               129.96001                      -22.865851
                  130.22                      -22.930773
                  130.48                      -22.991078
               130.74001                      -23.046735
                     131                      -23.097842
               131.25999                      -23.144627
                  131.52                      -23.187444
                  131.78                      -23.226747
               132.03999                      -23.263064
                   132.3                      -23.296952
                  132.56                      -23.328972
               132.81999                      -23.359664
                  133.08                      -23.389555
                  133.34                      -23.419154
               133.60001                      -23.448955
                  133.86                      -23.479411
                  134.12                      -23.510918
                  134.38                      -23.543803
                  134.64                      -23.578329
               134.89999                      -23.614707
                  135.16                      -23.653127
                  135.42                      -23.693766
               135.67999                      -23.736778
                  135.94                      -23.782283
                   136.2                      -23.830344
               136.46001                      -23.880972
                  136.72                      -23.934155
                  136.98                      -23.989883
               137.24001                      -24.048166
                   137.5                      -24.109024
               137.75999                      -24.172462
                  138.02                      -24.238439
                  138.28                      -24.306866
               138.53999                      -24.377628
                   138.8                      -24.450631
                  139.06                      -24.525823
               139.31999                      -24.603194
                  139.58                      -24.682726
                  139.84                      -24.764344
               140.10001                      -24.847904
                  140.36                      -24.933221
                  140.62                       -25.02013
                  140.88                      -25.108543
                  141.14                       -25.19845
               141.39999                      -25.289852
                  141.66                      -25.382673
                  141.92                      -25.476703
               142.17999                      -25.571636
                  142.44                      -25.667176
                   142.7                      -25.763169
               142.96001                      -25.859658
                  143.22                      -25.956789
                  143.48                      -26.054629
               143.74001                      -26.152957
                     144                      -26.251185
               144.25999                       -26.34849
                  144.52                      -26.444082
                  144.78                      -26.537522
               145.03999                      -26.628861
                   145.3                      -26.718536
                  145.56                      -26.807063
               145.81999                      -26.894662
                  146.08                      -26.981056
                  146.34                      -27.065513
               146.60001                      -27.147125
                  146.86                      -27.225148
                  147.12                      -27.299204
                  147.38                      -27.369259
                  147.64                      -27.435398
               147.89999                       -27.49757
                  148.16                      -27.555447
                  148.42                      -27.608503
               148.67999                       -27.65621
                  148.94                      -27.698228
                   149.2                      -27.734465
               149.46001                      -27.764969
                  149.72                      -27.789747
                  149.98                      -27.808645
               150.24001                      -27.821375
                   150.5                      -27.827643
               150.75999                      -27.827312
                  151.02                      -27.820451
                  151.28                      -27.807264
               151.53999                      -27.787949
                   151.8                      -27.762593
                  152.06                       -27.73117
               152.31999                      -27.693656
                  152.58                      -27.650135
                  152.84                      -27.600867
               153.10001                      -27.546218
                  153.36                       -27.48655
                  153.62                      -27.422124
                  153.88                      -27.353094
                  154.14                      -27.279589
               154.39999                      -27.201811
                  154.66                      -27.120091
                  154.92                      -27.034838
               155.17999                      -26.946445
                  155.44                      -26.855212
                   155.7                      -26.761332
               155.96001                       -26.66495
                  156.22                      -26.566257
                  156.48                      -26.465534
               156.74001                      -26.363125
                     157                      -26.259364
               157.25999                      -26.154498
                  157.52                      -26.048673
                  157.78                      -25.941984
               158.03999                       -25.83455
                   158.3                       -25.72656
                  158.56                      -25.618261
               158.81999                      -25.509897
                  159.08                      -25.401646
                  159.34                      -25.293599
               159.60001                      -25.185789
                  159.86                      -25.078264
                  160.12                      -24.971127
                  160.38                       -24.86454
                  160.64                      -24.758677
               160.89999                      -24.653659
                  161.16                      -24.549535
                  161.42                      -24.446299
               161.67999                      -24.343944
                  161.94                      -24.242515
                   162.2                       -24.14211
               162.46001                      -24.042851
                  162.72                      -23.944829
                  162.98                      -23.848067
               163.24001                      -23.752537
                   163.5                      -23.658205
               163.75999                       -23.56507
                  164.02                      -23.473192
                  164.28                      -23.382657
               164.53999                      -23.293536
                   164.8                      -23.205845
                  165.06                       -23.11955
               165.31999                      -23.034599
                  165.58                      -22.950966
                  165.84                       -22.86868
               166.10001                      -22.787805
                  166.36                      -22.708401
                  166.62                      -22.630487
                  166.88                      -22.554028
                  167.14                      -22.478966
               167.39999                       -22.40526
                  167.66                      -22.332917
                  167.92                      -22.261982
               168.17999                      -22.192514
                  168.44                      -22.124533
                   168.7                      -22.058014
               168.96001                      -21.992895
                  169.22                      -21.929128
                  169.48                      -21.866704
               169.74001                      -21.805654
                     170                      -21.746031
               170.25999                      -21.687865
                  170.52                      -21.631136
                  170.78                      -21.575794
               171.03999                       -21.52178
                   171.3                      -21.469071
                  171.56                       -21.41769
               171.81999                      -21.367685
                  172.08                       -21.31909
                  172.34                      -21.271902
               172.60001                      -21.226075
                  172.86                      -21.181548
                  173.12                      -21.138289
                  173.38                       -21.09631
                  173.64                      -21.055651
               173.89999                      -21.016357
                  174.16                      -20.978434
                  174.42                      -20.941848
               174.67999                      -20.906539
                  174.94                      -20.872464
                   175.2                      -20.839626
               175.46001                      -20.808061
                  175.72                      -20.777817
                  175.98                      -20.748913
               176.24001                      -20.721328
                   176.5                      -20.695005
               176.75999                      -20.669897
                  177.02                      -20.645992
                  177.28                      -20.623324
               177.53999                      -20.601943
                   177.8                      -20.581883
                  178.06                      -20.563132
               178.31999                      -20.545643
                  178.58                      -20.529366
                  178.84                      -20.514277
               179.10001                      -20.500405
                  179.36                      -20.487801
                  179.62                      -20.476512
                  179.88                      -20.466541
                  180.14                      -20.457854
               180.39999                      -20.450395
                  180.66                      -20.444137
                  180.92                      -20.439099
               181.17999                      -20.435334
                  181.44                      -20.432899
                   181.7                      -20.431818
               181.96001                      -20.432067
                  182.22                      -20.433596
                  182.48                       -20.43637
               182.74001                      -20.440399
                     183                      -20.445737
               183.25999                      -20.452455
                  183.52                      -20.460594
                  183.78                      -20.470145
               184.03999                      -20.481069
                   184.3                      -20.493321
                  184.56                      -20.506907
               184.81999                      -20.521876
                  185.08                      -20.538308
                  185.34                      -20.556263
               185.60001                      -20.575753
                  185.86                      -20.596738
                  186.12                      -20.619176
                  186.38                      -20.643051
                  186.64                      -20.668408
               186.89999                      -20.695323
                  187.16                      -20.723867
                  187.42                      -20.754056
               187.67999                      -20.785851
                  187.94                      -20.819184
                   188.2                      -20.854008
               188.46001                      -20.890325
                  188.72                      -20.928181
                  188.98                      -20.967616
               189.24001                       -21.00862
                   189.5                      -21.051101
               189.75999                      -21.094919
                  190.02                      -21.139926
                  190.28                      -21.186015
               190.53999                      -21.233119
                   190.8                      -21.281168
                  191.06                      -21.330029
               191.31999                      -21.379479
                  191.58                      -21.429208
                  191.84                      -21.478885
               192.10001                      -21.528207
                  192.36                      -21.576928
                  192.62                      -21.624819
                  192.88                      -21.671619
                  193.14                      -21.716991
               193.39999                      -21.760538
                  193.66                      -21.801865
                  193.92                       -21.84066
               194.17999                      -21.876735
                  194.44                       -21.91001
                   194.7                      -21.940448
               194.96001                      -21.968005
                  195.22                      -21.992624
                  195.48                      -22.014284
               195.74001                       -22.03307
                     196                       -22.04922
               196.25999                      -22.063085
                  196.52                      -22.075061
                  196.78                      -22.085495
               197.03999                      -22.094658
                   197.3                      -22.102773
                  197.56                      -22.110081
               197.81999                      -22.116902
                  198.08                      -22.123611
                  198.34                      -22.130581
               198.60001                      -22.138095
                  198.86                      -22.146304
                  199.12                      -22.155263
                  199.38                      -22.164998
                  199.64                      -22.175587
               199.89999                      -22.187169
                  200.16                      -22.199912
                  200.42                      -22.213929
               200.67999                      -22.229244
                  200.94                      -22.245799
                   201.2                      -22.263512
               201.46001                      -22.282329
                  201.72                      -22.302229
                  201.98                      -22.323176
               202.24001                      -22.345058
                   202.5                      -22.367687
               202.75999                      -22.390838
                  203.02                      -22.414368
                  203.28                      -22.438284
               203.53999                      -22.462733
                   203.8                      -22.487895
                  204.06                      -22.513833
               204.31999                      -22.540415
                  204.58                      -22.567342
                  204.84                      -22.594308
               205.10001                      -22.621141
                  205.36                      -22.647882
                  205.62                      -22.674701
                  205.88                      -22.701742
                  206.14                       -22.72896
               206.39999                      -22.756112
                  206.66                       -22.78287
                  206.92                      -22.809013
               207.17999                      -22.834541
                  207.44                      -22.859644
                   207.7                      -22.884528
               207.96001                      -22.909227
                  208.22                      -22.933528
                  208.48                      -22.957081
               208.74001                      -22.979601
                     209                      -23.001054
               209.25999                      -23.021645
                  209.52                      -23.041659
                  209.78                       -23.06121
               210.03999                      -23.080128
                   210.3                      -23.098033
                  210.56                      -23.114571
               210.81999                      -23.129656
                  211.08                      -23.143512
                  211.34                      -23.156508
               211.60001                      -23.168868
                  211.86                      -23.180472
                  212.12                      -23.190914
                  212.38                       -23.19975
                  212.64                      -23.206816
               212.89999                      -23.212352
                  213.16                      -23.216834
                  213.42                      -23.220623
               213.67999                      -23.223683
                  213.94                      -23.225563
                   214.2                      -23.225699
               214.46001                      -23.223816
                  214.72                       -23.22015
                  214.98                      -23.215314
               215.24001                      -23.209865
                   215.5                      -23.203886
               215.75999                      -23.196878
                  216.02                      -23.188084
                  216.28                      -23.177034
               216.53999                      -23.163926
                   216.8                      -23.149571
                  217.06                      -23.134833
               217.31999                      -23.120003
                  217.58                       -23.10451
                  217.84                      -23.087232
               218.10001                      -23.067281
                  218.36                      -23.044721
                  218.62                      -23.020673
                  218.88                      -22.996633
                  219.14                      -22.973374
               219.39999                      -22.950127
                  219.66                      -22.924713
                  219.92                      -22.894686
               220.17999                      -22.858999
                  220.44                      -22.819132
                   220.7                      -22.778946
               220.96001                      -22.743127
                  221.22                      -22.715019
                  221.48                      -22.694938
               221.74001                      -22.679845
                     222                      -22.664596
               222.25999                      -22.644199
                  222.52                      -22.615956
                  222.78                       -22.58037
               223.03999                      -22.540422
                   223.3                      -22.499731
                  223.56                      -22.460725
               223.81999                      -22.423769
                  224.08                       -22.38754
                  224.34                      -22.350245
               224.60001                      -22.310853
                  224.86                      -22.269627
                  225.12                      -22.227758
                  225.38                       -22.18646
                  225.64                      -22.146189
               225.89999                      -22.106455
                  226.16                      -22.066283
                  226.42                      -22.024928
               226.67999                      -21.982369
                  226.94                      -21.939259
                   227.2                      -21.896432
               227.46001                      -21.854338
                  227.72                      -21.812785
                  227.98                       -21.77114
               228.24001                      -21.728814
                   228.5                      -21.685669
               228.75999                      -21.642096
                  229.02                      -21.598718
                  229.28                      -21.555957
               229.53999                      -21.513775
                   229.8                      -21.471741
                  230.06                      -21.429365
               230.31999                      -21.386451
                  230.58                      -21.343222
                  230.84                       -21.30016
               231.10001                      -21.257659
                  231.36                      -21.215774
                  231.62                      -21.174208
                  231.88                      -21.132547
                  232.14                      -21.090562
               232.39999                      -21.048365
                  232.66                      -21.006327
                  232.92                      -20.964811
               233.17999                      -20.923933
                  233.44                      -20.883496
                   233.7                       -20.84315
               233.96001                       -20.80265
                  234.22                      -20.762025
                  234.48                      -20.721554
               234.74001                      -20.681571
                     235                      -20.642228
               235.25999                      -20.603412
                  235.52                      -20.564828
                  235.78                      -20.526225
               236.03999                      -20.487569
                   236.3                      -20.449066
                  236.56                       -20.41101
               236.81999                      -20.373584
                  237.08                      -20.336736
                  237.34                      -20.300226
               237.60001                      -20.263805
                  237.86                      -20.227392
                  238.12                      -20.191125
                  238.38                      -20.155264
                  238.64                      -20.120007
               238.89999                      -20.085354
                  239.16                      -20.051115
                  239.42                      -20.017054
               239.67999                      -19.983048
                  239.94                      -19.949182
                   240.2                      -19.915677
               240.46001                      -19.882737
                  240.72                      -19.850409
                  240.98                      -19.818546
               241.24001                       -19.78693
                   241.5                      -19.755412
               241.75999                      -19.724024
                  242.02                      -19.692952
                  242.28                      -19.662397
               242.53999                      -19.632442
                   242.8                      -19.602989
                  243.06                      -19.573835
               243.31999                      -19.544816
                  243.58                      -19.515921
                  243.84                      -19.487294
               244.10001                      -19.459134
                  244.36                      -19.431549
                  244.62                      -19.404485
                  244.88                      -19.377762
                  245.14                      -19.351208
               245.39999                      -19.324773
                  245.66                      -19.298565
                  245.92                      -19.272769
               246.17999                      -19.247515
                  246.44                      -19.222787
                   246.7                      -19.198437
               246.96001                      -19.174288
                  247.22                      -19.150257
                  247.48                      -19.126416
               247.74001                      -19.102933
                     248                      -19.079954
               248.25999                        -19.0575
                  248.52                      -19.035453
                  248.78                      -19.013636
               249.03999                      -18.991945
                   249.3                      -18.970414
                  249.56                      -18.949191
               249.81999                       -18.92843
                  250.08                      -18.908186
                  250.34                      -18.888372
               250.60001                      -18.868821
                  250.86                      -18.849409
                  251.12                      -18.830135
                  251.38                      -18.811125
                  251.64                      -18.792536
               251.89999                      -18.774449
                  252.16                       -18.75681
                  252.42                       -18.73947
               252.67999                      -18.722287
                  252.94                      -18.705231
                   253.2                      -18.688397
               253.46001                      -18.671944
                  253.72                      -18.655977
                  253.98                      -18.640472
               254.24001                      -18.625297
                   254.5                      -18.610307
               254.75999                      -18.595438
                  255.02                       -18.58076
                  255.28                      -18.566422
               255.53999                      -18.552547
                   255.8                      -18.539144
                  256.06                      -18.526105
               256.32001                      -18.513278
               256.57999                      -18.500576
                  256.84                      -18.488038
               257.10001                      -18.475801
               257.35999                         -18.464
                  257.62                      -18.452676
                  257.88                      -18.441742
               258.13998                      -18.431052
               258.39999                      -18.420496
                  258.66                      -18.410083
               258.92001                      -18.399932
               259.17999                      -18.390186
                  259.44                      -18.380912
               259.70001                      -18.372053
               259.95999                      -18.363468
                  260.22                      -18.355031
               260.48001                       -18.34672
               260.73999                      -18.338632
                     261                      -18.330912
               261.26001                      -18.323654
               261.51999                      -18.316827
                  261.78                      -18.310301
               262.04001                      -18.303941
               262.29999                      -18.297693
                  262.56                       -18.29163
               262.82001                      -18.285895
               263.07999                      -18.280601
                  263.34                      -18.275746
               263.60001                      -18.271219
               263.85999                      -18.266873
                  264.12                      -18.262631
                  264.38                      -18.258538
               264.63998                      -18.254727
               264.89999                      -18.251327
                  265.16                      -18.248367
               265.42001                      -18.245755
               265.67999                      -18.243344
                  265.94                       -18.24103
               266.20001                       -18.23883
               266.45999                      -18.236863
                  266.72                      -18.235271
               266.98001                      -18.234109
               267.23999                      -18.233312
                   267.5                      -18.232734
               267.76001                       -18.23225
               268.01999                      -18.231848
                  268.28                      -18.231629
               268.54001                       -18.23174
               268.79999                      -18.232265
                  269.06                      -18.233165
               269.32001                        -18.2343
               269.57999                      -18.235533
                  269.84                      -18.236817
               270.10001                      -18.238234
               270.35999                      -18.239932
                  270.62                      -18.242017
                  270.88                      -18.244481
               271.13998                      -18.247198
               271.39999                      -18.250016
                  271.66                      -18.252861
               271.92001                       -18.25579
               272.17999                      -18.258945
                  272.44                      -18.262454
               272.70001                      -18.266337
               272.95999                      -18.270488
                  273.22                      -18.274748
               273.48001                      -18.279017
               273.73999                       -18.28332
                     274                       -18.28779
               274.26001                      -18.292574
               274.51999                      -18.297721
                  274.78                      -18.303147
               275.04001                      -18.308692
               275.29999                      -18.314229
                  275.56                      -18.319755
               275.82001                      -18.325388
               276.07999                      -18.331283
                  276.34                      -18.337521
               276.60001                      -18.344045
               276.85999                      -18.350698
                  277.12                      -18.357331
                  277.38                      -18.363908
               277.63998                      -18.370527
               277.89999                      -18.377352
                  278.16                      -18.384487
               278.42001                      -18.391907
               278.67999                      -18.399464
                  278.94                      -18.406992
               279.20001                      -18.414419
               279.45999                      -18.421821
                  279.72                       -18.42936
               279.98001                      -18.437166
               280.23999                      -18.445245
                   280.5                      -18.453462
               280.76001                      -18.461639
               281.01999                      -18.469673
                  281.28                      -18.477607
               281.54001                      -18.485597
               281.79999                      -18.493796
                  282.06                       -18.50224
               282.32001                      -18.510817
               282.57999                      -18.519336
                  282.84                      -18.527666
               283.10001                      -18.535813
               283.35999                      -18.543923
                  283.62                      -18.552162
                  283.88                      -18.560601
               284.13998                       -18.56915
               284.39999                      -18.577618
                  284.66                      -18.585839
               284.92001                      -18.593786
               285.17999                      -18.601582
                  285.44                      -18.609408
               285.70001                      -18.617363
               285.95999                      -18.625384
                  286.22                      -18.633284
               286.48001                      -18.640871
               286.73999                      -18.648078
                     287                      -18.655002
               287.26001                      -18.661827
               287.51999                      -18.668683
                  287.78                      -18.675537
               288.04001                      -18.682213
               288.29999                      -18.688494
                  288.56                      -18.694276
               288.82001                      -18.699625
               289.07999                      -18.704721
                  289.34                      -18.709724
               289.60001                      -18.714636
               289.85999                      -18.719297
                  290.12                      -18.723476
                  290.38                       -18.72703
               290.63998                      -18.729994
               290.89999                      -18.732544
                  291.16                      -18.734863
               291.42001                      -18.736999
               291.67999                      -18.738813
                  291.94                      -18.740078
               292.20001                      -18.740616
               292.45999                      -18.740432
                  292.72                      -18.739695
               292.98001                      -18.738619
               293.23999                      -18.737298
                   293.5                      -18.735638
               293.76001                      -18.733417
               294.01999                      -18.730443
                  294.28                      -18.726693
               294.54001                      -18.722333
               294.79999                      -18.717603
                  295.06                      -18.712654
               295.32001                      -18.707447
               295.57999                      -18.701781
                  295.84                       -18.69546
               296.10001                      -18.688433
               296.35999                      -18.680857
                  296.62                      -18.672998
                  296.88                      -18.665059
               297.13998                      -18.657058
               297.39999                      -18.648824
                  297.66                      -18.640151
               297.92001                      -18.630958
               298.17999                      -18.621376
                  298.44                      -18.611677
               298.70001                      -18.602104
               298.95999                       -18.59272
                  299.22                      -18.583381
               299.48001                      -18.573863
               299.73999                      -18.564038
                     300                      -18.553989

