        Frequency / MHz                S1,1 (60)/arg,degrees
----------------------------------------------------------------------
                      40                      -22.056536
               40.259998                      -28.097459
                   40.52                      -34.105091
               40.779999                      -40.078686
               41.040001                      -46.019447
               41.299999                      -51.929413
               41.560001                      -57.810106
                   41.82                      -63.661514
               42.079998                      -69.482265
                   42.34                      -75.270604
               42.599998                      -81.025981
               42.860001                      -86.750007
               43.119999                      -92.446447
               43.380001                      -98.120216
               43.639999                      -103.77567
               43.900002                      -109.41535
                   44.16                      -115.03999
               44.419998                      -120.64946
                   44.68                      -126.24442
               44.939999                      -131.82791
               45.200001                      -137.40543
               45.459999                      -142.98379
               45.720001                      -148.56955
                   45.98                      -154.16696
               46.240002                      -159.77814
                    46.5                      -165.40369
               46.759998                      -171.04498
                   47.02                      -176.70575
               47.279999                       177.60709
               47.540001                        171.8848
               47.799999                       166.11884
               48.060001                       160.30292
                   48.32                       154.43402
               48.579998                       148.51108
                   48.84                       142.53302
               49.099998                       136.49621
               49.360001                       130.39363
               49.619999                       124.21564
               49.880001                       117.95307
               50.139999                       111.59993
               50.400002                       105.15518
                   50.66                       98.622266
               50.919998                       92.006436
                   51.18                       85.311921
               51.439999                       78.540144
               51.700001                        71.69034
               51.959999                       64.762915
               52.220001                       57.762793
                   52.48                       50.702426
               52.740002                       43.601133
                      53                       36.481996
               53.259998                       29.367099
                   53.52                       22.273782
               53.779999                       15.213472
               54.040001                       8.1941134
               54.299999                       1.2241784
               54.560001                      -5.6837655
                   54.82                      -12.512507
               55.079998                      -19.243112
                   55.34                       -25.86017
               55.599998                      -32.356555
               55.860001                       -38.73516
               56.119999                      -45.005685
               56.380001                      -51.179383
               56.639999                       -57.26262
               56.900002                      -63.254937
                   57.16                      -69.150651
               57.419998                      -74.944835
                   57.68                      -80.639656
               57.939999                      -86.247241
               58.200001                      -91.787671
               58.459999                      -97.282231
               58.720001                      -102.74575
                   58.98                      -108.18286
               59.240002                      -113.58952
                    59.5                      -118.96089
               59.759998                      -124.29965
                   60.02                      -129.62211
               60.279999                      -134.95671
               60.540001                      -140.33562
               60.799999                      -145.78431
               61.060001                      -151.31501
                   61.32                      -156.92822
               61.579998                      -162.62323
                   61.84                      -168.41289
               62.099998                      -174.33608
               62.360001                        179.5391
               62.619999                       173.12194
               62.880001                        166.3111
               63.139999                       158.99919
               63.400002                       151.05699
                   63.66                       142.28315
               63.919998                        132.2979
                   64.18                       120.32392
               64.440002                       104.69088
               64.699997                       81.755978
               64.959999                       45.942674
               65.220001                       2.8308473
               65.480003                      -30.144923
               65.739998                       -53.06917
                      66                      -71.211464
               66.260002                      -87.283554
               66.519997                      -102.45357
               66.779999                      -117.23104
               67.040001                      -131.83699
               67.300003                      -146.35967
               67.559998                      -160.82453
                   67.82                         -175.23
               68.080002                       170.43349
               68.339996                       156.17222
               68.599998                        141.9863
               68.860001                       127.87436
               69.120003                       113.84821
               69.379997                       99.953969
               69.639999                       86.287799
               69.900002                       72.994176
               70.159996                       60.241719
               70.419998                       48.187255
                   70.68                       36.943343
               70.940002                       26.562002
               71.199997                       17.031539
               71.459999                       8.2868202
               71.720001                      0.23025658
               71.980003                      -7.2462319
               72.239998                      -14.237396
                    72.5                       -20.81394
               72.760002                      -27.021323
               73.019997                      -32.889604
               73.279999                      -38.446316
               73.540001                       -43.72447
               73.800003                      -48.765364
               74.059998                      -53.612179
                   74.32                      -58.300857
               74.580002                      -62.854463
               74.839996                      -67.282392
               75.099998                      -71.586177
               75.360001                       -75.76822
               75.620003                      -79.837483
               75.879997                      -83.810576
               76.139999                      -87.707172
               76.400002                      -91.543553
               76.659996                      -95.328243
               76.919998                      -99.061132
                   77.18                      -102.73818
               77.440002                      -106.35698
               77.699997                      -109.92179
               77.959999                      -113.44311
               78.220001                      -116.93448
               78.480003                      -120.40629
               78.739998                      -123.86303
                      79                      -127.30249
               79.260002                      -130.72042
               79.519997                      -134.11498
               79.779999                      -137.49018
               80.040001                      -140.85642
               80.300003                      -144.22551
               80.559998                      -147.60706
                   80.82                      -151.00521
               81.080002                      -154.41976
               81.339996                      -157.84961
               81.599998                      -161.29814
               81.860001                      -164.77553
               82.120003                      -168.29914
               82.379997                      -171.88975
               82.639999                      -175.56668
               82.900002                      -179.34667
               83.159996                       176.75345
               83.419998                       172.71151
                   83.68                       168.49187
               83.940002                       164.03881
               84.199997                        159.2732
               84.459999                        154.0887
               84.720001                       148.34642
               84.980003                       141.86189
               85.239998                         134.383
                    85.5                       125.56375
               85.760002                       114.95827
               86.019997                       102.10899
               86.279999                       86.851443
               86.540001                       69.830939
               86.800003                       52.651211
               87.059998                       37.024176
                   87.32                       23.789347
               87.580002                       12.901587
               87.839996                       3.9362255
               88.099998                      -3.5659452
               88.360001                      -9.9822796
               88.620003                      -15.596475
               88.879997                      -20.614864
               89.139999                      -25.183768
               89.400002                      -29.404169
               89.659996                       -33.34513
               89.919998                      -37.055075
                   90.18                      -40.571252
               90.440002                      -43.925915
               90.699997                      -47.147581
               90.959999                      -50.260616
               91.220001                      -53.283709
               91.480003                       -56.22823
               91.739998                      -59.101178
                      92                      -61.906689
               92.260002                      -64.649583
               92.519997                      -67.336305
               92.779999                      -69.975054
               93.040001                      -72.573259
               93.300003                      -75.135509
               93.559998                      -77.663553
                   93.82                        -80.1575
               94.080002                      -82.616369
               94.339996                      -85.041578
               94.599998                      -87.436406
               94.860001                      -89.805007
               95.120003                      -92.150876
               95.379997                      -94.475326
               95.639999                      -96.777482
               95.900002                      -99.055597
               96.159996                      -101.30847
               96.419998                      -103.53718
                   96.68                       -105.7447
               96.940002                       -107.9343
               97.199997                      -110.10805
               97.459999                      -112.26551
               97.720001                      -114.40451
               97.980003                       -116.5223
               98.239998                      -118.61748
                    98.5                      -120.69036
               98.760002                      -122.74345
               99.019997                      -124.77918
               99.279999                      -126.79884
               99.540001                      -128.80112
               99.800003                      -130.78385
                  100.06                      -132.74406
                  100.32                      -134.68044
                  100.58                      -136.59333
                  100.84                      -138.48415
                   101.1                      -140.35343
                  101.36                      -142.20021
                  101.62                      -144.02152
                  101.88                      -145.81311
                  102.14                      -147.57158
                   102.4                      -149.29431
                  102.66                      -150.98044
                  102.92                      -152.62876
                  103.18                       -154.2362
                  103.44                      -155.79666
                   103.7                      -157.30148
                  103.96                      -158.74052
                  104.22                      -160.10306
                  104.48                      -161.37894
                  104.74                      -162.55592
                     105                      -163.61728
                  105.26                      -164.53842
                  105.52                      -165.28406
                  105.78                      -165.80589
                  106.04                      -166.04107
                   106.3                      -165.90544
                  106.56                      -165.28308
                  106.82                      -164.00392
                  107.08                      -161.80864
                  107.34                      -158.29869
                   107.6                      -152.87683
                  107.86                       -144.7335
                  108.12                      -133.09759
                  108.38                       -118.1422
                  108.64                      -102.05869
                   108.9                      -87.963697
                  109.16                      -77.385864
                  109.42                      -70.075923
                  109.68                      -65.212719
                  109.94                      -62.060341
                   110.2                      -60.090732
                  110.46                      -58.947415
                  110.72                      -58.391491
                  110.98                      -58.263304
                  111.24                      -58.455531
                   111.5                      -58.894739
                  111.76                      -59.528144
                  112.02                      -60.315529
                  112.28                      -61.224215
                  112.54                      -62.228199
                   112.8                      -63.306931
                  113.06                       -64.44588
                  113.32                       -65.63499
                  113.58                       -66.86628
                  113.84                      -68.133636
                   114.1                      -69.430061
                  114.36                      -70.749435
                  114.62                      -72.085967
                  114.88                      -73.435503
                  115.14                      -74.795748
                   115.4                      -76.165501
                  115.66                      -77.543998
                  115.92                      -78.929159
                  116.18                       -80.31935
                  116.44                      -81.711834
                   116.7                      -83.104755
                  116.96                      -84.497349
                  117.22                      -85.889286
                  117.48                      -87.280896
                  117.74                      -88.671742
                     118                      -90.060947
                  118.26                      -91.446875
                  118.52                       -92.82854
                  118.78                      -94.204741
                  119.04                      -95.575479
                   119.3                      -96.941079
                  119.56                      -98.301435
                  119.82                      -99.655888
                  120.08                      -101.00346
                  120.34                      -102.34272
                   120.6                      -103.67335
                  120.86                      -104.99491
                  121.12                       -106.3074
                  121.38                      -107.61082
                  121.64                       -108.9044
                   121.9                      -110.18662
                  122.16                      -111.45594
                  122.42                      -112.71106
                  122.68                      -113.95175
                  122.94                      -115.17856
                   123.2                      -116.39204
                  123.46                      -117.59218
                  123.72                      -118.77747
                  123.98                      -119.94581
                  124.24                      -121.09459
                   124.5                      -122.22207
                  124.76                      -123.32725
                  125.02                      -124.41002
                  125.28                      -125.47018
                  125.54                      -126.50684
                   125.8                      -127.51749
                  126.06                       -128.4994
                  126.32                      -129.44939
                  126.58                      -130.36486
                  126.84                      -131.24447
                   127.1                      -132.08639
                  127.36                      -132.88864
                  127.62                      -133.64794
                  127.88                      -134.35937
                  128.14                       -135.0178
               128.39999                      -135.61831
                  128.66                      -136.15609
                  128.92                      -136.62699
               129.17999                      -137.02566
                  129.44                      -137.34542
                   129.7                      -137.57797
               129.96001                      -137.71304
                  130.22                      -137.74015
                  130.48                      -137.64857
               130.74001                      -137.42782
                     131                       -137.0662
               131.25999                      -136.55006
                  131.52                      -135.86343
                  131.78                      -134.98818
               132.03999                      -133.90573
                   132.3                      -132.59914
                  132.56                      -131.05334
               132.81999                      -129.25596
                  133.08                      -127.19718
                  133.34                      -124.87098
               133.60001                      -122.27824
                  133.86                       -119.4301
                  134.12                      -116.35226
                  134.38                      -113.08557
                  134.64                      -109.68348
               134.89999                      -106.20828
                  135.16                      -102.72499
                  135.42                      -99.298422
               135.67999                      -95.989224
                  135.94                      -92.850725
                   136.2                       -89.92489
               136.46001                      -87.240352
                  136.72                      -84.810882
                  136.98                      -82.638662
               137.24001                      -80.717248
                   137.5                       -79.03582
               137.75999                      -77.581045
                  138.02                      -76.338606
                  138.28                      -75.292332
               138.53999                      -74.425279
                   138.8                      -73.719747
                  139.06                      -73.159344
               139.31999                      -72.729533
                  139.58                      -72.417968
                  139.84                      -72.214264
               140.10001                      -72.108697
                  140.36                      -72.092195
                  140.62                      -72.155799
                  140.88                       -72.29109
                  141.14                      -72.491297
               141.39999                      -72.751062
                  141.66                      -73.065579
                  141.92                      -73.431132
               142.17999                      -73.843674
                  142.44                      -74.298618
                   142.7                      -74.791705
               142.96001                      -75.319431
                  143.22                      -75.878414
                  143.48                      -76.466139
               143.74001                      -77.080855
                     144                      -77.719833
               144.25999                      -78.380886
                  144.52                      -79.060955
                  144.78                      -79.757525
               145.03999                       -80.46863
                   145.3                      -81.192739
                  145.56                      -81.928541
               145.81999                      -82.675273
                  146.08                      -83.431183
                  146.34                      -84.194852
               146.60001                      -84.964315
                  146.86                      -85.738476
                  147.12                      -86.516353
                  147.38                      -87.297508
                  147.64                      -88.081395
               147.89999                      -88.867467
                  148.16                      -89.654524
                  148.42                      -90.441799
               148.67999                      -91.227871
                  148.94                      -92.012414
                   149.2                      -92.794881
               149.46001                      -93.575271
                  149.72                      -94.353366
                  149.98                      -95.128292
               150.24001                      -95.899502
                   150.5                      -96.665904
               150.75999                      -97.426951
                  151.02                      -98.182096
                  151.28                       -98.93156
               151.53999                      -99.674685
                   151.8                      -100.41169
                  152.06                       -101.1417
               152.31999                      -101.86417
                  152.58                      -102.57823
                  152.84                      -103.28321
               153.10001                       -103.9788
                  153.36                      -104.66433
                  153.62                      -105.33959
                  153.88                      -106.00392
                  154.14                      -106.65689
               154.39999                      -107.29772
                  154.66                       -107.9261
                  154.92                      -108.54191
               155.17999                      -109.14417
                  155.44                      -109.73266
                   155.7                      -110.30628
               155.96001                      -110.86417
                  156.22                      -111.40534
                  156.48                      -111.92925
               156.74001                      -112.43545
                     157                      -112.92339
               157.25999                      -113.39233
                  157.52                      -113.84159
                  157.78                      -114.26965
               158.03999                      -114.67564
                   158.3                      -115.05835
                  158.56                      -115.41723
               158.81999                      -115.75164
                  159.08                      -116.06069
                  159.34                      -116.34351
               159.60001                      -116.59858
                  159.86                      -116.82458
                  160.12                      -117.02031
                  160.38                      -117.18467
                  160.64                      -117.31712
               160.89999                      -117.41678
                  161.16                      -117.48257
                  161.42                      -117.51317
               161.67999                      -117.50716
                  161.94                      -117.46334
                   162.2                      -117.38072
               162.46001                      -117.25887
                  162.72                      -117.09724
                  162.98                       -116.8955
               163.24001                      -116.65257
                   163.5                      -116.36767
               163.75999                      -116.04036
                  164.02                      -115.67044
                  164.28                      -115.25833
               164.53999                      -114.80492
                   164.8                      -114.31107
                  165.06                      -113.77744
               165.31999                      -113.20491
                  165.58                      -112.59456
                  165.84                      -111.94815
               166.10001                       -111.2683
                  166.36                      -110.55774
                  166.62                      -109.81986
                  166.88                       -109.0574
                  167.14                      -108.27329
               167.39999                      -107.47094
                  167.66                      -106.65383
                  167.92                      -105.82634
               168.17999                      -104.99283
                  168.44                      -104.15769
                   168.7                      -103.32496
               168.96001                      -102.49834
                  169.22                      -101.68079
                  169.48                      -100.87625
               169.74001                      -100.08799
                     170                      -99.319843
               170.25999                      -98.574751
                  170.52                      -97.855122
                  170.78                      -97.162705
               171.03999                      -96.498811
                   171.3                      -95.864532
                  171.56                      -95.261071
               171.81999                      -94.689521
                  172.08                      -94.150646
                  172.34                       -93.64412
               172.60001                      -93.169722
                  172.86                       -92.72636
                  173.12                      -92.313161
                  173.38                      -91.929469
                  173.64                      -91.574736
               173.89999                      -91.248198
                  174.16                      -90.948872
                  174.42                      -90.675337
               174.67999                      -90.426171
                  174.94                      -90.200174
                   175.2                       -89.99658
               175.46001                      -89.814951
                  175.72                      -89.654633
                  175.98                      -89.515297
               176.24001                      -89.396069
                   176.5                      -89.296513
               176.75999                      -89.215752
                  177.02                      -89.153461
                  177.28                      -89.109748
               177.53999                      -89.084831
                   177.8                      -89.078493
                  178.06                      -89.090405
               178.31999                      -89.120239
                  178.58                      -89.167121
                  178.84                      -89.230833
               179.10001                      -89.311375
                  179.36                      -89.408418
                  179.62                      -89.521854
                  179.88                      -89.651136
                  180.14                       -89.79539
               180.39999                      -89.953959
                  180.66                       -90.12608
                  180.92                      -90.311424
               181.17999                      -90.509554
                  181.44                      -90.719924
                   181.7                      -90.942424
               181.96001                      -91.175744
                  182.22                      -91.419335
                  182.48                      -91.672326
               182.74001                      -91.934277
                     183                       -92.20508
               183.25999                       -92.48408
                  183.52                      -92.771167
                  183.78                      -93.065466
               184.03999                      -93.366212
                   184.3                       -93.67297
                  184.56                      -93.985191
               184.81999                      -94.302986
                  185.08                      -94.625809
                  185.34                      -94.953657
               185.60001                      -95.285769
                  185.86                      -95.621814
                  186.12                      -95.961138
                  186.38                      -96.303631
                  186.64                      -96.648856
               186.89999                      -96.996595
                  187.16                      -97.346956
                  187.42                      -97.699503
               187.67999                      -98.053471
                  187.94                       -98.40864
                   188.2                      -98.764356
               188.46001                      -99.120401
                  188.72                      -99.476663
                  188.98                      -99.833035
               189.24001                      -100.18897
                   189.5                      -100.54392
               189.75999                      -100.89734
                  190.02                       -101.2488
                  190.28                      -101.59774
               190.53999                      -101.94416
                   190.8                      -102.28786
                  191.06                      -102.62828
               191.31999                      -102.96498
                  191.58                      -103.29742
                  191.84                      -103.62483
               192.10001                      -103.94699
                  192.36                       -104.2637
                  192.62                      -104.57461
                  192.88                      -104.87962
                  193.14                      -105.17807
               193.39999                      -105.46953
                  193.66                      -105.75323
                  193.92                      -106.02873
               194.17999                      -106.29592
                  194.44                      -106.55471
                   194.7                      -106.80486
               194.96001                      -107.04583
                  195.22                      -107.27707
                  195.48                      -107.49804
               195.74001                      -107.70808
                     196                      -107.90719
               196.25999                      -108.09516
                  196.52                       -108.2722
                  196.78                      -108.43776
               197.03999                       -108.5912
                   197.3                      -108.73195
                  197.56                      -108.85938
               197.81999                      -108.97292
                  198.08                      -109.07259
                  198.34                      -109.15848
               198.60001                      -109.23039
                  198.86                      -109.28809
                  199.12                      -109.33126
                  199.38                      -109.35935
                  199.64                       -109.3718
               199.89999                      -109.36863
                  200.16                      -109.34962
                  200.42                      -109.31498
               200.67999                      -109.26427
                  200.94                      -109.19739
                   201.2                       -109.1139
               201.46001                      -109.01379
                  201.72                      -108.89686
                  201.98                      -108.76343
               202.24001                      -108.61382
                   202.5                       -108.4476
               202.75999                       -108.2652
                  203.02                      -108.06642
                  203.28                      -107.85135
               203.53999                      -107.62011
                   203.8                      -107.37346
                  204.06                      -107.11172
               204.31999                      -106.83545
                  204.58                      -106.54487
                  204.84                      -106.24019
               205.10001                      -105.92207
                  205.36                      -105.59094
                  205.62                      -105.24779
                  205.88                       -104.8936
                  206.14                      -104.52882
               206.39999                      -104.15452
                  206.66                      -103.77127
                  206.92                      -103.37971
               207.17999                      -102.98082
                  207.44                      -102.57582
                   207.7                       -102.1659
               207.96001                      -101.75215
                  208.22                      -101.33546
                  208.48                      -100.91679
               208.74001                      -100.49682
                     209                      -100.07674
               209.25999                      -99.657854
                  209.52                      -99.241158
                  209.78                      -98.828178
               210.03999                       -98.41946
                   210.3                      -98.015877
                  210.56                      -97.618196
               210.81999                      -97.227291
                  211.08                      -96.844254
                  211.34                      -96.469959
               211.60001                      -96.105501
                  211.86                      -95.751315
                  212.12                      -95.407947
                  212.38                      -95.075945
                  212.64                      -94.755747
               212.89999                      -94.447787
                  213.16                      -94.152941
                  213.42                      -93.871756
               213.67999                       -93.60434
                  213.94                      -93.351022
                   214.2                      -93.111692
               214.46001                       -92.88646
                  214.72                      -92.675544
                  214.98                      -92.479272
               215.24001                      -92.297862
                   215.5                      -92.131205
               215.75999                      -91.979302
                  216.02                      -91.841605
                  216.28                      -91.718006
               216.53999                      -91.608395
                   216.8                      -91.512991
                  217.06                      -91.431357
               217.31999                      -91.363601
                  217.58                      -91.309287
                  217.84                      -91.267978
               218.10001                      -91.238909
                  218.36                       -91.22208
                  218.62                      -91.217271
                  218.88                      -91.224374
                  219.14                      -91.242953
               219.39999                      -91.272568
                  219.66                      -91.312785
                  219.92                      -91.362836
               220.17999                      -91.422505
                  220.44                      -91.491572
                   220.7                      -91.569709
               220.96001                      -91.656807
                  221.22                      -91.752321
                  221.48                      -91.855812
               221.74001                      -91.966625
                     222                      -92.084541
               222.25999                      -92.209452
                  222.52                      -92.341028
                  222.78                      -92.479381
               223.03999                      -92.624071
                   223.3                      -92.774554
                  223.56                      -92.930829
               223.81999                       -93.09224
                  224.08                      -93.259006
                  224.34                      -93.430908
               224.60001                      -93.608056
                  224.86                      -93.790121
                  225.12                      -93.976886
                  225.38                      -94.168132
                  225.64                       -94.36353
               225.89999                      -94.562862
                  226.16                      -94.766346
                  226.42                      -94.973766
               226.67999                        -95.1849
                  226.94                      -95.399751
                   227.2                      -95.617771
               227.46001                      -95.838741
                  227.72                      -96.062334
                  227.98                      -96.288659
               228.24001                      -96.517607
                   228.5                       -96.74885
               228.75999                      -96.982497
                  229.02                      -97.217893
                  229.28                      -97.454709
               229.53999                      -97.692728
                   229.8                      -97.932057
                  230.06                      -98.172261
               230.31999                      -98.413558
                  230.58                      -98.655511
                  230.84                      -98.897792
               231.10001                      -99.140291
                  231.36                      -99.382353
                  231.62                      -99.624196
                  231.88                      -99.865602
                  232.14                      -100.10657
               232.39999                      -100.34677
                  232.66                      -100.58621
                  232.92                      -100.82423
               233.17999                      -101.06083
                  233.44                      -101.29568
                   233.7                      -101.52867
               233.96001                      -101.76013
                  234.22                      -101.98963
                  234.48                      -102.21705
               234.74001                      -102.44184
                     235                      -102.66423
               235.25999                      -102.88345
                  235.52                      -103.09983
                  235.78                      -103.31337
               236.03999                      -103.52396
                   236.3                      -103.73116
                  236.56                      -103.93508
               236.81999                      -104.13496
                  237.08                      -104.33091
                  237.34                      -104.52292
               237.60001                      -104.71088
                  237.86                      -104.89492
                  238.12                      -105.07458
                  238.38                      -105.24976
                  238.64                      -105.41991
               238.89999                      -105.58526
                  239.16                      -105.74536
                  239.42                      -105.90043
               239.67999                      -106.05026
                  239.94                      -106.19506
                   240.2                      -106.33406
               240.46001                      -106.46717
                  240.72                      -106.59416
                  240.98                      -106.71492
               241.24001                      -106.82944
                   241.5                      -106.93796
               241.75999                      -107.03992
                  242.02                      -107.13522
                  242.28                      -107.22341
               242.53999                      -107.30428
                   242.8                      -107.37783
                  243.06                      -107.44405
               243.31999                      -107.50306
                  243.58                      -107.55443
                  243.84                      -107.59803
               244.10001                      -107.63322
                  244.36                      -107.65988
                  244.62                      -107.67825
                  244.88                      -107.68841
                  245.14                      -107.69059
               245.39999                       -107.6848
                  245.66                      -107.67038
                  245.92                      -107.64699
               246.17999                      -107.61377
                  246.44                      -107.57071
                   246.7                      -107.51815
               246.96001                      -107.45695
                  247.22                      -107.38744
                  247.48                      -107.30996
               247.74001                       -107.2245
                     248                      -107.13041
               248.25999                      -107.02768
                  248.52                      -106.91654
                  248.78                      -106.79721
               249.03999                      -106.67066
                   249.3                      -106.53733
                  249.56                      -106.39734
               249.81999                      -106.25068
                  250.08                      -106.09758
                  250.34                      -105.93802
               250.60001                      -105.77268
                  250.86                      -105.60242
                  251.12                      -105.42756
                  251.38                      -105.24856
                  251.64                      -105.06529
               251.89999                      -104.87776
                  252.16                       -104.6864
                  252.42                      -104.49133
               252.67999                      -104.29331
                  252.94                      -104.09289
                   253.2                      -103.89017
               253.46001                      -103.68504
                  253.72                      -103.47741
                  253.98                      -103.26747
               254.24001                      -103.05546
                   254.5                      -102.84193
               254.75999                      -102.62718
                  255.02                      -102.41146
                  255.28                      -102.19486
               255.53999                      -101.97695
                   255.8                      -101.75795
                  256.06                      -101.53796
               256.32001                      -101.31775
               256.57999                      -101.09755
                  256.84                      -100.87767
               257.10001                      -100.65812
               257.35999                      -100.43868
                  257.62                      -100.21946
                  257.88                      -100.00089
               258.13998                      -99.783093
               258.39999                       -99.56693
                  258.66                      -99.352409
               258.92001                      -99.139635
               259.17999                      -98.928718
                  259.44                      -98.719442
               259.70001                       -98.51235
               259.95999                      -98.307444
                  260.22                      -98.105709
               260.48001                       -97.90725
               260.73999                       -97.71207
                     261                       -97.52017
               261.26001                      -97.331438
               261.51999                      -97.146094
                  261.78                      -96.964684
               262.04001                      -96.787646
               262.29999                      -96.614978
                  262.56                      -96.447119
               262.82001                      -96.283851
               263.07999                      -96.124844
                  263.34                      -95.970537
               263.60001                      -95.820928
               263.85999                      -95.676674
                  264.12                      -95.537885
                  264.38                      -95.404669
               264.63998                      -95.276808
               264.89999                      -95.154302
                  265.16                      -95.036822
               265.42001                      -94.924807
               265.67999                      -94.818365
                  265.94                      -94.718043
               266.20001                      -94.623623
               266.45999                      -94.534995
                  266.72                      -94.451939
               266.98001                       -94.37413
               267.23999                      -94.301894
                   267.5                      -94.235231
               267.76001                       -94.17447
               268.01999                      -94.119719
                  268.28                       -94.07076
               268.54001                      -94.027047
               268.79999                      -93.988688
                  269.06                      -93.955248
               269.32001                      -93.927162
               269.57999                      -93.904541
                  269.84                      -93.887493
               270.10001                       -93.87569
               270.35999                      -93.868915
                  270.62                      -93.866729
                  270.88                      -93.868915
               271.13998                      -93.875908
               271.39999                      -93.887602
                  271.66                      -93.904104
               271.92001                      -93.925195
               272.17999                      -93.950549
                  272.44                      -93.979837
               272.70001                      -94.012731
               272.95999                      -94.049341
                  273.22                      -94.089885
               273.48001                      -94.134363
               273.73999                      -94.182775
                     274                      -94.234466
               274.26001                      -94.289217
               274.51999                        -94.3467
                  274.78                      -94.407024
               275.04001                       -94.47019
               275.29999                      -94.536416
                  275.56                        -94.6057
               275.82001                        -94.6775
               276.07999                      -94.751593
                  276.34                      -94.827545
               276.60001                      -94.905355
               276.85999                       -94.98535
                  277.12                       -95.06764
                  277.38                      -95.152116
               277.63998                      -95.238559
               277.89999                      -95.326531
                  278.16                      -95.415925
               278.42001                      -95.506521
               278.67999                      -95.598646
                  278.94                       -95.69241
               279.20001                      -95.788034
               279.45999                      -95.885405
                  279.72                      -95.983869
               279.98001                      -96.083426
               280.23999                      -96.183857
                   280.5                      -96.285381
               280.76001                      -96.388326
               281.01999                        -96.4928
                  281.28                      -96.598805
               281.54001                      -96.705793
               281.79999                      -96.813545
                  282.06                      -96.922173
               282.32001                      -97.031347
               282.57999                      -97.141722
                  282.84                       -97.25341
               283.10001                      -97.366299
               283.35999                      -97.480062
                  283.62                      -97.594482
                  283.88                       -97.70912
               284.13998                      -97.824195
               284.39999                      -97.939926
                  284.66                       -98.05664
               284.92001                      -98.174228
               285.17999                      -98.292364
                  285.44                      -98.410717
               285.70001                       -98.52907
               285.95999                      -98.647205
                  286.22                      -98.765668
               286.48001                      -98.884568
               286.73999                      -99.003796
                     287                      -99.123461
               287.26001                      -99.242907
               287.51999                      -99.361807
                  287.78                       -99.48027
               288.04001                      -99.598405
               288.29999                      -99.716431
                  288.56                      -99.834456
               288.82001                      -99.952591
               289.07999                      -100.07018
                  289.34                      -100.18689
               289.60001                      -100.30263
               289.85999                      -100.41748
                  290.12                      -100.53201
                  290.38                       -100.6461
               290.63998                      -100.75987
               290.89999                      -100.87297
                  291.16                      -100.98477
               291.42001                      -101.09525
               291.67999                      -101.20443
                  291.94                      -101.31284
               292.20001                      -101.42048
               292.45999                      -101.52758
                  292.72                       -101.6338
               292.98001                      -101.73838
               293.23999                      -101.84144
                   293.5                      -101.94274
               293.76001                      -102.04285
               294.01999                      -102.14197
                  294.28                      -102.24021
               294.54001                      -102.33737
               294.79999                      -102.43288
                  295.06                      -102.52653
               295.32001                        -102.618
               295.57999                      -102.70805
                  295.84                      -102.79679
               296.10001                      -102.88444
               296.35999                      -102.97088
                  296.62                      -103.05546
                  296.88                      -103.13797
               297.13998                       -103.2183
               297.39999                      -103.29654
                  297.66                      -103.37326
               297.92001                      -103.44888
               298.17999                      -103.52309
                  298.44                      -103.59543
               298.70001                      -103.66548
               298.95999                      -103.73324
                  299.22                       -103.7987
               299.48001                      -103.86241
               299.73999                       -103.9247
                     300                      -103.98557

