        Frequency / MHz                Port 1 [1] (8)/abs,linear
----------------------------------------------------------------------
                      40                       80.771927
                   40.26                       83.984509
                   40.52                       87.301529
                   40.78                       90.730777
                   41.04                        94.26843
                    41.3                       97.901522
                   41.56                        101.6165
                   41.82                       105.40876
                   42.08                       109.28739
                   42.34                       113.27207
                    42.6                        117.3839
                   42.86                       121.63542
                   43.12                       126.02606
                   43.38                       130.54597
                   43.64                       135.18617
                    43.9                       139.94943
                   44.16                       144.85515
                   44.42                       149.93533
                   44.68                        155.2234
                   44.94                       160.74271
                    45.2                       166.50149
                   45.46                       172.49824
                   45.72                       178.73497
                   45.98                       185.23135
                   46.24                       192.03162
                    46.5                       199.19977
                   46.76                       206.80533
                   47.02                       214.90822
                   47.28                       223.55218
                   47.54                       232.77286
                    47.8                       242.61807
                   48.06                        253.1711
                   48.32                       264.56471
                   48.58                        276.9769
                   48.84                       290.60895
                    49.1                        305.6557
                   49.36                       322.28144
                   49.62                       340.60934
                   49.88                       360.71622
                   50.14                       382.60009
                    50.4                       406.05738
                   50.66                       430.37968
                   50.92                       453.79406
                   51.18                       472.73769
                   51.44                       481.57944
                    51.7                       474.10151
                   51.96                       447.28515
                   52.22                       404.40914
                   52.48                       353.41071
                   52.74                       302.22425
                      53                       255.96529
                   53.26                       216.98607
                   53.52                       185.99247
                   53.78                       162.92586
                   54.04                       147.33941
                    54.3                       138.44603
                   54.56                       135.12429
                   54.82                       136.07177
                   55.08                       140.05714
                   55.34                       146.10292
                    55.6                       153.52583
                   55.86                       161.87971
                   56.12                       170.87206
                   56.38                       180.29828
                   56.64                       190.00686
                    56.9                       199.88975
                   57.16                       209.88395
                   57.42                       219.97112
                   57.68                       230.16774
                   57.94                       240.50705
                    58.2                       251.01964
                   58.46                       261.72147
                   58.72                       272.61394
                   58.98                        283.6943
                   59.24                       294.96959
                    59.5                       306.46577
                   59.76                       318.22665
                   60.02                       330.30348
                   60.28                       342.74106
                   60.54                       355.56851
                    60.8                       368.79989
                   61.06                       382.44423
                   61.32                       396.51951
                   61.58                       411.06251
                   61.84                        426.1289
                    62.1                       441.78351
                   62.36                       458.08632
                   62.62                       475.08251
                   62.88                       492.80269
                   63.14                       511.27376
                    63.4                       530.53472
                   63.66                       550.64862
                   63.92                       571.70347
                   64.18                       593.80142
                   64.44                       617.04224
                    64.7                       641.51103
                   64.96                       667.27841
                   65.22                       694.41431
                   65.48                        723.0085
                   65.74                       753.18623
                      66                         785.109
                   66.26                       818.95846
                   66.52                       854.91151
                   66.78                       893.12057
                   67.04                       933.71059
                    67.3                       976.79476
                   67.56                       1022.4979
                   67.82                       1070.9677
                   68.08                       1122.3573
                   68.34                       1176.7732
                    68.6                       1234.2024
                   68.86                       1294.4426
                   69.12                       1357.0559
                   69.38                       1421.3494
                   69.64                       1486.3628
                    69.9                       1550.8319
                   70.16                       1613.1151
                   70.42                       1671.1172
                   70.68                       1722.2974
                   70.94                       1763.8527
                    71.2                       1793.1045
                   71.46                       1807.9877
                   71.72                       1807.4529
                   71.98                       1791.6203
                   72.24                       1761.6649
                    72.5                       1719.5397
                   72.76                       1667.6675
                   73.02                       1608.6615
                   73.28                        1545.082
                   73.54                       1479.2272
                    73.8                       1412.9817
                   74.06                         1347.75
                   74.32                       1284.4809
                   74.58                       1223.7551
                   74.84                       1165.8951
                    75.1                       1111.0592
                   75.36                       1059.3026
                   75.62                       1010.6059
                   75.88                       964.88693
                   76.14                        922.0092
                    76.4                       881.79772
                   76.66                       844.05965
                   76.92                       808.60487
                   77.18                       775.25968
                   77.44                       743.87045
                    77.7                       714.29934
                   77.96                       686.41682
                   78.22                       660.09644
                   78.48                        635.2143
                   78.74                       611.65275
                      79                       589.30554
                   79.26                       568.08104
                   79.52                       547.90195
                   79.78                        528.7019
                   80.04                        510.4209
                    80.3                       493.00206
                   80.56                       476.39082
                   80.82                       460.53657
                   81.08                       445.39509
                   81.34                       430.93032
                    81.6                       417.11429
                   81.86                       403.92531
                   82.12                       391.34551
                   82.38                        379.3589
                   82.64                       367.95076
                    82.9                       357.10854
                   83.16                       346.82323
                   83.42                       337.09035
                   83.68                       327.90988
                   83.94                       319.28491
                    84.2                       311.21969
                   84.46                       303.71781
                   84.72                       296.78119
                   84.98                       290.40997
                   85.24                       284.60288
                    85.5                       279.35735
                   85.76                       274.66886
                   86.02                        270.5294
                   86.28                       266.92558
                   86.54                       263.83689
                    86.8                       261.23507
                   87.06                       259.08443
                   87.32                       257.34305
                   87.58                       255.96407
                   87.84                       254.89659
                    88.1                       254.08603
                   88.36                       253.47435
                   88.62                       253.00059
                   88.88                        252.6024
                   89.14                       252.21824
                    89.4                        251.7899
                   89.66                       251.26466
                   89.92                       250.59641
                   90.18                       249.74593
                   90.44                       248.68056
                    90.7                       247.37404
                   90.96                       245.80672
                   91.22                       243.96607
                   91.48                       241.84709
                   91.74                       239.45205
                      92                       236.78954
                   92.26                       233.87282
                   92.52                       230.71823
                   92.78                         227.344
                   93.04                       223.76964
                    93.3                       220.01588
                   93.56                       216.10455
                   93.82                       212.05827
                   94.08                       207.89973
                   94.34                       203.65079
                    94.6                       199.33174
                   94.86                       194.96102
                   95.12                       190.55539
                   95.38                       186.13045
                   95.64                       181.70105
                    95.9                       177.28144
                   96.16                       172.88518
                   96.42                       168.52476
                   96.68                       164.21144
                   96.94                       159.95525
                    97.2                       155.76539
                   97.46                       151.65082
                   97.72                       147.62064
                   97.98                       143.68432
                   98.24                       139.85164
                    98.5                       136.13242
                   98.76                       132.53641
                   99.02                       129.07331
                   99.28                       125.75308
                   99.54                       122.58632
                    99.8                       119.58454
                  100.06                       116.76016
                  100.32                       114.12628
                  100.58                       111.69631
                  100.84                       109.48365
                   101.1                       107.50149
                  101.36                       105.76283
                  101.62                       104.28045
                  101.88                        103.0667
                  102.14                       102.13308
                   102.4                       101.48965
                  102.66                       101.14434
                  102.92                       101.10262
                  103.18                       101.36727
                  103.44                       101.93852
                   103.7                       102.81423
                  103.96                          103.99
                  104.22                       105.45917
                  104.48                        107.2128
                  104.74                       109.23976
                     105                       111.52699
                  105.26                       114.06003
                  105.52                        116.8235
                  105.78                       119.80153
                  106.04                       122.97793
                   106.3                       126.33619
                  106.56                       129.85937
                  106.82                       133.53004
                  107.08                       137.33039
                  107.34                       141.24246
                   107.6                       145.24835
                  107.86                       149.33032
                  108.12                       153.47071
                  108.38                       157.65175
                  108.64                       161.85534
                   108.9                       166.06303
                  109.16                       170.25618
                  109.42                       174.41621
                  109.68                       178.52489
                  109.94                       182.56453
                   110.2                       186.51793
                  110.46                       190.36834
                  110.72                       194.09941
                  110.98                       197.69536
                  111.24                       201.14126
                   111.5                       204.42342
                  111.76                        207.5297
                  112.02                       210.44959
                  112.28                       213.17415
                  112.54                       215.69586
                   112.8                       218.00849
                  113.06                       220.10722
                  113.32                       221.98872
                  113.58                       223.65141
                  113.84                       225.09539
                   114.1                        226.3223
                  114.36                         227.335
                  114.62                       228.13718
                  114.88                       228.73326
                  115.14                       229.12826
                   115.4                       229.32797
                  115.66                       229.33892
                  115.92                       229.16831
                  116.18                       228.82376
                  116.44                       228.31301
                   116.7                       227.64369
                  116.96                       226.82333
                  117.22                       225.85946
                  117.48                       224.75976
                  117.74                       223.53217
                     118                       222.18482
                  118.26                       220.72589
                  118.52                       219.16343
                  118.78                       217.50536
                  119.04                       215.75953
                   119.3                       213.93398
                  119.56                        212.0371
                  119.82                       210.07766
                  120.08                       208.06473
                  120.34                       206.00752
                   120.6                        203.9153
                  120.86                       201.79741
                  121.12                       199.66339
                  121.38                       197.52319
                  121.64                       195.38723
                   121.9                       193.26639
                  122.16                       191.17185
                  122.42                       189.11492
                  122.68                       187.10699
                  122.94                       185.15953
                   123.2                       183.28425
                  123.46                       181.49319
                  123.72                       179.79865
                  123.98                       178.21306
                  124.24                       176.74871
                   124.5                       175.41754
                  124.76                       174.23108
                  125.02                       173.20042
                  125.28                        172.3363
                  125.54                       171.64911
                   125.8                        171.1488
                  126.06                       170.84459
                  126.32                       170.74478
                  126.58                        170.8566
                  126.84                       171.18622
                   127.1                       171.73886
                  127.36                         172.519
                  127.62                        173.5304
                  127.88                       174.77601
                  128.14                       176.25788
                   128.4                       177.97698
                  128.66                       179.93327
                  128.92                       182.12588
                  129.18                       184.55336
                  129.44                       187.21395
                   129.7                       190.10562
                  129.96                       193.22601
                  130.22                       196.57223
                  130.48                       200.14081
                  130.74                       203.92774
                     131                       207.92875
                  131.26                       212.13952
                  131.52                        216.5559
                  131.78                       221.17385
                  132.04                       225.98918
                   132.3                       230.99727
                  132.56                       236.19294
                  132.82                       241.57046
                  133.08                       247.12383
                  133.34                       252.84702
                   133.6                       258.73404
                  133.86                       264.77871
                  134.12                       270.97425
                  134.38                        277.3128
                  134.64                       283.78522
                   134.9                       290.38109
                  135.16                       297.08905
                  135.42                       303.89704
                  135.68                       310.79221
                  135.94                       317.76046
                   136.2                       324.78573
                  136.46                       331.84926
                  136.72                       338.92932
                  136.98                       346.00133
                  137.24                       353.03833
                   137.5                       360.01129
                  137.76                       366.88895
                  138.02                       373.63715
                  138.28                        380.2179
                  138.54                       386.58885
                   138.8                       392.70342
                  139.06                       398.51193
                  139.32                       403.96301
                  139.58                        409.0049
                  139.84                       413.58601
                   140.1                        417.6549
                  140.36                       421.16035
                  140.62                       424.05217
                  140.88                       426.28331
                  141.14                       427.81279
                   141.4                       428.60866
                  141.66                       428.64983
                  141.92                       427.92642
                  142.18                       426.43902
                  142.44                       424.19786
                   142.7                       421.22288
                  142.96                       417.54476
                  143.22                       413.20606
                  143.48                       408.26144
                  143.74                         402.776
                     144                         396.822
                  144.26                       390.47531
                  144.52                       383.81267
                  144.78                       376.91088
                  145.04                       369.84732
                   145.3                       362.70078
                  145.56                        355.5513
                  145.82                        348.4785
                  146.08                       341.55894
                  146.34                       334.86392
                   146.6                       328.45878
                  146.86                       322.40415
                  147.12                       316.75838
                  147.38                       311.57961
                  147.64                       306.92605
                   147.9                       302.85413
                  148.16                       299.41536
                  148.42                       296.65345
                  148.68                       294.60324
                  148.94                        293.2915
                   149.2                       292.73834
                  149.46                       292.95686
                  149.72                       293.94891
                  149.98                       295.69699
                  150.24                       298.15472
                   150.5                       301.24088
                  150.76                       304.84237
                  151.02                       308.82975
                  151.28                       313.08438
                  151.54                       317.53129
                   151.8                       322.16743
                  152.06                       327.07496
                  152.32                       332.41308
                  152.58                       338.38991
                  152.84                        345.2229
                   153.1                       353.09985
                  153.36                       362.15132
                  153.62                       372.44014
                  153.88                       383.96763
                  154.14                       396.69108
                   154.4                       410.54475
                  154.66                       425.45651
                  154.92                       441.35558
                  155.18                       458.17031
                  155.44                       475.81937
                   155.7                        494.2014
                  155.96                       513.18796
                  156.22                       532.62162
                  156.48                       552.31783
                  156.74                       572.06696
                     157                       591.63336
                  157.26                        610.7509
                  157.52                       629.11873
                  157.78                       646.40254
                  158.04                       662.24598
                   158.3                       676.29237
                  158.56                       688.21167
                  158.82                       697.72555
                  159.08                       704.62467
                  159.34                       708.77729
                   159.6                       710.13232
                  159.86                       708.72031
                  160.12                       704.65303
                  160.38                       698.11879
                  160.64                       689.36998
                   160.9                       678.70237
                  161.16                       666.43029
                  161.42                        652.8637
                  161.68                       638.29243
                  161.94                       622.97871
                   162.2                       607.15598
                  162.46                       591.02991
                  162.72                       574.77897
                  162.98                        558.5536
                  163.24                       542.47532
                   163.5                        526.6375
                  163.76                       511.10862
                  164.02                       495.93749
                  164.28                       481.15891
                  164.54                       466.79815
                   164.8                       452.87327
                  165.06                       439.39568
                  165.32                       426.36991
                  165.58                       413.79384
                  165.84                       401.66004
                   166.1                       389.95795
                  166.36                       378.67617
                  166.62                        367.8041
                  166.88                       357.33228
                  167.14                       347.25187
                   167.4                       337.55375
                  167.66                       328.22803
                  167.92                       319.26438
                  168.18                       310.65315
                  168.44                       302.38654
                   168.7                        294.4594
                  168.96                       286.86932
                  169.22                       279.61595
                  169.48                       272.70028
                  169.74                       266.12408
                     170                       259.89019
                  170.26                        254.0032
                  170.52                       248.47045
                  170.78                       243.30251
                  171.04                       238.51314
                   171.3                       234.11863
                  171.56                       230.13692
                  171.82                       226.58703
                  172.08                       223.48903
                  172.34                        220.8644
                   172.6                        218.7365
                  172.86                       217.13067
                  173.12                       216.07355
                  173.38                       215.59191
                  173.64                       215.71133
                   173.9                       216.45513
                  174.16                       217.84416
                  174.42                       219.89695
                  174.68                       222.63009
                  174.94                       226.05829
                   175.2                       230.19372
                  175.46                       235.04489
                  175.72                       240.61558
                  175.98                       246.90416
                  176.24                        253.9037
                   176.5                       261.60239
                  176.76                       269.98377
                  177.02                       279.02606
                  177.28                       288.70007
                  177.54                       298.96618
                   177.8                       309.77076
                  178.06                       321.04288
                  178.32                       332.69148
                  178.58                       344.60275
                  178.84                       356.63686
                   179.1                       368.62347
                  179.36                       380.35631
                  179.62                       391.58852
                  179.88                       402.03141
                  180.14                       411.35944
                   180.4                       419.22345
                  180.66                       425.27204
                  180.92                        429.1796
                  181.18                       430.67842
                  181.44                       429.59213
                   181.7                       425.86623
                  181.96                       419.59047
                  182.22                       411.00573
                  182.48                       400.49004
                  182.74                       388.52316
                     183                        375.6362
                  183.26                        362.3573
                  183.52                       349.16459
                  183.78                       336.45328
                  184.04                       324.51862
                   184.3                       313.55269
                  184.56                       303.65132
                  184.82                       294.82769
                  185.08                       287.02989
                  185.34                       280.16021
                   185.6                       274.09392
                  185.86                       268.69585
                  186.12                       263.83316
                  186.38                       259.38375
                  186.64                       255.24058
                   186.9                       251.31299
                  187.16                       247.52628
                  187.42                       243.82052
                  187.68                       240.14923
                  187.94                        236.4779
                   188.2                       232.78245
                  188.46                       229.04741
                  188.72                       225.26401
                  188.98                       221.42844
                  189.24                        217.5404
                   189.5                       213.60211
                  189.76                       209.61772
                  190.02                       205.59292
                  190.28                       201.53465
                  190.54                       197.45078
                   190.8                       193.34975
                  191.06                       189.24021
                  191.32                       185.13079
                  191.58                       181.03004
                  191.84                       176.94644
                   192.1                       172.88855
                  192.36                        168.8651
                  192.62                       164.88511
                  192.88                       160.95787
                  193.14                       157.09296
                   193.4                       153.30023
                  193.66                        149.5899
                  193.92                       145.97265
                  194.18                       142.45982
                  194.44                       139.06355
                   194.7                       135.79695
                  194.96                       132.67418
                  195.22                       129.71046
                  195.48                       126.92206
                  195.74                       124.32632
                     196                       121.94159
                  196.26                       119.78724
                  196.52                       117.88359
                  196.78                       116.25175
                  197.04                        114.9134
                   197.3                       113.89037
                  197.56                       113.20415
                  197.82                       112.87542
                  198.08                       112.92358
                  198.34                       113.36626
                   198.6                       114.21906
                  198.86                       115.49526
                  199.12                       117.20561
                  199.38                       119.35821
                  199.64                       121.95845
                   199.9                       125.00905
                  200.16                        128.5103
                  200.42                       132.46029
                  200.68                       136.85519
                  200.94                       141.68946
                   201.2                       146.95583
                  201.46                       152.64515
                  201.72                       158.74606
                  201.98                       165.24443
                  202.24                        172.1228
                   202.5                       179.35963
                  202.76                       186.92848
                  203.02                       194.79697
                  203.28                       202.92558
                  203.54                       211.26632
                   203.8                       219.76141
                  204.06                       228.34217
                  204.32                       236.92828
                  204.58                       245.42777
                  204.84                        253.7377
                   205.1                       261.74574
                  205.36                        269.3328
                  205.62                       276.37655
                  205.88                       282.75612
                  206.14                       288.35745
                   206.4                       293.07933
                  206.66                       296.83916
                  206.92                       299.57797
                  207.18                       301.26372
                  207.44                       301.89259
                   207.7                       301.48804
                  207.96                       300.09799
                  208.22                       297.79064
                  208.48                        294.6495
                  208.74                       290.76818
                     209                       286.24537
                  209.26                       281.18031
                  209.52                       275.66892
                  209.78                        269.8009
                  210.04                        263.6578
                   210.3                       257.31202
                  210.56                       250.82668
                  210.82                       244.25596
                  211.08                       237.64573
                  211.34                       231.03436
                   211.6                       224.45341
                  211.86                        217.9284
                  212.12                       211.47962
                  212.38                       205.12293
                  212.64                       198.87065
                   212.9                       192.73231
                  213.16                       186.71537
                  213.42                        180.8257
                  213.68                        175.0679
                  213.94                       169.44563
                   214.2                       163.96176
                  214.46                       158.61877
                  214.72                         153.419
                  214.98                       148.36502
                  215.24                       143.45989
                   215.5                       138.70728
                  215.76                        134.1116
                  216.02                       129.67801
                  216.28                       125.41252
                  216.54                       121.32208
                   216.8                       117.41484
                  217.06                       113.70027
                  217.32                       110.18936
                  217.58                       106.89454
                  217.84                       103.82964
                   218.1                       101.00964
                  218.36                       98.450471
                  218.62                       96.168768
                  218.88                       94.181567
                  219.14                       92.505921
                   219.4                       91.158364
                  219.66                         90.1542
                  219.92                       89.506727
                  220.18                       89.226485
                  220.44                        89.32068
                   220.7                       89.792856
                  220.96                       90.642813
                  221.22                       91.866732
                  221.48                       93.457413
                  221.74                       95.404594
                     222                       97.695337
                  222.26                        100.3145
                  222.52                       103.24525
                  222.78                       106.46969
                  223.04                       109.96928
                   223.3                       113.72526
                  223.56                       117.71879
                  223.82                       121.93101
                  224.08                       126.34295
                  224.34                        130.9355
                   224.6                       135.68938
                  224.86                       140.58519
                  225.12                       145.60348
                  225.38                       150.72473
                  225.64                       155.92922
                   225.9                       161.19686
                  226.16                       166.50703
                  226.42                       171.83843
                  226.68                       177.16909
                  226.94                       182.47648
                   227.2                       187.73756
                  227.46                       192.92889
                  227.72                       198.02657
                  227.98                       203.00615
                  228.24                       207.84262
                   228.5                       212.51048
                  228.76                       216.98408
                  229.02                       221.23808
                  229.28                       225.24798
                  229.54                       228.99065
                   229.8                       232.44475
                  230.06                       235.59111
                  230.32                        238.4131
                  230.58                        240.8972
                  230.84                       243.03361
                   231.1                       244.81689
                  231.36                       246.24648
                  231.62                       247.32684
                  231.88                        248.0673
                  232.14                       248.48168
                   232.4                       248.58777
                  232.66                       248.40682
                  232.92                       247.96305
                  233.18                       247.28314
                  233.44                        246.3955
                   233.7                       245.32946
                  233.96                       244.11412
                  234.22                       242.77739
                  234.48                        241.3451
                  234.74                        239.8404
                     235                       238.28342
                  235.26                       236.69107
                  235.52                       235.07683
                  235.78                       233.45051
                  236.04                       231.81802
                   236.3                       230.18128
                  236.56                       228.53841
                  236.82                       226.88417
                  237.08                       225.21074
                  237.34                       223.50847
                   237.6                       221.76673
                  237.86                       219.97461
                  238.12                       218.12159
                  238.38                       216.19837
                  238.64                       214.19775
                   238.9                       212.11572
                  239.16                       209.95253
                  239.42                       207.71354
                  239.68                       205.40992
                  239.94                       203.05882
                   240.2                       200.68341
                  240.46                       198.31269
                  240.72                       195.98117
                  240.98                       193.72847
                  241.24                        191.5987
                   241.5                       189.63951
                  241.76                       187.90087
                  242.02                       186.43356
                  242.28                       185.28757
                  242.54                       184.51059
                   242.8                       184.14663
                  243.06                       184.23495
                  243.32                       184.80923
                  243.58                       185.89683
                  243.84                       187.51847
                   244.1                       189.68804
                  244.36                       192.41285
                  244.62                        195.6943
                  244.88                       199.52882
                  245.14                        203.9091
                   245.4                        208.8253
                  245.66                       214.26617
                  245.92                       220.22008
                  246.18                       226.67585
                  246.44                       233.62336
                   246.7                        241.0541
                  246.96                       248.96139
                  247.22                        257.3403
                  247.48                       266.18725
                  247.74                       275.49944
                     248                       285.27433
                  248.26                       295.50953
                  248.52                       306.20343
                  248.78                       317.35651
                  249.04                       328.97329
                   249.3                       341.06418
                  249.56                       353.64674
                  249.82                       366.74587
                  250.08                       380.39273
                  250.34                       394.62268
                   250.6                         409.473
                  250.86                       424.98089
                  251.12                       441.18238
                  251.38                       458.11207
                  251.64                       475.80325
                   251.9                       494.28778
                  252.16                       513.59507
                  252.42                       533.75014
                  252.68                       554.77077
                  252.94                       576.66445
                   253.2                       599.42554
                  253.46                       623.03261
                  253.72                       647.44557
                  253.98                       672.60181
                  254.24                       698.41079
                   254.5                       724.74729
                  254.76                       751.44401
                  255.02                       778.28542
                  255.28                         805.004
                  255.54                       831.28014
                   255.8                       856.74538
                  256.06                       880.98909
                  256.32                       903.56822
                  256.58                       924.02157
                  256.84                       941.88965
                   257.1                       956.74102
                  257.36                       968.20291
                  257.62                       975.99141
                  257.88                       979.93491
                  258.14                       979.98581
                   258.4                       976.21925
                  258.66                       968.82107
                  258.92                       958.06936
                  259.18                       944.31293
                  259.44                       927.94849
                   259.7                       909.39735
                  259.96                       889.08243
                  260.22                       867.40799
                  260.48                       844.74428
                  260.74                       821.41893
                     261                        797.7148
                  261.26                       773.87226
                  261.52                       750.09341
                  261.78                       726.54603
                  262.04                       703.36653
                   262.3                       680.66249
                  262.56                       658.51544
                  262.82                       636.98475
                  263.08                       616.11223
                  263.34                       595.92682
                   263.6                       576.44836
                  263.86                       557.69002
                  264.12                       539.65946
                  264.38                       522.35944
                  264.64                       505.78855
                   264.9                       489.94268
                  265.16                       474.81694
                  265.42                       460.40776
                  265.68                       446.71467
                  265.94                       433.74118
                   266.2                       421.49515
                  266.46                        409.9889
                  266.72                       399.23947
                  266.98                       389.26958
                  267.24                       380.10897
                   267.5                       371.79606
                  267.76                       364.37916
                  268.02                       357.91711
                  268.28                       352.47927
                  268.54                       348.14483
                   268.8                       345.00203
                  269.06                       343.14725
                  269.32                       342.68395
                  269.58                         343.721
                  269.84                       346.36993
                   270.1                       350.74053
                  270.36                       356.93464
                  270.62                        365.0381
                  270.88                       375.11107
                  271.14                       387.17662
                   271.4                       401.20736
                  271.66                        417.1094
                  271.92                       434.70342
                  272.18                       453.70367
                  272.44                       473.69746
                   272.7                        494.1311
                  272.96                        514.3107
                  273.22                       533.42771
                  273.48                       550.61573
                  273.74                       565.03748
                     274                        575.9881
                  274.26                       582.99055
                  274.52                       585.85637
                  274.78                       584.69512
                  275.04                       579.87253
                   275.3                       571.93387
                  275.56                       561.51561
                  275.82                       549.26579
                  276.08                       535.78493
                  276.34                       521.59078
                   276.6                       507.10422
                  276.86                       492.65049
                  277.12                       478.47006
                  277.38                       464.73348
                  277.64                       451.55664
                   277.9                       439.01388
                  278.16                        427.1482
                  278.42                       415.97875
                  278.68                       405.50637
                  278.94                       395.71809
                   279.2                       386.59116
                  279.46                       378.09661
                  279.72                       370.20223
                  279.98                       362.87438
                  280.24                       356.07889
                   280.5                         349.781
                  280.76                       343.94517
                  281.02                       338.53518
                  281.28                        333.5149
                  281.54                       328.84952
                   281.8                       324.50674
                  282.06                       320.45745
                  282.32                       316.67568
                  282.58                       313.13786
                  282.84                        309.8221
                   283.1                       306.70775
                  283.36                       303.77582
                  283.62                       301.00966
                  283.88                        298.3958
                  284.14                       295.92401
                   284.4                       293.58676
                  284.66                       291.37804
                  284.92                        289.2923
                  285.18                       287.32389
                  285.44                       285.46732
                   285.7                       283.71804
                  285.96                        282.0731
                  286.22                        280.5312
                  286.48                       279.09205
                  286.74                       277.75517
                     287                       276.51894
                  287.26                       275.38035
                  287.52                       274.33557
                  287.78                       273.38101
                  288.04                       272.51414
                   288.3                       271.73364
                  288.56                        271.0386
                  288.82                       270.42743
                  289.08                       269.89691
                  289.34                       269.44221
                   289.6                       269.05774
                  289.86                        268.7383
                  290.12                       268.48003
                  290.38                       268.28022
                  290.64                       268.13637
                   290.9                       268.04471
                  291.16                       267.99939
                  291.42                       267.99255
                  291.68                       268.01551
                  291.94                       268.06021
                   292.2                       268.12011
                  292.46                       268.18994
                  292.72                       268.26436
                  292.98                       268.33646
                  293.24                       268.39693
                   293.5                       268.43464
                  293.76                       268.43833
                  294.02                       268.39854
                  294.28                       268.30866
                  294.54                       268.16447
                   294.8                       267.96272
                  295.06                       267.69997
                  295.32                       267.37344
                  295.58                       266.98481
                  295.84                       266.54677
                   296.1                       266.09065
                  296.36                        265.6726
                  296.62                       265.37581
                  296.88                       265.30719
                  297.14                       265.58833
                   297.4                       266.34147
                  297.66                       267.67217
                  297.92                       269.65087
                  298.18                       272.29529
                  298.44                       275.55665
                   298.7                       279.31273
                  298.96                       283.37086
                  299.22                       287.48354
                  299.48                       291.37641
                  299.74                       294.78518
                     300                       297.49383

