        Frequency / MHz                Port 1 [1] (6)/abs,linear
----------------------------------------------------------------------
                      40                       5235.8516
                   40.26                         8651.78
                   40.52                       8933.0015
                   40.78                       5959.9792
                   41.04                       4117.6637
                    41.3                        2992.538
                   41.56                       2254.8108
                   41.82                       1766.5763
                   42.08                       1442.4173
                   42.34                       1221.6636
                    42.6                       1062.0358
                   42.86                       935.68929
                   43.12                        827.7013
                   43.38                       734.21564
                   43.64                       657.66583
                    43.9                        601.7768
                   44.16                        569.6395
                   44.42                       564.28351
                   44.68                       589.72614
                   44.94                       651.08981
                    45.2                         751.594
                   45.46                       880.79963
                   45.72                       994.27236
                   45.98                       1030.9365
                   46.24                       988.50399
                    46.5                       914.95401
                   46.76                        841.3417
                   47.02                       773.45832
                   47.28                       709.20204
                   47.54                       648.47918
                    47.8                        593.8429
                   48.06                       547.53982
                   48.32                       509.70378
                   48.58                       478.48521
                   48.84                       451.15106
                    49.1                       425.42899
                   49.36                       400.44089
                   49.62                       376.64282
                   49.88                       354.95758
                   50.14                       335.90197
                    50.4                       319.23128
                   50.66                        304.1111
                   50.92                       289.61004
                   51.18                       275.20659
                   51.44                       260.97615
                    51.7                       247.36419
                   51.96                       234.78361
                   52.22                       223.33193
                   52.48                       212.75197
                   52.74                       202.60501
                      53                       192.53411
                   53.26                       182.44609
                   53.52                       172.49926
                   53.78                       162.93841
                   54.04                       153.91456
                    54.3                         145.396
                   54.56                       137.19879
                   54.82                       129.10212
                   55.08                       120.97167
                   55.34                       112.81261
                    55.6                       104.73006
                   55.86                       96.840766
                   56.12                       89.197741
                   56.38                       81.764109
                   56.64                       74.439845
                    56.9                       67.119202
                   57.16                       59.742657
                   57.42                       52.314882
                   57.68                       44.886556
                   57.94                       37.519559
                    58.2                       30.258259
                   58.46                       23.123739
                   58.72                       16.154612
                   58.98                       9.6232979
                   59.24                       5.6294734
                    59.5                       9.1356121
                   59.76                       15.946986
                   60.02                       23.444873
                   60.28                       31.191304
                   60.54                       39.063729
                    60.8                       47.031737
                   61.06                       55.124372
                   61.32                       63.412245
                   61.58                       71.977741
                   61.84                       80.878185
                    62.1                        90.11878
                   62.36                       99.651441
                   62.62                       109.40701
                   62.88                       119.35315
                   63.14                       129.54908
                    63.4                       140.15582
                   63.66                       151.38075
                   63.92                       163.38086
                   64.18                       176.18198
                   64.44                       189.66943
                    64.7                       203.67856
                   64.96                       218.16043
                   65.22                       233.32513
                   65.48                       249.64161
                   65.74                       267.66111
                      66                       287.76311
                   66.26                       309.97866
                   66.52                       334.02567
                   66.78                       359.62519
                   67.04                       386.99567
                    67.3                       417.19584
                   67.56                       452.00754
                   67.82                       493.39754
                   68.08                         542.879
                   68.34                       601.14135
                    68.6                       668.39929
                   68.86                       745.91487
                   69.12                       838.47329
                   69.38                       956.74235
                   69.64                       1119.1374
                    69.9                       1354.6503
                   70.16                        1708.792
                   70.42                       2253.5835
                   70.68                       3090.8261
                   70.94                       4212.4106
                    71.2                        4703.801
                   71.46                       3690.9403
                   71.72                       2575.8717
                   71.98                       1867.9617
                   72.24                       1439.0894
                    72.5                       1167.9244
                   72.76                       985.22392
                   73.02                       852.16917
                   73.28                       747.07106
                   73.54                       659.04683
                    73.8                       583.84603
                   74.06                       520.13441
                   74.32                       466.90702
                   74.58                       422.50016
                   74.84                       384.70048
                    75.1                       351.29818
                   75.36                        320.6648
                   75.62                       292.03901
                   75.88                        265.3637
                   76.14                        240.8442
                    76.4                       218.55972
                   76.66                       198.31298
                   76.92                        179.6983
                   77.18                        162.2841
                   77.44                       145.79718
                    77.7                       130.22064
                   77.96                       115.78486
                   78.22                       102.90388
                   78.48                       92.119475
                   78.74                         84.0588
                      79                       79.348128
                   79.26                       78.434621
                   79.52                       81.400779
                   79.78                       87.958829
                   80.04                       97.643222
                    80.3                       109.99955
                   80.56                       124.62776
                   80.82                       141.10573
                   81.08                       158.89077
                   81.34                       177.30134
                    81.6                        195.6458
                   81.86                       213.44852
                   82.12                       230.56682
                   82.38                       246.99869
                   82.64                       262.44253
                    82.9                       275.96355
                   83.16                       286.18101
                   83.42                       292.05502
                   83.68                       293.68296
                   83.94                       292.27866
                    84.2                       289.31773
                   84.46                       285.67427
                   84.72                       281.40593
                   84.98                       276.19997
                   85.24                       270.05285
                    85.5                         263.637
                   85.76                       258.09453
                   86.02                       254.49324
                   86.28                       253.37306
                   86.54                       254.62257
                    86.8                       257.69657
                   87.06                       262.05537
                   87.32                       267.59723
                   87.58                       274.81219
                   87.84                        284.5442
                    88.1                         297.519
                   88.36                       313.91506
                   88.62                       333.19807
                   88.88                        354.3604
                   89.14                       376.57408
                    89.4                       399.92538
                   89.66                       425.61186
                   89.92                       455.26969
                   90.18                       489.73355
                   90.44                       527.86545
                    90.7                       566.27412
                   90.96                       600.82116
                   91.22                       629.43223
                   91.48                       653.31202
                   91.74                       674.57915
                      92                       692.43723
                   92.26                       701.74306
                   92.52                       696.43724
                   92.78                       675.64223
                   93.04                       645.15622
                    93.3                        612.3685
                   93.56                       581.26437
                   93.82                       551.66431
                   94.08                       521.43723
                   94.34                       489.31376
                    94.6                       456.22979
                   94.86                       424.45097
                   95.12                       395.83313
                   95.38                       370.84339
                   95.64                       348.65992
                    95.9                       327.91643
                   96.16                       307.58611
                   96.42                       287.49186
                   96.68                       268.15793
                   96.94                       250.24525
                    97.2                       234.06059
                   97.46                       219.40166
                   97.72                       205.71852
                   97.98                       192.44569
                   98.24                       179.30038
                    98.5                       166.36468
                   98.76                       153.93308
                   99.02                       142.27461
                   99.28                       131.46904
                   99.54                       121.38242
                    99.8                       111.76698
                  100.06                       102.42082
                  100.32                       93.315754
                  100.58                       84.626112
                  100.84                       76.662594
                   101.1                       69.766245
                  101.36                       64.215994
                  101.62                       60.184492
                  101.88                       57.763003
                  102.14                       57.038512
                   102.4                       58.146526
                  102.66                       61.224119
                  102.92                       66.290268
                  103.18                       73.166328
                  103.44                       81.502583
                   103.7                       90.883066
                  103.96                       100.95878
                  104.22                       111.57071
                  104.48                       122.80993
                  104.74                       134.96132
                     105                       148.33725
                  105.26                        163.0824
                  105.52                       179.05289
                  105.78                       195.85661
                  106.04                       213.10092
                   106.3                       230.76637
                  106.56                       249.43764
                  106.82                       270.13154
                  107.08                       293.75709
                  107.34                       320.49568
                   107.6                        349.4457
                  107.86                       378.93651
                  108.12                       407.74211
                  108.38                       436.45635
                  108.64                        467.5023
                   108.9                       503.29429
                  109.16                       543.58719
                  109.42                       583.52324
                  109.68                       614.86224
                  109.94                       632.13741
                   110.2                       637.97134
                  110.46                        639.6117
                  110.72                       640.96265
                  110.98                       638.75111
                  111.24                       625.57362
                   111.5                       598.02725
                  111.76                       561.46036
                  112.02                       525.10764
                  112.28                       494.95379
                  112.54                       471.52569
                   112.8                       451.44228
                  113.06                       430.46745
                  113.32                       406.75158
                  113.58                       382.01962
                  113.84                        359.7568
                   114.1                        342.6152
                  114.36                       331.11431
                  114.62                       323.66922
                  114.88                       317.53815
                  115.14                       310.50214
                   115.4                       302.40543
                  115.66                       295.21079
                  115.92                       291.55934
                  116.18                       293.14746
                  116.44                       299.76213
                   116.7                       309.12826
                  116.96                       317.91076
                  117.22                       323.98765
                  117.48                       328.38439
                  117.74                       334.70494
                     118                       346.55776
                  118.26                       364.96298
                  118.52                       386.56502
                  118.78                       403.91934
                  119.04                       410.52094
                   119.3                       407.51584
                  119.56                       402.67108
                  119.82                       402.87942
                  120.08                       408.61921
                  120.34                       412.22246
                   120.6                       402.28885
                  120.86                       375.65216
                  121.12                       341.48639
                  121.38                       310.62392
                  121.64                       287.61741
                   121.9                       270.35526
                  122.16                       251.97366
                  122.42                       225.76575
                  122.68                       191.69634
                  122.94                       155.53129
                   123.2                       122.69248
                  123.46                       96.539343
                  123.72                       80.735559
                  123.98                       80.604221
                  124.24                       99.108478
                   124.5                       135.74226
                  124.76                       193.64884
                  125.02                       286.24979
                  125.28                       449.54496
                  125.54                       770.56655
                   125.8                        1221.226
                  126.06                       1100.6224
                  126.32                       839.67417
                  126.58                       695.12079
                  126.84                        599.8287
                   127.1                       514.93442
                  127.36                       436.67558
                  127.62                       372.07856
                  127.88                       323.59037
                  128.14                       288.94786
                   128.4                       264.12104
                  128.66                       244.87816
                  128.92                       227.83347
                  129.18                       211.33713
                  129.44                       195.49684
                   129.7                       181.21829
                  129.96                       169.13223
                  130.22                       159.03696
                  130.48                       149.91839
                  130.74                       140.48248
                     131                       129.93771
                  131.26                       118.43705
                  131.52                       106.85112
                  131.78                       96.222998
                  132.04                       87.365604
                   132.3                       80.690657
                  132.56                       76.190475
                  132.82                       73.573866
                  133.08                       72.547977
                  133.34                       73.075817
                   133.6                       75.393706
                  133.86                       79.771775
                  134.12                        86.22848
                  134.38                       94.419292
                  134.64                       103.74479
                   134.9                       113.59749
                  135.16                        123.6394
                  135.42                        133.9655
                  135.68                       145.01845
                  135.94                       157.27849
                   136.2                       170.91872
                  136.46                       185.62373
                  136.72                        200.6903
                  136.98                       215.43379
                  137.24                       229.70912
                   137.5                       244.11977
                  137.76                       259.64564
                  138.02                       276.92026
                  138.28                       295.63741
                  138.54                       314.47818
                   138.8                       331.78663
                  139.06                       346.74695
                  139.32                       360.06289
                  139.58                       373.31796
                  139.84                       387.50263
                   140.1                       401.89052
                  140.36                       414.10524
                  140.62                        421.6247
                  140.88                       423.79346
                  141.14                       422.34502
                   141.4                       419.79615
                  141.66                       417.42053
                  141.92                       414.48979
                  142.18                       409.10368
                  142.44                       399.94691
                   142.7                       387.55526
                  142.96                         373.939
                  143.22                       361.09211
                  143.48                       349.82789
                  143.74                       339.62951
                     144                       329.33773
                  144.26                       318.14808
                  144.52                       306.24014
                  144.78                       294.60968
                  145.04                         284.354
                   145.3                       276.03024
                  145.56                       269.45981
                  145.82                       263.98454
                  146.08                       258.97845
                  146.34                       254.30319
                   146.6                       250.41184
                  146.86                       248.05689
                  147.12                       247.84442
                  147.38                       249.92504
                  147.64                       253.96883
                   147.9                       259.41883
                  148.16                       265.89126
                  148.42                       273.48604
                  148.68                       282.79198
                  148.94                       294.57494
                   149.2                       309.35128
                  149.46                       327.09208
                  149.72                       347.22506
                  149.98                       368.99597
                  150.24                       392.06082
                   150.5                        416.9209
                  150.76                       444.79186
                  151.02                       476.87636
                  151.28                       513.41349
                  151.54                       553.03537
                   151.8                       593.01733
                  152.06                       630.70022
                  152.32                       665.14999
                  152.58                       697.18194
                  152.84                       727.21928
                   153.1                       752.81487
                  153.36                       768.51633
                  153.62                       769.40258
                  153.88                       755.52027
                  154.14                       731.94913
                   154.4                       704.47236
                  154.66                       675.99778
                  154.92                       646.39469
                  155.18                       614.59093
                  155.44                       580.68569
                   155.7                       546.40441
                  155.96                       513.95051
                  156.22                       484.67682
                  156.48                       458.60834
                  156.74                       434.82138
                     157                       412.22736
                  157.26                       390.25643
                  157.52                       369.05194
                  157.78                       349.14874
                  158.04                       330.97808
                   158.3                       314.56081
                  158.56                       299.51453
                  158.82                       285.29755
                  159.08                        271.5126
                  159.34                       258.07887
                   159.6                       245.18055
                  159.86                       233.06514
                  160.12                       221.84849
                  160.38                       211.43852
                  160.64                       201.59655
                   160.9                       192.08036
                  161.16                       182.77447
                  161.42                       173.72817
                  161.68                       165.09037
                  161.94                       156.99828
                   162.2                       149.49324
                  162.46                        142.5067
                  162.72                       135.91555
                  162.98                        129.6291
                  163.24                       123.65316
                   163.5                       118.09367
                  163.76                       113.10281
                  164.02                       108.80439
                  164.28                       105.24228
                  164.54                       102.38045
                   164.8                       100.15332
                  165.06                       98.534026
                  165.32                       97.572924
                  165.58                       97.376384
                  165.84                       98.036487
                   166.1                       99.556431
                  166.36                       101.82136
                  166.62                       104.63644
                  166.88                       107.80985
                  167.14                       111.22536
                   167.4                       114.85285
                  167.66                        118.6872
                  167.92                        122.6584
                  168.18                       126.57936
                  168.44                       130.17806
                   168.7                        133.2074
                  168.96                       135.56815
                  169.22                       137.36157
                  169.48                       138.83638
                  169.74                       140.27474
                     170                       141.90098
                  170.26                       143.86613
                  170.52                       146.29823
                  170.78                       149.36177
                  171.04                       153.26727
                   171.3                       158.21175
                  171.56                       164.28101
                  171.82                        171.3721
                  172.08                       179.18771
                  172.34                       187.32253
                   172.6                       195.41199
                  172.86                       203.26015
                  173.12                       210.85283
                  173.38                       218.23325
                  173.64                       225.32475
                   173.9                       231.83727
                  174.16                       237.34566
                  174.42                       241.50681
                  174.68                        244.2572
                  174.94                       245.82209
                   175.2                       246.51882
                  175.46                       246.51382
                  175.72                        245.7233
                  175.98                       243.92749
                  176.24                       241.00591
                   176.5                       237.10598
                  176.76                       232.61013
                  177.02                        227.9361
                  177.28                       223.33223
                  177.54                        218.8097
                   177.8                       214.24006
                  178.06                       209.53645
                  178.32                       204.78779
                  178.58                       200.25579
                  178.84                        196.2493
                   179.1                       192.97488
                  179.36                       190.46361
                  179.62                       188.61226
                  179.88                       187.30453
                  180.14                        186.5311
                   180.4                       186.43003
                  180.66                       187.22367
                  180.92                       189.09915
                  181.18                       192.11247
                  181.44                       196.17475
                   181.7                       201.12782
                  181.96                       206.86391
                  182.22                       213.41595
                  182.48                        220.9587
                  182.74                       229.71757
                     183                       239.84292
                  183.26                       251.32904
                  183.52                       264.03201
                  183.78                       277.78806
                  184.04                       292.57313
                   184.3                       308.60253
                  184.56                       326.29101
                  184.82                        346.0817
                  185.08                        368.2431
                  185.34                       392.76396
                   185.6                       419.44052
                  185.86                       448.15458
                  186.12                       479.19477
                  186.38                       513.37555
                  186.64                       551.79328
                   186.9                       595.29332
                  187.16                       643.92231
                  187.42                       696.72574
                  187.68                       752.17569
                  187.94                       809.07143
                   188.2                       867.03602
                  188.46                       925.61105
                  188.72                       982.05053
                  188.98                        1029.603
                  189.24                       1059.0705
                   189.5                       1064.3084
                  189.76                       1046.6561
                  190.02                       1012.8619
                  190.28                       969.43669
                  190.54                       919.84531
                   190.8                       865.71301
                  191.06                        809.0598
                  191.32                       752.92674
                  191.58                       700.29224
                  191.84                       652.83673
                   192.1                       610.63046
                  192.36                       572.67816
                  192.62                       537.77962
                  192.88                       505.19994
                  193.14                       474.84964
                   193.4                       447.00549
                  193.66                       421.88065
                  193.92                        399.3538
                  194.18                       378.97098
                  194.44                       360.15357
                   194.7                       342.45702
                  194.96                       325.72036
                  195.22                       310.03002
                  195.48                       295.55066
                  195.74                       282.35017
                     196                       270.32085
                  196.26                       259.22315
                  196.52                       248.80945
                  196.78                       238.94567
                  197.04                       229.65613
                   197.3                       221.07128
                  197.56                       213.32165
                  197.82                        206.4477
                  198.08                       200.37543
                  198.34                       194.96613
                   198.6                       190.10655
                  198.86                       185.78183
                  199.12                       182.08443
                  199.38                       179.15485
                  199.64                       177.09331
                   199.9                       175.89729
                  200.16                       175.46285
                  200.42                       175.64998
                  200.68                       176.37149
                  200.94                        177.6455
                   201.2                       179.57316
                  201.46                       182.25399
                  201.72                       185.69405
                  201.98                       189.76878
                  202.24                       194.27016
                   202.5                       199.01389
                  202.76                       203.93543
                  203.02                       209.10274
                  203.28                       214.62908
                  203.54                       220.54268
                   203.8                       226.70462
                  204.06                       232.83932
                  204.32                       238.66921
                  204.58                       244.06411
                  204.84                       249.08952
                   205.1                       253.90713
                  205.36                       258.59687
                  205.62                       263.03326
                  205.88                       266.91412
                  206.14                       269.93341
                   206.4                       271.97609
                  206.66                       273.17996
                  206.92                       273.81085
                  207.18                       274.04968
                  207.44                       273.85498
                   207.7                       273.00095
                  207.96                        271.2619
                  208.22                       268.60266
                  208.48                       265.22571
                  208.74                       261.44228
                     209                        257.4753
                  209.26                       253.34113
                  209.52                       248.88548
                  209.78                       243.93737
                  210.04                       238.46449
                   210.3                       232.61599
                  210.56                       226.62984
                  210.82                       220.68473
                  211.08                       214.80482
                  211.34                       208.87517
                   211.6                       202.74725
                  211.86                       196.35619
                  212.12                       189.76766
                  212.38                        183.1286
                  212.64                       176.56691
                   212.9                       170.11406
                  213.16                       163.69839
                  213.42                       157.20634
                  213.68                       150.56549
                  213.94                        143.7927
                   214.2                       136.97932
                  214.46                       130.23181
                  214.72                       123.61344
                  214.98                       117.12481
                  215.24                       110.73183
                   215.5                       104.42015
                  215.76                       98.241066
                  216.02                       92.323144
                  216.28                       86.848513
                  216.54                       82.013491
                   216.8                       77.997736
                  217.06                       74.955799
                  217.32                       73.028177
                  217.58                       72.354036
                  217.84                       73.064249
                   218.1                         75.2481
                  218.36                       78.911485
                  218.62                       83.956081
                  218.88                       90.195834
                  219.14                       97.403879
                   219.4                       105.36971
                  219.66                       113.94438
                  219.92                       123.05519
                  220.18                       132.68143
                  220.44                       142.80201
                   220.7                         153.344
                  220.96                       164.16619
                  221.22                         175.096
                  221.48                       186.00494
                  221.74                       196.87275
                     222                       207.78417
                  222.26                       218.84418
                  222.52                       230.06168
                  222.78                       241.28529
                  223.04                       252.25135
                   223.3                       262.73089
                  223.56                       272.67736
                  223.82                       282.25065
                  224.08                       291.67676
                  224.34                       301.03669
                   224.6                       310.14394
                  224.86                       318.61803
                  225.12                       326.12698
                  225.38                       332.62804
                  225.64                       338.40445
                   225.9                       343.84839
                  226.16                       349.15238
                  226.42                       354.14418
                  226.68                       358.39564
                  226.94                       361.54241
                   227.2                       363.58023
                  227.46                       364.89351
                  227.72                        365.9834
                  227.98                       367.10979
                  228.24                       368.11526
                   228.5                        368.5553
                  228.76                       368.04691
                  229.02                       366.58157
                  229.28                       364.55603
                  229.54                       362.49817
                   229.8                       360.70889
                  230.06                       359.08263
                  230.32                         357.222
                  230.58                       354.76207
                  230.84                       351.67238
                   231.1                       348.30891
                  231.36                       345.18223
                  231.62                       342.62809
                  231.88                       340.61651
                  232.14                       338.81697
                   232.4                       336.86846
                  232.66                       334.66859
                  232.92                       332.47324
                  233.18                       330.73624
                  233.44                       329.81517
                   233.7                       329.75226
                  233.96                       330.26913
                  234.22                       330.97548
                  234.48                       331.65689
                  234.74                       332.44178
                     235                       333.72263
                  235.26                       335.88891
                  235.52                        339.0607
                  235.78                       342.99892
                  236.04                       347.25391
                   236.3                       351.46767
                  236.56                       355.62787
                  236.82                       360.08031
                  237.08                       365.27959
                  237.34                       371.45381
                   237.6                       378.41372
                  237.86                         385.642
                  238.12                       392.62896
                  238.38                       399.23989
                  238.64                       405.83517
                   238.9                       413.03179
                  239.16                       421.27608
                  239.42                        430.5306
                  239.68                       440.29602
                  239.94                       449.98487
                   240.2                        459.4194
                  240.46                       469.08111
                  240.72                       479.89067
                  240.98                       492.66281
                  241.24                       507.60871
                   241.5                       524.20709
                  241.76                       541.55905
                  242.02                       559.04374
                  242.28                       576.78952
                  242.54                       595.49485
                   242.8                       615.60676
                  243.06                       636.37956
                  243.32                       655.52051
                  243.58                       669.94358
                  243.84                       677.40468
                   244.1                       677.71517
                  244.36                       672.32293
                  244.62                       662.75119
                  244.88                        649.4944
                  245.14                       632.25579
                   245.4                       611.06589
                  245.66                       587.08682
                  245.92                       562.33243
                  246.18                       538.67685
                  246.44                       517.05832
                   246.7                       497.35671
                  246.96                        478.8508
                  247.22                       460.89113
                  247.48                       443.36597
                  247.74                       426.69696
                     248                       411.45396
                  248.26                       397.92384
                  248.52                       385.91515
                  248.78                        374.8775
                  249.04                        364.2353
                   249.3                       353.71646
                  249.56                       343.45577
                  249.82                       333.81851
                  250.08                       325.09594
                  250.34                       317.28589
                   250.6                       310.08314
                  250.86                       303.06935
                  251.12                       295.97364
                  251.38                       288.82355
                  251.64                        281.8846
                   251.9                         275.447
                  252.16                       269.61751
                  252.42                       264.24797
                  252.68                       259.03558
                  252.94                       253.72496
                   253.2                       248.27255
                  253.46                       242.85838
                  253.72                        237.7458
                  253.98                       233.09724
                  254.24                       228.86908
                   254.5                       224.84683
                  254.76                       220.79377
                  255.02                       216.61227
                  255.28                       212.40419
                  255.54                       208.39169
                   255.8                       204.76192
                  256.06                       201.54321
                  256.32                       198.59012
                  256.58                       195.68457
                  256.84                       192.68576
                   257.1                       189.62435
                  257.36                       186.67464
                  257.62                       184.02908
                  257.88                       181.76486
                  258.14                       179.78996
                   258.4                       177.90287
                  258.66                       175.92773
                  258.92                       173.83185
                  259.18                       171.74081
                  259.44                       169.84219
                   259.7                       168.24889
                  259.96                       166.91529
                  260.22                       165.66144
                  260.48                       164.29133
                  260.74                       162.72474
                     261                       161.04718
                  261.26                       159.44205
                  261.52                       158.05681
                  261.78                       156.89725
                  262.04                       155.82047
                   262.3                       154.63251
                  262.56                       153.22504
                  262.82                       151.65265
                  263.08                       150.09434
                  263.34                       148.72982
                   263.6                       147.61943
                  263.86                       146.66805
                  264.12                       145.69735
                  264.38                       144.57884
                  264.64                       143.33376
                   264.9                       142.12644
                  265.16                       141.15766
                  265.42                       140.53468
                  265.68                       140.20566
                  265.94                       140.00182
                   266.2                       139.76145
                  266.46                       139.45023
                  266.72                       139.18891
                  266.98                       139.16629
                  267.24                       139.49853
                   267.5                       140.13057
                  267.76                       140.84625
                  268.02                       141.38496
                  268.28                       141.58719
                  268.54                         141.461
                   268.8                       141.11699
                  269.06                       140.62206
                  269.32                       139.88466
                  269.58                       138.66129
                  269.84                       136.69012
                   270.1                        133.8606
                  270.36                       130.29151
                  270.62                       126.26206
                  270.88                        122.0588
                  271.14                       117.85261
                   271.4                       113.67767
                  271.66                       109.50752
                  271.92                       105.36334
                  272.18                       101.37476
                  272.44                       97.752636
                   272.7                       94.696307
                  272.96                       92.297769
                  273.22                       90.503134
                  273.48                       89.157457
                  273.74                       88.108228
                     274                       87.301055
                  274.26                       86.801767
                  274.52                       86.730176
                  274.78                       87.154148
                  275.04                       88.019643
                   275.3                       89.166826
                  275.56                       90.424127
                  275.82                        91.71708
                  276.08                       93.113731
                  276.34                       94.770875
                   276.6                       96.818255
                  276.86                       99.262491
                  277.12                        101.9768
                  277.38                       104.78468
                  277.64                       107.58374
                   277.9                       110.42424
                  278.16                       113.48179
                  278.42                       116.93944
                  278.68                       120.86094
                  278.94                       125.14177
                   279.2                       129.57213
                  279.46                       133.97708
                  279.72                       138.34447
                  279.98                       142.84631
                  280.24                       147.72791
                   280.5                       153.13797
                  280.76                       159.01522
                  281.02                       165.10909
                  281.28                       171.13293
                  281.54                       176.96317
                   281.8                       182.74421
                  282.06                       188.80431
                  282.32                       195.42822
                  282.58                       202.64269
                  282.84                       210.16069
                   283.1                         217.538
                  283.36                       224.46957
                  283.62                       231.02833
                  283.88                       237.64235
                  284.14                       244.79688
                   284.4                       252.67108
                  284.66                       260.96116
                  284.92                         269.025
                  285.18                       276.30224
                  285.44                       282.74535
                   285.7                       288.90189
                  285.96                       295.53512
                  286.22                       303.06342
                  286.48                       311.21924
                  286.74                       319.16406
                     287                       326.04431
                  287.26                        331.6555
                  287.52                       336.67207
                  287.78                       342.19422
                  288.04                       348.96498
                   288.3                       356.83239
                  288.56                        364.8002
                  288.82                       371.69089
                  289.08                       377.05569
                  289.34                       381.61755
                   289.6                       386.80461
                  289.86                       393.74657
                  290.12                       402.48761
                  290.38                       411.89443
                  290.64                       420.36497
                   290.9                        427.0128
                  291.16                       432.45372
                  291.42                       438.43205
                  291.68                       446.56931
                  291.94                       457.21137
                   292.2                        469.0781
                  292.46                       479.96944
                  292.72                       488.31016
                  292.98                       494.47097
                  293.24                       500.58658
                   293.5                       508.95456
                  293.76                       520.34974
                  294.02                       533.32832
                  294.28                       544.95417
                  294.54                       552.83194
                   294.8                       557.11552
                  295.06                       560.52552
                  295.32                       566.26566
                  295.58                       575.73339
                  295.84                       587.52974
                   296.1                       598.24324
                  296.36                       604.88826
                  296.62                       607.48799
                  296.88                       609.32775
                  297.14                       614.57699
                   297.4                       625.57142
                  297.66                       641.53315
                  297.92                       659.15469
                  298.18                       675.06389
                  298.44                        689.0078
                   298.7                         705.017
                  298.96                       729.37168
                  299.22                       767.32829
                  299.48                        820.4473
                  299.74                       884.79776
                     300                       951.31162

