        Frequency / MHz                Port 1 [1] (6)/arg,degrees
----------------------------------------------------------------------
                      40                        68.24246
                   40.26                       39.779987
                   40.52                      -10.847035
                   40.78                      -41.072524
                   41.04                      -56.079629
                    41.3                      -64.968026
                   41.56                      -69.811272
                   41.82                      -71.644795
                   42.08                      -71.594606
                   42.34                       -70.67736
                    42.6                      -69.564298
                   42.86                      -68.432179
                   43.12                      -66.963559
                   43.38                      -64.594928
                   43.64                      -60.878625
                    43.9                      -55.697703
                   44.16                      -49.299323
                   44.42                      -42.286122
                   44.68                      -35.627533
                   44.94                       -30.64664
                    45.2                      -28.924366
                   45.46                      -31.946695
                   45.72                      -39.960968
                   45.98                      -50.496262
                   46.24                      -59.927913
                    46.5                      -66.867927
                   46.76                      -71.942246
                   47.02                      -75.982257
                   47.28                      -79.292178
                   47.54                      -81.796788
                    47.8                      -83.430411
                   48.06                       -84.34475
                   48.32                      -84.861911
                   48.58                      -85.311502
                   48.84                      -85.877854
                    49.1                      -86.536998
                   49.36                      -87.123894
                   49.62                      -87.481692
                   49.88                      -87.577393
                   50.14                      -87.513455
                    50.4                      -87.453274
                   50.66                      -87.518349
                   50.92                       -87.71764
                   51.18                      -87.953332
                   51.44                      -88.097699
                    51.7                      -88.081229
                   51.96                      -87.931271
                   52.22                        -87.7463
                   52.48                       -87.63032
                   52.74                      -87.628063
                      53                      -87.700692
                   53.26                      -87.757402
                   53.52                      -87.718035
                   53.78                      -87.561989
                   54.04                      -87.335564
                    54.3                      -87.119322
                   54.56                      -86.977068
                   54.82                      -86.916774
                   55.08                      -86.887568
                   55.34                      -86.812801
                    55.6                       -86.63475
                   55.86                      -86.343133
                   56.12                      -85.974381
                   56.38                      -85.584816
                   56.64                      -85.212026
                    56.9                      -84.844327
                   57.16                      -84.412806
                   57.42                      -83.803884
                   57.68                      -82.874792
                   57.94                      -81.448264
                    58.2                      -79.252979
                   58.46                       -75.71912
                   58.72                      -69.249899
                   58.98                      -53.761252
                   59.24                      -3.2613137
                    59.5                       52.519131
                   59.76                       69.641388
                   60.02                        76.14446
                   60.28                       79.360765
                   60.54                       81.237453
                    60.8                       82.495546
                   61.06                       83.450813
                   61.32                       84.236404
                   61.58                       84.888404
                   61.84                        85.39802
                    62.1                       85.752228
                   62.36                       85.961664
                   62.62                         86.0706
                   62.88                       86.146188
                   63.14                       86.250502
                    63.4                       86.409245
                   63.66                       86.597342
                   63.92                       86.753403
                   64.18                       86.816416
                   64.44                        86.76453
                    64.7                       86.634043
                   64.96                       86.504085
                   65.22                         86.4499
                   65.48                       86.491638
                   65.74                       86.574936
                      66                       86.599155
                   66.26                       86.477277
                   66.52                       86.193734
                   66.78                       85.824467
                   67.04                       85.496447
                    67.3                         85.3015
                   67.56                       85.222056
                   67.82                       85.123973
                   68.08                       84.822635
                   68.34                       84.186766
                    68.6                       83.226811
                   68.86                       82.102639
                   69.12                       81.007371
                   69.38                       79.976641
                   69.64                       78.741215
                    69.9                        76.67358
                   70.16                       72.763058
                   70.42                       65.494597
                   70.68                       52.389062
                   70.94                        29.02323
                    71.2                      -6.8266348
                   71.46                       -39.29404
                   71.72                      -57.415765
                   71.98                      -66.290534
                   72.24                      -70.609493
                    72.5                       -72.82443
                   72.76                       -74.23045
                   73.02                      -75.460747
                   73.28                      -76.681274
                   73.54                      -77.761834
                    73.8                       -78.49821
                   74.06                      -78.796492
                   74.32                      -78.727485
                   74.58                      -78.465927
                   74.84                      -78.184735
                    75.1                      -77.964176
                   75.36                      -77.758199
                   75.62                      -77.434285
                   75.88                      -76.856161
                   76.14                      -75.950009
                    76.4                      -74.717223
                   76.66                      -73.198252
                   76.92                      -71.413363
                   77.18                      -69.308664
                   77.44                      -66.729677
                    77.7                      -63.428573
                   77.96                      -59.092723
                   78.22                      -53.383084
                   78.48                      -45.998075
                   78.74                       -36.80708
                      79                      -26.064578
                   79.26                      -14.554856
                   79.52                       -3.394983
                   79.78                       6.4564999
                   80.04                       14.515832
                    80.3                       20.708406
                   80.56                       25.158851
                   80.82                       28.052693
                   81.08                       29.596733
                   81.34                       30.026214
                    81.6                       29.604642
                   81.86                       28.584196
                   82.12                       27.136857
                   82.38                       25.310209
                   82.64                       23.061317
                    82.9                       20.366971
                   83.16                       17.342021
                   83.42                       14.267602
                   83.68                       11.481259
                   83.94                       9.2056555
                    84.2                        7.461866
                   84.46                       6.1309268
                   84.72                       5.0989952
                   84.98                       4.3725272
                   85.24                       4.0839283
                    85.5                       4.3895669
                   85.76                       5.3419956
                   86.02                       6.8309141
                   86.28                       8.6270209
                   86.54                       10.492667
                    86.8                        12.28885
                   87.06                       14.014259
                   87.32                       15.752501
                   87.58                       17.562845
                   87.84                       19.390413
                    88.1                       21.057185
                   88.36                       22.337191
                   88.62                       23.068091
                   88.88                       23.234197
                   89.14                       22.965722
                    89.4                       22.437253
                   89.66                       21.719823
                   89.92                       20.691394
                   90.18                       19.075707
                   90.44                       16.596272
                    90.7                       13.167625
                   90.96                       8.9940644
                   91.22                       4.4460149
                   91.48                     -0.23597585
                   91.74                      -5.1329941
                      92                      -10.529522
                   92.26                      -16.562873
                   92.52                      -22.934126
                   92.78                      -29.010227
                   93.04                      -34.282112
                    93.3                      -38.688717
                   93.56                      -42.525758
                   93.82                      -46.131854
                   94.08                      -49.627763
                   94.34                      -52.865793
                    94.6                      -55.597341
                   94.86                      -57.694982
                   95.12                      -59.244381
                   95.38                       -60.47554
                   95.64                      -61.618081
                    95.9                      -62.774612
                   96.16                      -63.882711
                   96.42                      -64.786469
                   96.68                      -65.360082
                   96.94                       -65.59154
                    97.2                      -65.581068
                   97.46                      -65.471992
                   97.72                      -65.360793
                   97.98                      -65.238197
                   98.24                      -64.996959
                    98.5                      -64.498198
                   98.76                       -63.64735
                   99.02                      -62.432047
                   99.28                       -60.90609
                   99.54                      -59.131739
                    99.8                      -57.109427
                  100.06                      -54.731991
                  100.32                      -51.788925
                  100.58                      -48.016456
                  100.84                      -43.168539
                   101.1                       -37.08624
                  101.36                      -29.748111
                  101.62                      -21.280282
                  101.88                      -11.923137
                  102.14                      -2.0038686
                   102.4                       8.0381171
                  102.66                       17.639692
                  102.92                       26.231597
                  103.18                       33.437206
                  103.44                       39.177703
                   103.7                       43.625599
                  103.96                       47.085282
                  104.22                       49.872869
                  104.48                       52.221375
                  104.74                       54.229347
                     105                       55.871197
                  105.26                       57.063071
                  105.52                       57.749496
                  105.78                       57.969415
                  106.04                       57.867742
                   106.3                       57.633768
                  106.56                        57.38853
                  106.82                        57.09488
                  107.08                       56.561236
                  107.34                       55.544197
                   107.6                       53.896949
                  107.86                       51.684755
                  108.12                       49.170859
                  108.38                       46.624055
                  108.64                       44.066723
                   108.9                       41.182003
                  109.16                       37.474992
                  109.42                       32.621458
                  109.68                       26.822404
                  109.94                       20.805578
                   110.2                       15.271752
                  110.46                       10.315429
                  110.72                       5.4576945
                  110.98                      0.19115299
                  111.24                      -5.4414874
                   111.5                      -10.737909
                  111.76                      -14.898772
                  112.02                      -17.673436
                  112.28                      -19.439746
                  112.54                       -20.83945
                   112.8                      -22.343205
                  113.06                      -23.965121
                  113.32                      -25.292259
                  113.58                      -25.834674
                  113.84                      -25.402017
                   114.1                      -24.218064
                  114.36                       -22.76947
                  114.62                      -21.523278
                  114.88                      -20.650061
                  115.14                      -19.916066
                   115.4                      -18.860306
                  115.66                      -17.151854
                  115.92                      -14.853414
                  116.18                      -12.422137
                  116.44                      -10.472349
                   116.7                      -9.4232011
                  116.96                      -9.2161581
                  117.22                      -9.3278944
                  117.48                      -9.1610982
                  117.74                      -8.5368216
                     118                      -7.8880893
                  118.26                      -8.0439327
                  118.52                      -9.7286709
                  118.78                      -12.972981
                  119.04                       -16.87444
                   119.3                      -20.224093
                  119.56                      -22.544974
                  119.82                      -24.449445
                  120.08                      -27.156821
                  120.34                       -31.55744
                   120.6                      -37.232057
                  120.86                      -42.489606
                  121.12                      -45.871472
                  121.38                      -47.275768
                  121.64                      -47.727361
                   121.9                      -48.634746
                  122.16                      -50.851259
                  122.42                      -53.776283
                  122.68                      -55.556128
                  122.94                      -54.324957
                   123.2                      -48.636091
                  123.46                      -36.776908
                  123.72                      -16.866992
                  123.98                        8.923616
                  124.24                       31.970207
                   124.5                       47.726631
                  124.76                       57.478633
                  125.02                       62.664808
                  125.28                       62.687985
                  125.54                       52.541371
                   125.8                       19.652281
                  126.06                      -18.645034
                  126.32                      -35.841803
                  126.58                      -44.726002
                  126.84                      -52.090952
                   127.1                      -58.551884
                  127.36                      -62.975395
                  127.62                      -64.954171
                  127.88                      -65.030532
                  128.14                      -64.090116
                   128.4                      -62.952156
                  128.66                      -62.123487
                  128.92                      -61.656542
                  129.18                         -61.236
                  129.44                      -60.483473
                   129.7                      -59.244059
                  129.96                      -57.673492
                  130.22                      -56.124167
                  130.48                      -54.900912
                  130.74                      -54.013439
                     131                      -53.103646
                  131.26                      -51.607382
                  131.52                      -49.000625
                  131.78                      -44.965361
                  132.04                      -39.459052
                   132.3                      -32.720256
                  132.56                      -25.172854
                  132.82                      -17.216474
                  133.08                      -9.0629941
                  133.34                     -0.80416688
                   133.6                       7.3596151
                  133.86                       15.006026
                  134.12                       21.643755
                  134.38                       26.972206
                  134.64                       31.006161
                   134.9                       34.017205
                  135.16                       36.378034
                  135.42                       38.391123
                  135.68                       40.171564
                  135.94                        41.64147
                   136.2                       42.632009
                  136.46                       43.024184
                  136.72                       42.849976
                  136.98                       42.301069
                  137.24                       41.628773
                   137.5                       40.985876
                  137.76                       40.323721
                  138.02                       39.425915
                  138.28                       38.055331
                  138.54                       36.121847
                   138.8                       33.766574
                  139.06                       31.284534
                  139.32                       28.912824
                  139.58                       26.650618
                  139.84                       24.266117
                   140.1                       21.482474
                  140.36                       18.209871
                  140.62                       14.658411
                  140.88                       11.217085
                  141.14                       8.1730912
                   141.4                       5.5225286
                  141.66                       3.0272528
                  141.92                       0.4405115
                  142.18                      -2.2782543
                  142.44                      -4.9138395
                   142.7                      -7.1521564
                  142.96                       -8.809813
                  143.22                      -9.9421158
                  143.48                      -10.768961
                  143.74                      -11.503319
                     144                      -12.204587
                  144.26                      -12.748095
                  144.52                      -12.926488
                  144.78                      -12.602094
                  145.04                      -11.796075
                   145.3                      -10.663514
                  145.56                       -9.387259
                  145.82                      -8.0640914
                  146.08                      -6.6544014
                  146.34                      -5.0273211
                   146.6                      -3.0691405
                  146.86                      -0.7780868
                  147.12                       1.7172731
                  147.38                       4.2222904
                  147.64                       6.5776669
                   147.9                       8.7335377
                  148.16                       10.749993
                  148.42                       12.724299
                  148.68                       14.694747
                  148.94                       16.587479
                   149.2                       18.240217
                  149.46                       19.484228
                  149.72                       20.233004
                  149.98                       20.523918
                  150.24                        20.48127
                   150.5                       20.214865
                  150.76                       19.718974
                  151.02                       18.844255
                  151.28                        17.36625
                  151.54                       15.114704
                   151.8                       12.089113
                  152.06                       8.4695122
                  152.32                       4.4806908
                  152.58                      0.20473568
                  152.84                      -4.4804268
                   153.1                      -9.7567017
                  153.36                      -15.613608
                  153.62                      -21.711926
                  153.88                      -27.543764
                  154.14                      -32.765505
                   154.4                      -37.364087
                  154.66                      -41.538127
                  154.92                      -45.463571
                  155.18                      -49.143658
                  155.44                      -52.433352
                   155.7                       -55.18707
                  155.96                      -57.387155
                  156.22                       -59.15794
                  156.48                      -60.683482
                  156.74                      -62.101915
                     157                      -63.442308
                  157.26                      -64.637656
                  157.52                      -65.597905
                  157.78                      -66.285909
                  158.04                      -66.745253
                   158.3                      -67.071313
                  158.56                      -67.352536
                  158.82                      -67.620459
                  159.08                      -67.838654
                  159.34                      -67.935421
                   159.6                      -67.855143
                  159.86                      -67.592813
                  160.12                      -67.192395
                  160.38                      -66.714418
                  160.64                      -66.194774
                   160.9                      -65.620198
                  161.16                      -64.935225
                  161.42                      -64.074604
                  161.68                       -62.99875
                  161.94                      -61.710134
                   162.2                       -60.24235
                  162.46                      -58.629599
                  162.72                      -56.875316
                  162.98                      -54.939811
                  163.24                       -52.75572
                   163.5                      -50.262466
                  163.76                      -47.439273
                  164.02                      -44.317366
                  164.28                      -40.963687
                  164.54                      -37.445562
                   164.8                      -33.800401
                  165.06                      -30.034319
                  165.32                      -26.153721
                  165.58                      -22.207552
                  165.84                      -18.306177
                   166.1                      -14.597158
                  166.36                      -11.210308
                  166.62                       -8.209567
                  166.88                      -5.5847292
                  167.14                      -3.2858687
                   167.4                      -1.2732172
                  167.66                      0.45337852
                  167.92                         1.86507
                  168.18                       2.9458791
                  168.44                       3.7357666
                   168.7                       4.3441534
                  168.96                       4.9225255
                  169.22                       5.6118337
                  169.48                       6.4971673
                  169.74                       7.5957757
                     170                       8.8796098
                  170.26                       10.309857
                  170.52                       11.855749
                  170.78                       13.485439
                  171.04                       15.140317
                   171.3                       16.718107
                  171.56                       18.084129
                  171.82                       19.109545
                  172.08                       19.716242
                  172.34                        19.90254
                   172.6                       19.733436
                  172.86                       19.298463
                  173.12                       18.661076
                  173.38                       17.831889
                  173.64                       16.783684
                   173.9                         15.4973
                  174.16                       14.005219
                  174.42                       12.399524
                  174.68                       10.795088
                  174.94                       9.2735834
                   175.2                       7.8510009
                  175.46                        6.493264
                  175.72                       5.1671312
                  175.98                        3.887911
                  176.24                        2.728616
                   176.5                       1.7839131
                  176.76                       1.1166321
                  177.02                      0.72712265
                  177.28                      0.56633307
                  177.54                      0.58068063
                   177.8                      0.75598154
                  178.06                        1.130235
                  178.32                       1.7674308
                  178.58                       2.7119836
                  178.84                       3.9562504
                   179.1                       5.4427032
                  179.36                       7.0974423
                  179.62                       8.8710567
                  179.88                       10.758953
                  180.14                        12.78778
                   180.4                       14.978132
                  180.66                       17.310266
                  180.92                       19.717018
                  181.18                       22.108524
                  181.44                       24.411527
                   181.7                       26.597227
                  181.96                       28.680259
                  182.22                       30.690706
                  182.48                       32.638578
                  182.74                       34.494729
                     183                        36.20031
                  183.26                        37.69757
                  183.52                       38.961625
                  183.78                       40.012843
                  184.04                       40.901045
                   184.3                       41.669978
                  184.56                       42.324273
                  184.82                       42.820809
                  185.08                       43.090729
                  185.34                       43.078721
                   185.6                       42.774982
                  185.86                       42.217373
                  186.12                       41.457127
                  186.38                       40.506551
                  186.64                       39.303966
                   186.9                       37.722748
                  187.16                       35.623319
                  187.42                       32.919126
                  187.68                       29.611755
                  187.94                       25.758311
                   188.2                       21.381849
                  188.46                       16.399399
                  188.72                       10.653979
                  188.98                       4.0685037
                  189.24                      -3.1767038
                   189.5                      -10.629232
                  189.76                      -17.792423
                  190.02                      -24.386482
                  190.28                      -30.384437
                  190.54                      -35.848695
                   190.8                      -40.774215
                  191.06                      -45.070306
                  191.32                      -48.655102
                  191.58                      -51.546577
                  191.84                      -53.870554
                   192.1                      -55.796727
                  192.36                      -57.459034
                  192.62                      -58.909596
                  192.88                      -60.127583
                  193.14                      -61.069585
                   193.4                      -61.722895
                  193.66                       -62.12706
                  193.92                      -62.356186
                  194.18                      -62.479476
                  194.44                      -62.526697
                   194.7                      -62.479565
                  194.96                      -62.292927
                  195.22                      -61.930065
                  195.48                      -61.388262
                  195.74                      -60.699805
                     196                      -59.910369
                  196.26                       -59.04969
                  196.52                      -58.113075
                  196.78                      -57.065277
                  197.04                       -55.86383
                   197.3                      -54.486237
                  197.56                      -52.943797
                  197.82                      -51.274161
                  198.08                      -49.517975
                  198.34                      -47.694544
                   198.6                      -45.792644
                  198.86                      -43.783319
                  199.12                      -41.646872
                  199.38                      -39.396268
                  199.64                      -37.081221
                   199.9                      -34.769472
                  200.16                      -32.516692
                  200.42                      -30.344926
                  200.68                      -28.244774
                  200.94                      -26.200178
                   201.2                      -24.218214
                  201.46                      -22.342161
                  201.72                      -20.637625
                  201.98                      -19.160347
                  202.24                       -17.92761
                   202.5                      -16.913681
                  202.76                      -16.073491
                  203.02                      -15.378484
                  203.28                      -14.839297
                  203.54                      -14.498912
                   203.8                      -14.400663
                  204.06                      -14.553331
                  204.32                      -14.918581
                  204.58                      -15.431289
                  204.84                      -16.039298
                   205.1                       -16.73371
                  205.36                      -17.547125
                  205.62                      -18.520634
                  205.88                      -19.663141
                  206.14                      -20.932996
                   206.4                      -22.256775
                  206.66                      -23.572152
                  206.92                      -24.862632
                  207.18                      -26.158273
                  207.44                       -27.50264
                   207.7                      -28.910711
                  207.96                      -30.348764
                  208.22                       -31.75129
                  208.48                      -33.062015
                  208.74                      -34.267792
                     209                      -35.400933
                  209.26                      -36.509916
                  209.52                      -37.620473
                  209.78                      -38.714777
                  210.04                      -39.743071
                   210.3                      -40.658204
                  210.56                      -41.447116
                  210.82                      -42.137188
                  211.08                      -42.774559
                  211.34                      -43.390559
                   211.6                      -43.979536
                  211.86                      -44.502911
                  212.12                      -44.915555
                  212.38                      -45.194911
                  212.64                      -45.352636
                   212.9                      -45.421822
                  213.16                      -45.429269
                  213.42                      -45.371523
                  213.68                      -45.210291
                  213.94                      -44.889291
                   214.2                      -44.359786
                  214.46                      -43.596977
                  214.72                      -42.596548
                  214.98                      -41.353738
                  215.24                      -39.838027
                   215.5                      -37.979131
                  215.76                      -35.673111
                  216.02                      -32.805579
                  216.28                      -29.280523
                  216.54                       -25.04283
                   216.8                      -20.088691
                  217.06                      -14.466879
                  217.32                      -8.2808211
                  217.58                      -1.6988926
                  217.84                       5.0355815
                   218.1                       11.619237
                  218.36                       17.743429
                  218.62                       23.167835
                  218.88                       27.770101
                  219.14                       31.547792
                   219.4                       34.582254
                  219.66                       36.988629
                  219.92                        38.87263
                  220.18                       40.306608
                  220.44                       41.329252
                   220.7                       41.963937
                  220.96                       42.242798
                  221.22                       42.221218
                  221.48                       41.972759
                  221.74                       41.566252
                     222                       41.039628
                  222.26                       40.389649
                  222.52                       39.587161
                  222.78                       38.609697
                  223.04                       37.470148
                   223.3                       36.220766
                  223.56                       34.927066
                  223.82                       33.628531
                  224.08                       32.315442
                  224.34                       30.940879
                   224.6                       29.460989
                  224.86                       27.875371
                  225.12                       26.237408
                  225.38                       24.624055
                  225.64                       23.085447
                   225.9                       21.612647
                  226.16                       20.148875
                  226.42                        18.63635
                  226.68                       17.064742
                  226.94                       15.485316
                   227.2                       13.978341
                  227.46                       12.597028
                  227.72                        11.33099
                  227.98                       10.116929
                  228.24                       8.8879684
                   228.5                       7.6256745
                  228.76                       6.3770518
                  229.02                       5.2230328
                  229.28                       4.2213437
                  229.54                       3.3670485
                   229.8                       2.5995871
                  230.06                       1.8495577
                  230.32                        1.091064
                  230.58                      0.36240234
                  230.84                     -0.26026949
                   231.1                     -0.71726987
                  231.36                      -1.0073592
                  231.62                      -1.1873762
                  231.88                      -1.3315952
                  232.14                      -1.4802069
                   232.4                      -1.6126667
                  232.66                      -1.6648427
                  232.92                      -1.5780103
                  233.18                      -1.3441045
                  233.44                      -1.0150143
                   233.7                     -0.67056654
                  233.96                     -0.36803094
                  234.22                      -0.1075594
                  234.48                      0.16231811
                  234.74                      0.50218935
                     235                      0.93234025
                  235.26                       1.4118588
                  235.52                         1.86062
                  235.78                       2.2087177
                  236.04                       2.4399575
                   236.3                        2.599238
                  236.56                       2.7570582
                  236.82                       2.9552869
                  237.08                       3.1733194
                  237.34                       3.3390209
                   237.6                       3.3769356
                  237.86                       3.2610926
                  238.12                       3.0356201
                  238.38                       2.7861897
                  238.64                       2.5803348
                   238.9                       2.4198036
                  239.16                        2.239864
                  239.42                       1.9558511
                  239.68                       1.5246716
                  239.94                      0.97817842
                   240.2                       0.4017888
                  240.46                     -0.13006691
                  240.72                     -0.61558373
                  240.98                      -1.1392523
                  241.24                      -1.8283246
                   241.5                      -2.7816797
                  241.76                      -4.0188038
                  242.02                      -5.4871685
                  242.28                      -7.1282478
                  242.54                      -8.9547075
                   242.8                      -11.076116
                  243.06                       -13.64505
                  243.32                      -16.750477
                  243.58                       -20.32875
                  243.84                      -24.169257
                   244.1                       -28.02782
                  244.36                      -31.756518
                  244.62                       -35.33744
                  244.88                      -38.804933
                  245.14                      -42.139371
                   245.4                      -45.228496
                  245.66                      -47.926362
                  245.92                       -50.15156
                  246.18                      -51.938771
                  246.44                      -53.410845
                   246.7                      -54.702076
                  246.96                      -55.886206
                  247.22                      -56.952014
                  247.48                      -57.837912
                  247.74                      -58.496908
                     248                      -58.943872
                  248.26                      -59.255301
                  248.52                      -59.526968
                  248.78                       -59.81955
                  249.04                       -60.12773
                   249.3                      -60.393585
                  249.56                      -60.554635
                  249.82                      -60.591768
                  250.08                      -60.544345
                  250.34                      -60.484859
                   250.6                       -60.47166
                  250.86                      -60.511278
                  251.12                      -60.556168
                  251.38                      -60.539761
                  251.64                        -60.4235
                   251.9                      -60.222693
                  252.16                      -59.994914
                  252.42                      -59.800131
                  252.68                      -59.659378
                  252.94                      -59.540143
                   253.2                      -59.379116
                  253.46                      -59.126083
                  253.72                      -58.777707
                  253.98                      -58.378654
                  254.24                      -57.990427
                   254.5                      -57.648935
                  254.76                      -57.339462
                  255.02                      -57.006916
                  255.28                      -56.594437
                  255.54                      -56.082915
                   255.8                      -55.504283
                  256.06                      -54.920278
                  256.32                      -54.380982
                  256.58                      -53.890912
                  256.84                      -53.406614
                   257.1                      -52.868179
                  257.36                      -52.242492
                  257.62                      -51.547918
                  257.88                      -50.843783
                  258.14                      -50.191608
                   258.4                      -49.613937
                  258.66                      -49.079583
                  258.92                      -48.526739
                  259.18                      -47.907894
                  259.44                      -47.224701
                   259.7                      -46.528542
                  259.96                      -45.886249
                  260.22                      -45.333839
                  260.48                       -44.85056
                  260.74                      -44.372637
                     261                      -43.837597
                  261.26                      -43.227515
                  261.52                      -42.580823
                  261.78                      -41.964568
                  262.04                      -41.425789
                   262.3                      -40.955735
                  262.56                      -40.493121
                  262.82                      -39.964968
                  263.08                      -39.335958
                  263.34                      -38.631531
                   263.6                      -37.918909
                  263.86                      -37.258793
                  264.12                      -36.660942
                  264.38                      -36.075609
                  264.64                      -35.428078
                   264.9                      -34.672088
                  265.16                       -33.82449
                  265.42                      -32.957066
                  265.68                       -32.15076
                  265.94                      -31.443452
                   266.2                      -30.808497
                  266.46                      -30.180643
                  266.72                      -29.511559
                  266.98                      -28.815276
                  267.24                       -28.17097
                   267.5                      -27.679983
                  267.76                      -27.405642
                  268.02                      -27.337782
                  268.28                       -27.40783
                  268.54                      -27.543424
                   268.8                       -27.72168
                  269.06                      -27.981109
                  269.32                      -28.382358
                  269.58                      -28.944814
                  269.84                      -29.604801
                   270.1                      -30.227332
                  270.36                      -30.664186
                  270.62                       -30.81729
                  270.88                      -30.665524
                  271.14                      -30.241734
                   271.4                      -29.579716
                  271.66                       -28.66879
                  271.92                      -27.447676
                  272.18                      -25.842599
                  272.44                      -23.824413
                   272.7                      -21.446176
                  272.96                       -18.83303
                  273.22                      -16.125376
                  273.48                      -13.410175
                  273.74                      -10.688787
                     274                      -7.9057537
                  274.26                      -5.0177627
                  274.52                      -2.0516522
                  274.78                      0.89259921
                  275.04                       3.6978057
                   275.3                       6.3031996
                  275.56                       8.7404376
                  275.82                       11.105356
                  276.08                       13.485851
                  276.34                       15.897115
                   276.6                       18.270175
                  276.86                       20.501263
                  277.12                       22.525194
                  277.38                       24.360088
                  277.64                       26.093262
                   277.9                       27.819169
                  278.16                       29.572615
                  278.42                       31.304139
                  278.68                       32.914515
                  278.94                       34.322958
                   279.2                        35.52158
                  279.46                       36.580356
                  279.72                       37.599603
                  279.98                       38.641227
                  280.24                       39.685901
                   280.5                       40.646465
                  280.76                       41.427831
                  281.02                       41.992391
                  281.28                       42.388081
                  281.54                       42.719588
                   281.8                       43.078982
                  282.06                       43.482182
                  282.32                       43.857233
                  282.58                       44.093576
                  282.84                       44.118886
                   283.1                       43.952928
                  283.36                       43.701132
                  283.62                       43.486703
                  283.88                       43.365036
                  284.14                        43.28339
                   284.4                       43.116982
                  284.66                       42.756845
                  284.92                       42.190938
                  285.18                       41.522796
                  285.44                       40.907325
                   285.7                        40.44282
                  285.96                       40.099729
                  286.22                       39.741489
                  286.48                       39.222121
                  286.74                       38.494049
                     287                       37.652883
                  287.26                        36.87982
                  287.52                        36.31378
                  287.78                       35.949347
                  288.04                       35.639938
                   288.3                       35.201259
                  288.56                       34.542616
                  288.82                       33.738903
                  289.08                        32.98602
                  289.34                       32.459723
                   289.6                       32.182986
                  289.86                       32.005471
                  290.12                       31.705624
                  290.38                       31.142215
                  290.64                       30.357666
                   290.9                       29.556473
                  291.16                       28.957475
                  291.42                       28.626651
                  291.68                       28.422855
                  291.94                       28.091798
                   292.2                       27.438266
                  292.46                       26.467879
                  292.72                       25.397768
                  292.98                       24.504668
                  293.24                       23.915275
                   293.5                       23.509445
                  293.76                       23.004861
                  294.02                       22.154396
                  294.28                       20.931362
                  294.54                       19.574593
                   294.8                       18.429426
                  295.06                       17.690719
                  295.32                       17.263634
                  295.58                        16.84256
                  295.84                       16.132207
                   296.1                        15.06808
                  296.36                       13.890472
                  296.62                       12.986356
                  296.88                       12.601486
                  297.14                       12.666043
                   297.4                       12.858038
                  297.66                       12.828027
                  297.92                       12.438958
                  298.18                       11.875239
                  298.44                       11.513718
                   298.7                       11.618953
                  298.96                       12.104751
                  299.22                       12.530017
                  299.48                       12.292133
                  299.74                       10.914897
                     300                       8.3321827

