0.050140 -1.079605
0.050400 -1.125733
0.050660 -1.173043
0.050920 -1.221032
0.051180 -1.268847
0.051440 -1.315101
0.051700 -1.357585
0.051960 -1.392797
0.052220 -1.415155
0.052480 -1.415690
0.052740 -1.380130
0.053000 -1.287645
0.053260 -1.117529
0.053520 -0.879221
0.053780 -0.640162
0.054040 -0.469267
0.054300 -0.377879
0.054560 -0.346032
0.054820 -0.353225
0.055080 -0.385552
0.055340 -0.434512
0.055600 -0.495070
0.055860 -0.564346
0.056120 -0.640849
0.056380 -0.724078
0.056640 -0.814369
0.056900 -0.912934
0.057160 -1.022144
0.057420 -1.146204
0.057680 -1.292637
0.057940 -1.475526
0.058200 -1.722393
0.058460 -2.083947
0.058720 -2.608317
0.058980 3.090619
0.059240 2.640927
0.059500 2.338174
0.059760 2.123083
0.060020 1.956614
0.060280 1.818775
0.060540 1.699270
0.060800 1.592495
0.061060 1.495222
0.061320 1.405471
0.061580 1.321962
0.061840 1.243816
0.062100 1.170396
0.062360 1.101213
0.062620 1.035875
0.062880 0.974052
0.063140 0.915452
0.063400 0.859813
0.063660 0.806895
0.063920 0.756476
0.064180 0.708353
0.064440 0.662338
0.064700 0.618257
0.064960 0.575949
0.065220 0.535261
0.065480 0.496052
0.065740 0.458190
0.066000 0.421551
0.066260 0.386017
0.066520 0.351481
0.066780 0.317841
0.067040 0.285001
0.067300 0.252869
0.067560 0.221358
0.067820 0.190382
0.068080 0.159860
0.068340 0.129713
0.068600 0.099865
0.068860 0.070238
0.069120 0.040758
0.069380 0.011350
0.069640 -0.018064
0.069900 -0.047563
0.070160 -0.077225
0.070420 -0.107136
0.070680 -0.137382
0.070940 -0.168055
0.071200 -0.199250
0.071460 -0.231074
0.071720 -0.263638
0.071980 -0.297065
0.072240 -0.331485
0.072500 -0.367046
0.072760 -0.403903
0.073020 -0.442232
0.073280 -0.482223
0.073540 -0.524086
0.073800 -0.568052
0.074060 -0.614374
0.074320 -0.663324
0.074580 -0.715195
0.074840 -0.770294
0.075100 -0.828939
0.075360 -0.891444
0.075620 -0.958102
0.075880 -1.029168
0.076140 -1.104814
0.076400 -1.185105
0.076660 -1.269949
0.076920 -1.359059
0.077180 -1.451932
0.077440 -1.547867
0.077700 -1.646023
0.077960 -1.745609
0.078220 -1.846428
0.078480 -1.951563
0.078740 -2.126211
0.079000 1.071976
0.079260 0.964654
0.079520 0.879149
0.079780 0.801983
0.080040 0.731099
0.080300 0.665796
0.080560 0.605666
0.080820 0.550398
0.081080 0.499721
0.081340 0.453396
0.081600 0.411218
0.081860 0.373013
0.082120 0.338639
0.082380 0.307979
0.082640 0.280936
0.082900 0.257423
0.083160 0.237352
0.083420 0.220619
0.083680 0.207086
0.083940 0.196569
0.084200 0.188817
0.084460 0.183512
0.084720 0.180258
0.084980 0.178594
0.085240 0.178008
0.085500 0.177966
0.085760 0.177938
0.086020 0.177430
0.086280 0.176010
0.086540 0.173330
0.086800 0.169132
0.087060 0.163251
0.087320 0.155603
0.087580 0.146179
0.087840 0.135024
0.088100 0.122222
0.088360 0.107885
0.088620 0.092137
0.088880 0.075108
0.089140 0.056926
0.089400 0.037709
0.089660 0.017568
0.089920 -0.003401
0.090180 -0.025115
0.090440 -0.047501
0.090700 -0.070502
0.090960 -0.094072
0.091220 -0.118173
0.091480 -0.142781
0.091740 -0.167878
0.092000 -0.193457
0.092260 -0.219516
0.092520 -0.246061
0.092780 -0.273105
0.093040 -0.300665
0.093300 -0.328762
0.093560 -0.357423
0.093820 -0.386676
0.094080 -0.416556
0.094340 -0.447098
0.094600 -0.478338
0.094860 -0.510315
0.095120 -0.543062
0.095380 -0.576616
0.095640 -0.611003
0.095900 -0.646247
0.096160 -0.682357
0.096420 -0.719329
0.096680 -0.757137
0.096940 -0.795721
0.097200 -0.834984
0.097460 -0.874764
0.097720 -0.914823
0.097980 -0.954799
0.098240 -0.994167
0.098500 -1.032137
0.098760 -1.067514
0.099020 -1.098422
0.099280 -1.121773
0.099540 -1.132136
0.099800 -1.119082
0.100060 -1.060244
0.100320 -0.901773
0.100580 -0.520698
0.100840 0.110124
0.101100 0.565609
0.101360 0.763731
0.101620 0.840416
0.101880 0.862699
0.102140 0.857922
0.102400 0.838445
0.102660 0.810532
0.102920 0.777668
0.103180 0.741926
0.103440 0.704610
0.103700 0.666566
0.103960 0.628358
0.104220 0.590364
0.104480 0.552838
0.104740 0.515948
0.105000 0.479799
0.105260 0.444454
0.105520 0.409944
0.105780 0.376280
0.106040 0.343455
0.106300 0.311449
0.106560 0.280239
0.106820 0.249794
0.107080 0.220079
0.107340 0.191059
0.107600 0.162700
0.107860 0.134967
0.108120 0.107829
0.108380 0.081252
0.108640 0.055211
0.108900 0.029680
0.109160 0.004639
0.109420 -0.019928
0.109680 -0.044034
0.109940 -0.067684
0.110200 -0.090876
0.110460 -0.113605
0.110720 -0.135854
0.110980 -0.157597
0.111240 -0.178801
0.111500 -0.199418
0.111760 -0.219387
0.112020 -0.238632
0.112280 -0.257059
0.112540 -0.274556
0.112800 -0.290990
0.113060 -0.306208
0.113320 -0.320030
0.113580 -0.332259
0.113840 -0.342676
0.114100 -0.351047
0.114360 -0.357134
0.114620 -0.360705
0.114880 -0.361557
0.115140 -0.359539
0.115400 -0.354577
0.115660 -0.346713
0.115920 -0.336134
0.116180 -0.323188
0.116440 -0.308400
0.116700 -0.292448
0.116960 -0.276125
0.117220 -0.260279
0.117480 -0.245740
0.117740 -0.233252
0.118000 -0.223419
0.118260 -0.216678
0.118520 -0.213293
0.118780 -0.213368
0.119040 -0.216881
0.119300 -0.223710
0.119560 -0.233669
0.119820 -0.246538
0.120080 -0.262084
0.120340 -0.280080
0.120600 -0.300312
0.120860 -0.322593
0.121120 -0.346763
0.121380 -0.372688
0.121640 -0.400268
0.121900 -0.429428
0.122160 -0.460122
0.122420 -0.492330
0.122680 -0.526052
0.122940 -0.561317
0.123200 -0.598167
0.123460 -0.636671
0.123720 -0.676910
0.123980 -0.718990
0.124240 -0.763029
0.124500 -0.809167
0.124760 -0.857560
0.125020 -0.908391
0.125280 -0.961858
0.125540 -1.018205
0.125800 -1.077718
0.126060 -1.140760
0.126320 -1.207816
0.126580 -1.279594
0.126840 -1.357200
0.127100 -1.442534
0.127360 -1.539185
0.127620 -1.654770
0.127880 -1.808313
0.128140 -2.060300
0.128400 -2.668231
0.128660 2.419125
0.128920 1.844193
0.129180 1.600785
0.129440 1.450348
0.129700 1.336390
0.129960 1.240883
0.130220 1.156523
0.130480 1.079859
0.130740 1.009045
0.131000 0.943005
0.131260 0.881046
0.131520 0.822689
0.131780 0.767568
0.132040 0.715393
0.132300 0.665917
0.132560 0.618922
0.132820 0.574215
0.133080 0.531616
0.133340 0.490964
0.133600 0.452104
0.133860 0.414898
0.134120 0.379214
0.134380 0.344935
0.134640 0.311945
0.134900 0.280145
0.135160 0.249435
0.135420 0.219729
0.135680 0.190943
0.135940 0.163003
0.136200 0.135837
0.136460 0.109380
0.136720 0.083573
0.136980 0.058359
0.137240 0.033686
0.137500 0.009507
0.137760 -0.014221
0.138020 -0.037540
0.138280 -0.060487
0.138540 -0.083095
0.138800 -0.105395
0.139060 -0.127416
0.139320 -0.149180
0.139580 -0.170711
0.139840 -0.192024
0.140100 -0.213133
0.140360 -0.234048
0.140620 -0.254773
0.140880 -0.275307
0.141140 -0.295645
0.141400 -0.315771
0.141660 -0.335663
0.141920 -0.355292
0.142180 -0.374612
0.142440 -0.393567
0.142700 -0.412089
0.142960 -0.430087
0.143220 -0.447456
0.143480 -0.464063
0.143740 -0.479757
0.144000 -0.494354
0.144260 -0.507644
0.144520 -0.519390
0.144780 -0.529327
0.145040 -0.537173
0.145300 -0.542633
0.145560 -0.545424
0.145820 -0.545292
0.146080 -0.542045
0.146340 -0.535595
0.146600 -0.526000
0.146860 -0.513498
0.147120 -0.498537
0.147380 -0.481777
0.147640 -0.464057
0.147900 -0.446336
0.148160 -0.429606
0.148420 -0.414800
0.148680 -0.402712
0.148940 -0.393945
0.149200 -0.388891
0.149460 -0.387742
0.149720 -0.390522
0.149980 -0.397126
0.150240 -0.407361
0.150500 -0.420990
0.150760 -0.437753
0.151020 -0.457394
0.151280 -0.479677
0.151540 -0.504392
0.151800 -0.531361
0.152060 -0.560443
0.152320 -0.591529
0.152580 -0.624549
0.152840 -0.659459
0.153100 -0.696252
0.153360 -0.734949
0.153620 -0.775599
0.153880 -0.818279
0.154140 -0.863101
0.154400 -0.910201
0.154660 -0.959754
0.154920 -1.011969
0.155180 -1.067104
0.155440 -1.125475
0.155700 -1.187461
0.155960 -1.253543
0.156220 -1.324327
0.156480 -1.400592
0.156740 -1.483383
0.157000 -1.574101
0.157260 -1.674701
0.157520 -1.787951
0.157780 -1.917814
0.158040 -2.070002
0.158300 -2.252425
0.158560 -2.474829
0.158820 -2.745265
0.159080 -3.060495
0.159340 2.887707
0.159600 2.571438
0.159860 2.299763
0.160120 2.076581
0.160380 1.894025
0.160640 1.742304
0.160900 1.613402
0.161160 1.501524
0.161420 1.402614
0.161680 1.313860
0.161940 1.233258
0.162200 1.159367
0.162460 1.091118
0.162720 1.027694
0.162980 0.968469
0.163240 0.912935
0.163500 0.860682
0.163760 0.811366
0.164020 0.764701
0.164280 0.720437
0.164540 0.678356
0.164800 0.638271
0.165060 0.600013
0.165320 0.563429
0.165580 0.528389
0.165840 0.494768
0.166100 0.462456
0.166360 0.431355
0.166620 0.401375
0.166880 0.372433
0.167140 0.344453
0.167400 0.317368
0.167660 0.291115
0.167920 0.265635
0.168180 0.240880
0.168440 0.216799
0.168700 0.193351
0.168960 0.170493
0.169220 0.148193
0.169480 0.126415
0.169740 0.105129
0.170000 0.084310
0.170260 0.063931
0.170520 0.043970
0.170780 0.024406
0.171040 0.005221
0.171300 -0.013602
0.171560 -0.032078
0.171820 -0.050221
0.172080 -0.068044
0.172340 -0.085559
0.172600 -0.102775
0.172860 -0.119705
0.173120 -0.136357
0.173380 -0.152743
0.173640 -0.168875
0.173900 -0.184764
0.174160 -0.200425
0.174420 -0.215876
0.174680 -0.231139
0.174940 -0.246239
0.175200 -0.261208
0.175460 -0.276085
0.175720 -0.290917
0.175980 -0.305759
0.176240 -0.320678
0.176500 -0.335748
0.176760 -0.351056
0.177020 -0.366697
0.177280 -0.382773
0.177540 -0.399391
0.177800 -0.416663
0.178060 -0.434696
0.178320 -0.453593
0.178580 -0.473448
0.178840 -0.494346
0.179100 -0.516352
0.179360 -0.539522
0.179620 -0.563891
0.179880 -0.589487
0.180140 -0.616317
0.180400 -0.644389
0.180660 -0.673700
0.180920 -0.704250
0.181180 -0.736036
0.181440 -0.769060
0.181700 -0.803326
0.181960 -0.838851
0.182220 -0.875651
0.182480 -0.913755
0.182740 -0.953202
0.183000 -0.994032
0.183260 -1.036293
0.183520 -1.080047
0.183780 -1.125347
0.184040 -1.172271
0.184300 -1.220885
0.184560 -1.271291
0.184820 -1.323569
0.185080 -1.377842
0.185340 -1.434222
0.185600 -1.492869
0.185860 -1.553934
0.186120 -1.617616
0.186380 -1.684143
0.186640 -1.753787
0.186900 -1.826854
0.187160 -1.903720
0.187420 -1.984819
0.187680 -2.070686
0.187940 -2.161895
0.188200 -2.259157
0.188460 -2.363199
0.188720 -2.474871
0.188980 -2.594936
0.189240 -2.724026
0.189500 -2.862494
0.189760 -3.010057
0.190020 3.117527
0.190280 2.955918
0.190540 2.791289
0.190800 2.627230
0.191060 2.467283
0.191320 2.314484
0.191580 2.170891
0.191840 2.037582
0.192100 1.914755
0.192360 1.802026
0.192620 1.698655
0.192880 1.603734
0.193140 1.516323
0.193400 1.435521
0.193660 1.360518
0.193920 1.290578
0.194180 1.225070
0.194440 1.163444
0.194700 1.105226
0.194960 1.050017
0.195220 0.997469
0.195480 0.947285
0.195740 0.899217
0.196000 0.853050
0.196260 0.808596
0.196520 0.765703
0.196780 0.724235
0.197040 0.684084
0.197300 0.645144
0.197560 0.607341
0.197820 0.570601
0.198080 0.534865
0.198340 0.500088
0.198600 0.466225
0.198860 0.433253
0.199120 0.401144
0.199380 0.369887
0.199640 0.339477
0.199900 0.309914
0.200160 0.281210
0.200420 0.253385
0.200680 0.226465
0.200940 0.200480
0.201200 0.175471
0.201460 0.151479
0.201720 0.128545
0.201980 0.106713
0.202240 0.086021
0.202500 0.066497
0.202760 0.048162
0.203020 0.031015
0.203280 0.015048
0.203540 0.000225
0.203800 -0.013503
0.204060 -0.026205
0.204320 -0.037970
0.204580 -0.048899
0.204840 -0.059106
0.205100 -0.068710
0.205360 -0.077835
0.205620 -0.086603
0.205880 -0.095132
0.206140 -0.103533
0.206400 -0.111907
0.206660 -0.120346
0.206920 -0.128929
0.207180 -0.137725
0.207440 -0.146791
0.207700 -0.156172
0.207960 -0.165907
0.208220 -0.176021
0.208480 -0.186536
0.208740 -0.197466
0.209000 -0.208817
0.209260 -0.220596
0.209520 -0.232799
0.209780 -0.245426
0.210040 -0.258468
0.210300 -0.271922
0.210560 -0.285782
0.210820 -0.300037
0.211080 -0.314683
0.211340 -0.329713
0.211600 -0.345118
0.211860 -0.360900
0.212120 -0.377053
0.212380 -0.393578
0.212640 -0.410475
0.212900 -0.427750
0.213160 -0.445404
0.213420 -0.463451
0.213680 -0.481901
0.213940 -0.500763
0.214200 -0.520059
0.214460 -0.539804
0.214720 -0.560026
0.214980 -0.580744
0.215240 -0.601998
0.215500 -0.623811
0.215760 -0.646230
0.216020 -0.669290
0.216280 -0.693048
0.216540 -0.717545
0.216800 -0.742853
0.217060 -0.769030
0.217320 -0.796150
0.217580 -0.824294
0.217840 -0.853554
0.218100 -0.884027
0.218360 -0.915827
0.218620 -0.949071
0.218880 -0.983902
0.219140 -1.020462
0.219400 -1.058927
0.219660 -1.099474
0.219920 -1.142323
0.220180 -1.187698
0.220440 -1.235858
0.220700 -1.287089
0.220960 -1.341729
0.221220 -1.400129
0.221480 -1.462723
0.221740 -1.529984
0.222000 -1.602491
0.222260 -1.680912
0.222520 -1.766094
0.222780 -1.859101
0.223040 -1.961333
0.223300 -2.074758
0.223560 -2.202151
0.223820 -2.347555
0.224080 -2.517027
0.224340 -2.719208
0.224600 -2.965098
0.224860 3.019219
0.225120 2.672148
0.225380 2.308533
0.225640 1.973138
0.225900 1.691485
0.226160 1.463616
0.226420 1.278819
0.226680 1.126064
0.226940 0.996928
0.227200 0.885506
0.227460 0.787708
0.227720 0.700676
0.227980 0.622359
0.228240 0.551248
0.228500 0.486202
0.228760 0.426337
0.229020 0.370951
0.229280 0.319481
0.229540 0.271462
0.229800 0.226507
0.230060 0.184294
0.230320 0.144548
0.230580 0.107035
0.230840 0.071556
0.231100 0.037937
0.231360 0.006032
0.231620 -0.024289
0.231880 -0.053136
0.232140 -0.080604
0.232400 -0.106769
0.232660 -0.131697
0.232920 -0.155437
0.233180 -0.178022
0.233440 -0.199474
0.233700 -0.219794
0.233960 -0.238968
0.234220 -0.256960
0.234480 -0.273709
0.234740 -0.289128
0.235000 -0.303094
0.235260 -0.315448
0.235520 -0.325984
0.235780 -0.334441
0.236040 -0.340497
0.236300 -0.343757
0.236560 -0.343746
0.236820 -0.339899
0.237080 -0.331559
0.237340 -0.317990
0.237600 -0.298396
0.237860 -0.271985
0.238120 -0.238060
0.238380 -0.196181
0.238640 -0.146363
0.238900 -0.089305
0.239160 -0.026550
0.239420 0.039494
0.239680 0.105822
0.239940 0.169255
0.240200 0.226969
0.240460 0.276905
0.240720 0.317899
0.240980 0.349626
0.241240 0.372387
0.241500 0.386888
0.241760 0.394041
0.242020 0.394826
0.242280 0.390202
0.242540 0.381052
0.242800 0.368173
0.243060 0.352255
0.243320 0.333899
0.243580 0.313608
0.243840 0.291811
0.244100 0.268863
0.244360 0.245057
0.244620 0.220636
0.244880 0.195795
0.245140 0.170693
0.245400 0.145460
0.245660 0.120192
0.245920 0.094969
0.246180 0.069851
0.246440 0.044883
0.246700 0.020096
0.246960 -0.004487
0.247220 -0.028854
0.247480 -0.052998
0.247740 -0.076920
0.248000 -0.100622
0.248260 -0.124111
0.248520 -0.147400
0.248780 -0.170503
0.249040 -0.193430
0.249300 -0.216203
0.249560 -0.238840
0.249820 -0.261360
0.250080 -0.283781
