        Frequency / MHz                Port 1 [1] (Mesh Pass=2)/arg,degrees
----------------------------------------------------------------------
                      40                      -79.292931
                   40.26                      -79.929269
                   40.52                      -80.481957
                   40.78                      -81.606368
                   41.04                      -83.055851
                    41.3                      -84.211936
                   41.56                      -84.614999
                   41.82                      -84.218449
                   42.08                      -83.308606
                   42.34                      -82.298156
                    42.6                      -81.505185
                   42.86                      -80.955216
                   43.12                       -80.31643
                   43.38                      -79.054137
                   43.64                      -76.684529
                    43.9                      -72.947273
                   44.16                      -67.909162
                   44.42                      -62.116055
                   44.68                      -56.741801
                   44.94                      -53.425174
                    45.2                      -53.577702
                   45.46                      -57.434919
                   45.72                      -63.591739
                   45.98                      -69.873404
                   46.24                      -74.861943
                    46.5                      -78.312323
                   46.76                      -80.589198
                   47.02                      -82.140691
                   47.28                       -83.27532
                   47.54                       -84.13269
                    47.8                      -84.747357
                   48.06                      -85.133088
                   48.32                      -85.334421
                   48.58                      -85.427421
                   48.84                      -85.484694
                    49.1                      -85.537269
                   49.36                      -85.564114
                   49.62                      -85.517966
                   49.88                      -85.368305
                   50.14                      -85.131355
                    50.4                      -84.867341
                   50.66                      -84.645943
                   50.92                      -84.501982
                   51.18                      -84.412963
                   51.44                      -84.315958
                    51.7                      -84.152032
                   51.96                      -83.907687
                   52.22                      -83.626327
                   52.48                      -83.380812
                   52.74                      -83.222469
                      53                      -83.140889
                   53.26                      -83.064021
                   53.52                       -82.89888
                   53.78                      -82.586045
                   54.04                       -82.13502
                    54.3                      -81.617533
                   54.56                      -81.116832
                   54.82                      -80.660569
                   55.08                      -80.181886
                   55.34                      -79.534797
                    55.6                      -78.552697
                   55.86                      -77.116193
                   56.12                      -75.189518
                   56.38                      -72.782149
                   56.64                      -69.809328
                    56.9                       -65.86365
                   57.16                      -59.895948
                   57.42                       -49.70027
                   57.68                      -31.466074
                   57.94                      -3.5060596
                    58.2                       24.141021
                   58.46                       42.674771
                   58.72                       54.168083
                   58.98                       61.699704
                   59.24                       66.813827
                    59.5                        70.26369
                   59.76                       72.542881
                   60.02                       74.061394
                   60.28                       75.160042
                   60.54                       76.077841
                    60.8                       76.926442
                   61.06                       77.701604
                   61.32                       78.336789
                   61.58                       78.772111
                   61.84                       79.001159
                    62.1                        79.07736
                   62.36                       79.085714
                   62.62                       79.098582
                   62.88                       79.139044
                   63.14                       79.172287
                    63.4                       79.129609
                   63.66                       78.948888
                   63.92                       78.607338
                   64.18                       78.130124
                   64.44                       77.571429
                    64.7                       76.976711
                   64.96                       76.345442
                   65.22                       75.615816
                   65.48                       74.679988
                   65.74                       73.419322
                      66                       71.738803
                   66.26                       69.579761
                   66.52                       66.893785
                   66.78                       63.570355
                   67.04                       59.330373
                    67.3                       53.616152
                   67.56                       45.529744
                   67.82                       33.985635
                   68.08                       18.522444
                   68.34                      0.76819948
                    68.6                      -15.905317
                   68.86                      -29.331886
                   69.12                       -39.43601
                   69.38                      -46.900553
                   69.64                      -52.343714
                    69.9                      -56.215217
                   70.16                      -58.873826
                   70.42                      -60.634245
                   70.68                      -61.766865
                   70.94                        -62.4746
                    71.2                      -62.869827
                   71.46                       -62.97033
                   71.72                      -62.722832
                   71.98                      -62.045186
                   72.24                      -60.867023
                    72.5                      -59.151451
                   72.76                      -56.889723
                   73.02                      -54.069567
                   73.28                      -50.629108
                   73.54                      -46.422853
                    73.8                      -41.234254
                   74.06                      -34.862517
                   74.32                      -27.282865
                   74.58                      -18.806837
                   74.84                      -10.078231
                    75.1                      -1.8171687
                   75.36                       5.4848757
                   75.62                       11.644994
                   75.88                       16.657966
                   76.14                       20.548601
                    76.4                       23.317214
                   76.66                       24.963375
                   76.92                       25.529663
                   77.18                       25.123666
                   77.44                       23.903331
                    77.7                       22.029157
                   77.96                       19.605581
                   78.22                       16.650931
                   78.48                       13.128581
                   78.74                       9.0336347
                      79                       4.4823491
                   79.26                     -0.26893499
                   79.52                       -4.909684
                   79.78                      -9.2097795
                   80.04                      -13.094943
                    80.3                      -16.610218
                   80.56                      -19.815335
                   80.82                      -22.698586
                   81.08                      -25.168348
                   81.34                      -27.116932
                    81.6                      -28.499772
                   81.86                      -29.371509
                   82.12                      -29.858486
                   82.38                      -30.087958
                   82.64                      -30.118533
                    82.9                      -29.916373
                   83.16                      -29.392996
                   83.42                      -28.479073
                   83.68                      -27.185536
                   83.94                      -25.612341
                    84.2                      -23.897512
                   84.46                      -22.138593
                   84.72                       -20.34221
                   84.98                      -18.441158
                   85.24                      -16.369162
                    85.5                      -14.140234
                   85.76                       -11.87428
                   86.02                      -9.7469988
                   86.28                       -7.897979
                   86.54                      -6.3645542
                    86.8                      -5.0894778
                   87.06                      -3.9944041
                   87.32                      -3.0644209
                   87.58                      -2.3830155
                   87.84                      -2.0932054
                    88.1                      -2.3131231
                   88.36                      -3.0653461
                   88.62                      -4.2684788
                   88.88                      -5.7970763
                   89.14                      -7.5685976
                    89.4                      -9.5944501
                   89.66                       -11.95566
                   89.92                       -14.71793
                   90.18                      -17.846786
                   90.44                      -21.188383
                    90.7                      -24.535826
                   90.96                      -27.732521
                   91.22                      -30.733894
                   91.48                      -33.586604
                   91.74                      -36.349388
                      92                      -39.017789
                   92.26                      -41.506279
                   92.52                      -43.695251
                   92.78                      -45.502494
                   93.04                      -46.927645
                    93.3                       -48.04434
                   93.56                      -48.948862
                   93.82                      -49.697213
                   94.08                      -50.268553
                   94.34                      -50.576483
                    94.6                      -50.518227
                   94.86                      -50.029414
                   95.12                      -49.112013
                   95.38                      -47.817679
                   95.64                      -46.190455
                    95.9                      -44.198235
                   96.16                      -41.696013
                   96.42                      -38.449025
                   96.68                      -34.211982
                   96.94                      -28.833991
                    97.2                      -22.336532
                   97.46                      -14.901656
                   97.72                      -6.7665791
                   97.98                       1.8587892
                   98.24                        10.73105
                    98.5                       19.446197
                   98.76                       27.468441
                   99.02                       34.359267
                   99.28                       39.973535
                   99.54                       44.448503
                    99.8                       48.055017
                  100.06                       51.046007
                  100.32                         53.5705
                  100.58                       55.665621
                  100.84                       57.306415
                   101.1                       58.472149
                  101.36                       59.190234
                  101.62                       59.541203
                  101.88                       59.628938
                  102.14                        59.53276
                   102.4                       59.266215
                  102.66                       58.766513
                  102.92                       57.921775
                  103.18                       56.620823
                  103.44                       54.799276
                   103.7                        52.45705
                  103.96                       49.629978
                  104.22                       46.318344
                  104.48                       42.409899
                  104.74                       37.658047
                     105                       31.762446
                  105.26                        24.55576
                  105.52                        16.21567
                  105.78                        7.300242
                  106.04                      -1.5307093
                   106.3                      -9.8645343
                  106.56                      -17.581831
                  106.82                      -24.634935
                  107.08                      -30.878147
                  107.34                      -36.115869
                   107.6                      -40.260271
                  107.86                       -43.41484
                  108.12                      -45.828956
                  108.38                      -47.781424
                  108.64                      -49.465142
                   108.9                      -50.927783
                  109.16                      -52.097177
                  109.42                      -52.870989
                  109.68                        -53.2094
                  109.94                      -53.176336
                   110.2                      -52.912719
                  110.46                      -52.559762
                  110.72                      -52.175879
                  110.98                      -51.701365
                  111.24                      -50.998866
                   111.5                      -49.944811
                  111.76                      -48.513389
                  112.02                      -46.801933
                  112.28                      -44.977626
                  112.54                      -43.170107
                   112.8                      -41.380629
                  113.06                      -39.480918
                  113.32                        -37.3125
                  113.58                      -34.822248
                  113.84                      -32.141168
                   114.1                      -29.540667
                  114.36                      -27.278994
                  114.62                      -25.445794
                  114.88                      -23.930244
                  115.14                      -22.541189
                   115.4                      -21.188673
                  115.66                       -19.99251
                  115.92                      -19.232682
                  116.18                      -19.167154
                  116.44                      -19.846093
                   116.7                      -21.062255
                  116.96                      -22.480558
                  117.22                      -23.857663
                  117.48                      -25.193133
                  117.74                       -26.70127
                     118                      -28.616888
                  118.26                      -30.969115
                  118.52                      -33.497538
                  118.78                      -35.786894
                  119.04                      -37.518148
                   119.3                       -38.65095
                  119.56                      -39.425411
                  119.82                      -40.181713
                  120.08                      -41.093434
                  120.34                      -41.992198
                   120.6                      -42.418201
                  120.86                      -41.852371
                  121.12                      -39.976123
                  121.38                      -36.839424
                  121.64                      -32.816582
                   121.9                      -28.210417
                  122.16                      -22.635129
                  122.42                      -14.685878
                  122.68                      -2.5687854
                  122.94                       13.404014
                   123.2                       28.702561
                  123.46                       38.881953
                  123.72                       43.110606
                  123.98                       41.621721
                  124.24                       33.228861
                   124.5                       14.654826
                  124.76                      -13.329465
                  125.02                      -37.069442
                  125.28                      -49.970836
                  125.54                      -55.516499
                   125.8                       -56.80542
                  126.06                      -55.533622
                  126.32                      -52.835349
                  126.58                      -49.570067
                  126.84                      -46.140219
                   127.1                      -42.322058
                  127.36                      -37.447328
                  127.62                      -30.865708
                  127.88                      -22.500669
                  128.14                      -13.182001
                   128.4                      -4.2061183
                  128.66                       3.6358181
                  128.92                       10.404589
                  129.18                       16.532634
                  129.44                       22.256532
                   129.7                       27.439493
                  129.96                       31.780565
                  130.22                       35.114394
                  130.48                       37.533067
                  130.74                        39.30822
                     131                        40.72716
                  131.26                       41.947516
                  131.52                       42.941827
                  131.78                       43.553316
                  132.04                       43.614548
                   132.3                        43.05125
                  132.56                       41.921851
                  132.82                       40.380911
                  133.08                       38.582114
                  133.34                       36.570746
                   133.6                       34.236092
                  133.86                       31.361463
                  134.12                       27.746326
                  134.38                       23.333843
                  134.64                       18.264759
                   134.9                       12.800184
                  135.16                       7.1509535
                  135.42                       1.3616761
                  135.68                      -4.6337356
                  135.94                      -10.832385
                   136.2                      -17.029869
                  136.46                      -22.875545
                  136.72                      -28.073925
                  136.98                       -32.54014
                  137.24                      -36.389215
                   137.5                      -39.807735
                  137.76                      -42.921339
                  138.02                      -45.738594
                  138.28                      -48.188209
                  138.54                      -50.204479
                   138.8                       -51.79309
                  139.06                      -53.038942
                  139.32                      -54.062421
                  139.58                      -54.957096
                  139.84                      -55.747191
                   140.1                      -56.389597
                  140.36                      -56.815864
                  140.62                      -56.983957
                  140.88                      -56.907133
                  141.14                      -56.645229
                   141.4                      -56.266033
                  141.66                      -55.801125
                  141.92                      -55.224518
                  142.18                      -54.468186
                  142.44                       -53.46384
                   142.7                      -52.183878
                  142.96                      -50.656322
                  143.22                       -48.94441
                  143.48                      -47.103226
                  143.74                      -45.142912
                     144                      -43.026689
                  144.26                      -40.708473
                  144.52                      -38.186212
                  144.78                      -35.534134
                  145.04                      -32.888546
                   145.3                      -30.393461
                  145.56                      -28.144378
                  145.82                      -26.171687
                  146.08                       -24.47278
                  146.34                      -23.063204
                   146.6                      -22.004642
                  146.86                      -21.387631
                  147.12                      -21.282013
                  147.38                      -21.691857
                  147.64                      -22.546966
                   147.9                      -23.735783
                  148.16                      -25.155827
                  148.42                      -26.747341
                  148.68                      -28.489677
                  148.94                      -30.367312
                   149.2                      -32.333591
                  149.46                      -34.300395
                  149.72                       -36.16123
                  149.98                      -37.830299
                  150.24                      -39.270225
                   150.5                       -40.49116
                  150.76                      -41.523766
                  151.02                      -42.384366
                  151.28                      -43.054189
                  151.54                      -43.484332
                   151.8                      -43.620909
                  152.06                      -43.432662
                  152.32                      -42.923018
                  152.58                      -42.118337
                  152.84                      -41.038449
                   153.1                      -39.667424
                  153.36                       -37.94397
                  153.62                      -35.779297
                  153.88                      -33.093093
                  154.14                      -29.846513
                   154.4                      -26.050814
                  154.66                      -21.744379
                  154.92                      -16.956053
                  155.18                      -11.690927
                  155.44                      -5.9630825
                   155.7                      0.14153292
                  155.96                       6.4280576
                  156.22                       12.630268
                  156.48                       18.506192
                  156.74                       23.915785
                     157                       28.825647
                  157.26                       33.256916
                  157.52                       37.230124
                  157.78                       40.744534
                  158.04                        43.79264
                   158.3                       46.385878
                  158.56                       48.567468
                  158.82                       50.404191
                  159.08                       51.964434
                  159.34                       53.296436
                   159.6                       54.418497
                  159.86                       55.324899
                  160.12                       56.002075
                  160.38                       56.444486
                  160.64                       56.661238
                   160.9                       56.670434
                  161.16                       56.484741
                  161.42                        56.09587
                  161.68                       55.465759
                  161.94                       54.527865
                   162.2                       53.195498
                  162.46                       51.369292
                  162.72                       48.934831
                  162.98                       45.743891
                  163.24                        41.57865
                   163.5                       36.109417
                  163.76                       28.879323
                  164.02                       19.397843
                  164.28                       7.4799087
                  164.54                      -6.1919545
                   164.8                       -19.94116
                  165.06                      -32.044078
                  165.32                      -41.715145
                  165.58                      -49.033945
                  165.84                      -54.405288
                   166.1                      -58.228783
                  166.36                       -60.80712
                  166.62                      -62.351576
                  166.88                      -63.005378
                  167.14                      -62.860846
                   167.4                      -61.968612
                  167.66                      -60.343422
                  167.92                       -57.97225
                  168.18                      -54.830641
                  168.44                      -50.912231
                   168.7                      -46.271609
                  168.96                       -41.06872
                  169.22                       -35.58669
                  169.48                        -30.1935
                  169.74                      -25.251584
                     170                      -21.026476
                  170.26                      -17.649074
                  170.52                      -15.139037
                  170.78                      -13.454885
                  171.04                      -12.533704
                   171.3                       -12.30509
                  171.56                      -12.685827
                  171.82                      -13.572289
                  172.08                      -14.845028
                  172.34                      -16.387979
                   172.6                      -18.111556
                  172.86                      -19.964114
                  173.12                      -21.923988
                  173.38                      -23.978408
                  173.64                      -26.105024
                   173.9                      -28.269386
                  174.16                      -30.439253
                  174.42                      -32.603646
                  174.68                      -34.781026
                  174.94                      -37.009231
                   175.2                      -39.322916
                  175.46                      -41.732849
                  175.72                      -44.219675
                  175.98                      -46.744094
                  176.24                      -49.263749
                   176.5                      -51.743676
                  176.76                      -54.154278
                  177.02                      -56.461739
                  177.28                      -58.621536
                  177.54                      -60.582377
                   177.8                      -62.299153
                  178.06                      -63.746768
                  178.32                      -64.926609
                  178.58                      -65.862484
                  178.84                      -66.588731
                   179.1                      -67.136808
                  179.36                      -67.526921
                  179.62                      -67.768177
                  179.88                      -67.865781
                  180.14                      -67.829844
                   180.4                      -67.679667
                  180.66                      -67.440418
                  180.92                      -67.134018
                  181.18                      -66.770064
                  181.44                      -66.342928
                   181.7                      -65.837319
                  181.96                      -65.238902
                  182.22                      -64.543131
                  182.48                      -63.756402
                  182.74                       -62.88842
                     183                      -61.940529
                  183.26                      -60.897811
                  183.52                      -59.730616
                  183.78                      -58.404909
                  184.04                       -56.89478
                   184.3                      -55.188565
                  184.56                      -53.283689
                  184.82                      -51.172723
                  185.08                      -48.829968
                  185.34                      -46.208897
                   185.6                       -43.25442
                  185.86                      -39.924017
                  186.12                        -36.2049
                  186.38                      -32.115559
                  186.64                      -27.690813
                   186.9                      -22.963895
                  187.16                      -17.964311
                  187.42                      -12.737777
                  187.68                      -7.3723368
                  187.94                      -2.0033062
                   188.2                       3.2159791
                  188.46                       8.1599165
                  188.72                       12.759263
                  188.98                       16.995345
                  189.24                       20.871797
                   189.5                       24.389189
                  189.76                       27.539067
                  190.02                       30.315534
                  190.28                       32.730109
                  190.54                       34.816453
                   190.8                       36.621428
                  191.06                       38.188905
                  191.32                       39.546598
                  191.58                       40.703275
                  191.84                       41.656647
                   192.1                       42.405736
                  192.36                       42.959508
                  192.62                       43.336743
                  192.88                       43.557924
                  193.14                       43.634652
                   193.4                       43.563313
                  193.66                       43.326858
                  193.92                       42.903324
                  194.18                       42.275568
                  194.44                       41.436034
                   194.7                       40.383439
                  194.96                       39.113228
                  195.22                       37.607649
                  195.48                       35.832032
                  195.74                       33.740416
                     196                       31.288069
                  196.26                       28.444061
                  196.52                       25.196662
                  196.78                       21.548887
                  197.04                       17.509088
                   197.3                       13.087214
                  197.56                       8.3051843
                  197.82                       3.2185413
                  198.08                      -2.0665852
                  198.34                      -7.3995913
                   198.6                      -12.617665
                  198.86                      -17.585119
                  199.12                      -22.214344
                  199.38                      -26.459614
                  199.64                      -30.296482
                   199.9                      -33.705976
                  200.16                      -36.673042
                  200.42                      -39.194873
                  200.68                      -41.288117
                  200.94                      -42.987164
                   201.2                      -44.333499
                  201.46                      -45.362299
                  201.72                      -46.093818
                  201.98                      -46.533933
                  202.24                      -46.682699
                   202.5                       -46.54535
                  202.76                      -46.139319
                  203.02                      -45.493737
                  203.28                      -44.642611
                  203.54                      -43.616791
                   203.8                      -42.440734
                  204.06                      -41.137021
                  204.32                      -39.736192
                  204.58                      -38.285175
                  204.84                      -36.847588
                   205.1                      -35.494022
                  205.36                      -34.287192
                  205.62                      -33.270729
                  205.88                       -32.46817
                  206.14                      -31.891447
                   206.4                      -31.551506
                  206.66                      -31.462487
                  206.92                      -31.636151
                  207.18                      -32.070868
                  207.44                      -32.743971
                   207.7                      -33.614169
                  207.96                      -34.633489
                  208.22                      -35.761244
                  208.48                       -36.97108
                  208.74                      -38.247246
                     209                      -39.574016
                  209.26                      -40.926855
                  209.52                      -42.272231
                  209.78                      -43.576331
                  210.04                      -44.816299
                   210.3                      -45.985992
                  210.56                      -47.092325
                  210.82                      -48.144899
                  211.08                      -49.146034
                  211.34                      -50.087762
                   211.6                       -50.95732
                  211.86                      -51.746737
                  212.12                      -52.459524
                  212.38                      -53.109722
                  212.64                      -53.713923
                   212.9                      -54.281632
                  213.16                      -54.810435
                  213.42                      -55.289098
                  213.68                      -55.706251
                  213.94                      -56.058577
                   214.2                      -56.352969
                  214.46                       -56.60127
                  214.72                      -56.811285
                  214.98                       -56.98025
                  215.24                       -57.09529
                   215.5                      -57.140586
                  215.76                      -57.106373
                  216.02                      -56.993729
                  216.28                       -56.81188
                  216.54                      -56.569763
                   216.8                      -56.267471
                  217.06                      -55.893404
                  217.32                      -55.429145
                  217.58                      -54.858798
                  217.84                      -54.176412
                   218.1                       -53.38631
                  218.36                      -52.495754
                  218.62                      -51.504719
                  218.88                      -50.399858
                  219.14                      -49.157276
                   219.4                      -47.752731
                  219.66                      -46.172743
                  219.92                      -44.419034
                  220.18                      -42.503012
                  220.44                      -40.433995
                   220.7                      -38.210032
                  220.96                      -35.819183
                  221.22                      -33.251861
                  221.48                      -30.516407
                  221.74                      -27.646599
                     222                       -24.69471
                  222.26                      -21.714325
                  222.52                      -18.745453
                  222.78                      -15.812935
                  223.04                      -12.938295
                   223.3                      -10.154121
                  223.56                      -7.5080699
                  223.82                      -5.0521649
                  224.08                      -2.8250928
                  224.34                     -0.84076622
                   224.6                      0.90874371
                  224.86                       2.4386554
                  225.12                       3.7559056
                  225.38                       4.8529315
                  225.64                       5.7139186
                   225.9                       6.3278036
                  226.16                       6.6980894
                  226.42                       6.8424055
                  226.68                       6.7821823
                  226.94                       6.5295446
                   227.2                       6.0802909
                  227.46                       5.4176463
                  227.72                       4.5241824
                  227.98                       3.3938478
                  228.24                       2.0361121
                   228.5                      0.46972676
                  228.76                      -1.2891434
                  229.02                      -3.2355248
                  229.28                      -5.3741063
                  229.54                      -7.7077889
                   229.8                      -10.223835
                  230.06                      -12.887356
                  230.32                      -15.647089
                  230.58                      -18.449673
                  230.84                       -21.25255
                   231.1                      -24.026874
                  231.36                      -26.749651
                  231.62                      -29.392398
                  231.88                      -31.915802
                  232.14                       -34.27478
                   232.4                      -36.430276
                  232.66                      -38.359305
                  232.92                      -40.056396
                  233.18                      -41.525635
                  233.44                      -42.768503
                   233.7                      -43.774827
                  233.96                      -44.521661
                  234.22                      -44.979518
                  234.48                       -45.12085
                  234.74                      -44.924448
                     235                      -44.372047
                  235.26                      -43.438007
                  235.52                      -42.077165
                  235.78                      -40.217679
                  236.04                      -37.763836
                   236.3                      -34.609725
                  236.56                      -30.660817
                  236.82                      -25.858723
                  237.08                      -20.205281
                  237.34                      -13.784629
                   237.6                      -6.7818593
                  237.86                       0.5112501
                  238.12                       7.7237417
                  238.38                       14.476896
                  238.64                       20.472988
                   238.9                       25.551052
                  239.16                       29.684077
                  239.42                       32.934681
                  239.68                       35.402078
                  239.94                       37.182337
                   240.2                       38.348564
                  240.46                        38.94825
                  240.72                       39.010983
                  240.98                       38.558926
                  241.24                       37.613834
                   241.5                       36.197305
                  241.76                       34.324749
                  242.02                        31.99746
                  242.28                       29.199542
                  242.54                       25.905412
                   242.8                       22.098385
                  243.06                       17.793423
                  243.32                       13.051705
                  243.58                       7.9766249
                  243.84                        2.692417
                   244.1                      -2.6793955
                  244.36                       -8.028857
                  244.62                       -13.25017
                  244.88                      -18.233843
                  245.14                      -22.874628
                   245.4                       -27.09426
                  245.66                      -30.861662
                  245.92                      -34.194074
                  246.18                      -37.137321
                  246.44                      -39.737599
                   246.7                      -42.021287
                  246.96                      -43.993086
                  247.22                      -45.651153
                  247.48                      -47.008084
                  247.74                      -48.104412
                     248                      -49.006648
                  248.26                      -49.790619
                  248.52                      -50.518414
                  248.78                      -51.220697
                  249.04                      -51.893357
                   249.3                      -52.509224
                  249.56                      -53.037018
                  249.82                      -53.456744
                  250.08                      -53.764734
                  250.34                      -53.968782
                   250.6                       -54.07929
                  250.86                      -54.103293
                  251.12                       -54.04472
                  251.38                      -53.909133
                  251.64                      -53.707865
                   251.9                      -53.457234
                  252.16                       -53.17259
                  252.42                      -52.861255
                  252.68                      -52.519791
                  252.94                      -52.138182
                   253.2                      -51.708429
                  253.46                       -51.23157
                  253.72                      -50.717907
                  253.98                      -50.179783
                  254.24                      -49.621663
                   254.5                      -49.034606
                  254.76                      -48.399417
                  255.02                      -47.696696
                  255.28                      -46.916968
                  255.54                      -46.063727
                   255.8                      -45.146892
                  256.06                      -44.170951
                  256.32                      -43.126209
                  256.58                      -41.989911
                  256.84                      -40.737182
                   257.1                      -39.354744
                  257.36                       -37.84794
                  257.62                       -36.23585
                  257.88                      -34.537606
                  258.14                      -32.759911
                   258.4                      -30.895679
                  258.66                      -28.935944
                  258.92                        -26.8871
                  259.18                      -24.780787
                  259.44                      -22.668163
                   259.7                      -20.601528
                  259.96                      -18.616215
                  260.22                        -16.7258
                  260.48                      -14.933494
                  260.74                      -13.250064
                     261                      -11.703783
                  261.26                       -10.33401
                  261.52                      -9.1725592
                  261.78                      -8.2263197
                  262.04                       -7.473619
                   262.3                      -6.8767169
                  262.56                       -6.401447
                  262.82                      -6.0303762
                  263.08                      -5.7606816
                  263.34                      -5.5888098
                   263.6                      -5.4933894
                  263.86                      -5.4291352
                  264.12                      -5.3367259
                  264.38                      -5.1624171
                  264.64                      -4.8742695
                   264.9                      -4.4640088
                  265.16                      -3.9334121
                  265.42                       -3.275121
                  265.68                      -2.4620839
                  265.94                      -1.4540259
                   266.2                     -0.21732964
                  266.46                       1.2551169
                  266.72                       2.9382287
                  266.98                       4.7878001
                  267.24                       6.7633093
                   267.5                       8.8437323
                  267.76                       11.024503
                  268.02                       13.297926
                  268.28                       15.632107
                  268.54                       17.965022
                   268.8                       20.218998
                  269.06                       22.325106
                  269.32                       24.239217
                  269.58                       25.937706
                  269.84                       27.395045
                   270.1                       28.557386
                  270.36                       29.328177
                  270.62                       29.573895
                  270.88                       29.146667
                  271.14                       27.914508
                   271.4                        25.79134
                  271.66                       22.761858
                  271.92                       18.894492
                  272.18                       14.331706
                  272.44                       9.2517439
                   272.7                       3.8142998
                  272.96                      -1.8809666
                  273.22                      -7.7998808
                  273.48                      -13.943193
                  273.74                      -20.298341
                     274                      -26.795888
                  274.26                      -33.289832
                  274.52                      -39.573997
                  274.78                       -45.43113
                  275.04                      -50.690796
                   275.3                      -55.265953
                  275.56                      -59.154457
                  275.82                      -62.414009
                  276.08                      -65.128514
                  276.34                      -67.380257
                   276.6                      -69.234707
                  276.86                      -70.738298
                  277.12                      -71.925111
                  277.38                      -72.826185
                  277.64                      -73.475728
                   277.9                      -73.911213
                  278.16                      -74.167928
                  278.42                      -74.271593
                  278.68                      -74.233795
                  278.94                      -74.053571
                   279.2                      -73.724865
                  279.46                       -73.24593
                  279.72                      -72.625293
                  279.98                      -71.880544
                  280.24                      -71.030294
                   280.5                      -70.084058
                  280.76                      -69.036848
                  281.02                      -67.872866
                  281.28                      -66.576846
                  281.54                      -65.146161
                   281.8                      -63.595481
                  282.06                      -61.949869
                  282.32                      -60.229985
                  282.58                      -58.439508
                  282.84                      -56.564717
                   283.1                      -54.588026
                  283.36                       -52.50693
                  283.62                      -50.344722
                  283.88                      -48.143876
                  284.14                      -45.945153
                   284.4                      -43.767256
                  284.66                      -41.602862
                  284.92                       -39.43501
                  285.18                      -37.262053
                  285.44                      -35.112158
                   285.7                      -33.035259
                  285.96                      -31.077247
                  286.22                      -29.255497
                  286.48                      -27.554487
                  286.74                      -25.944934
                     287                      -24.412091
                  287.26                      -22.972239
                  287.52                      -21.665063
                  287.78                      -20.527388
                  288.04                      -19.567802
                   288.3                      -18.760925
                  288.56                      -18.065293
                  288.82                      -17.451689
                  289.08                       -16.92165
                  289.34                      -16.503028
                   289.6                      -16.225861
                  289.86                      -16.096006
                  290.12                      -16.085572
                  290.38                      -16.146904
                  290.64                      -16.240126
                   290.9                       -16.35487
                  291.16                      -16.510983
                  291.42                      -16.737701
                  291.68                      -17.046097
                  291.94                      -17.414527
                   292.2                      -17.797562
                  292.46                      -18.152196
                  292.72                      -18.463055
                  292.98                      -18.749062
                  293.24                      -19.046814
                   293.5                      -19.382225
                  293.76                      -19.750475
                  294.02                      -20.118507
                  294.28                      -20.448281
                  294.54                      -20.724361
                   294.8                        -20.9663
                  295.06                      -21.216297
                  295.32                      -21.509105
                  295.58                      -21.842962
                  295.84                      -22.169082
                   296.1                      -22.403856
                  296.36                      -22.453051
                  296.62                       -22.23171
                  296.88                      -21.670109
                  297.14                      -20.709073
                   297.4                      -19.297871
                  297.66                       -17.40759
                  297.92                      -15.060865
                  298.18                      -12.360923
                  298.44                      -9.4917379
                   298.7                      -6.6722006
                  298.96                       -4.081285
                  299.22                      -1.7994824
                  299.48                      0.19721313
                  299.74                       1.9921572
                     300                       3.6646427

