        Frequency / MHz                Port 1 [1] (Mesh Pass=2)/abs,linear
----------------------------------------------------------------------
                      40                       4486.3578
                   40.26                       3164.3993
                   40.52                       2482.3846
                   40.78                       2050.3202
                   41.04                        1730.103
                    41.3                       1472.9381
                   41.56                       1265.5458
                   41.82                        1103.023
                   42.08                       978.71678
                   42.34                       883.27734
                    42.6                       806.12921
                   42.86                        737.7455
                   43.12                       672.49874
                   43.38                       610.05819
                   43.64                       553.86484
                    43.9                       508.58364
                   44.16                       478.86965
                   44.42                       469.25955
                   44.68                       483.50463
                   44.94                       521.82948
                    45.2                       575.84266
                   45.46                       624.97815
                   45.72                       645.57372
                   45.98                        631.3387
                   46.24                       595.63316
                    46.5                       554.07353
                   46.76                       514.93363
                   47.02                       480.39466
                   47.28                       449.92314
                   47.54                       422.47742
                    47.8                       397.43672
                   48.06                       374.65947
                   48.32                       354.14978
                   48.58                       335.74547
                   48.84                       319.03567
                    49.1                       303.50777
                   49.36                       288.78333
                   49.62                       274.75975
                   49.88                       261.56296
                   50.14                       249.36255
                    50.4                       238.18265
                   50.66                       227.82629
                   50.92                       217.95619
                   51.18                       208.27515
                   51.44                       198.67696
                    51.7                       189.26334
                   51.96                       180.22638
                   52.22                       171.68459
                   52.48                       163.57832
                   52.74                       155.68959
                      53                       147.77208
                   53.26                       139.69968
                   53.52                       131.52975
                   53.78                       123.44603
                   54.04                       115.62804
                    54.3                       108.13049
                   54.56                       100.84534
                   54.82                       93.571461
                   55.08                       86.145628
                   55.34                       78.544106
                    55.6                       70.890349
                   55.86                       63.372314
                   56.12                       56.123388
                   56.38                       49.138715
                   56.64                       42.287456
                    56.9                       35.430873
                   57.16                       28.593794
                   57.42                       22.146397
                   57.68                       17.053466
                   57.94                       15.024828
                    58.2                         17.0441
                   58.46                       21.839442
                   58.72                       28.035723
                   58.98                        35.12878
                   59.24                       42.987204
                    59.5                       51.495122
                   59.76                       60.463448
                   60.02                       69.686803
                   60.28                       79.042965
                   60.54                       88.561527
                    60.8                       98.415208
                   61.06                       108.82984
                   61.32                       119.96518
                   61.58                       131.84279
                   61.84                        144.3637
                    62.1                        157.4034
                   62.36                       170.93356
                   62.62                       185.10474
                   62.88                       200.23622
                   63.14                       216.71013
                    63.4                       234.83249
                   63.66                       254.74835
                   63.92                       276.46573
                   64.18                       299.99072
                   64.44                       325.52621
                    64.7                       353.64169
                   64.96                       385.31367
                   65.22                         421.806
                   65.48                       464.46809
                   65.74                       514.58722
                      66                       573.42818
                   66.26                        642.5784
                   66.52                       724.66078
                   66.78                       824.27347
                   67.04                          948.65
                    67.3                         1106.89
                   67.56                        1304.692
                   67.82                       1527.3391
                   68.08                         1709.72
                   68.34                       1750.2631
                    68.6                       1626.6821
                   68.86                       1422.7719
                   69.12                       1215.0967
                   69.38                       1033.0434
                   69.64                       881.41338
                    69.9                       757.62914
                   70.16                       657.44621
                   70.42                       576.38503
                   70.68                       510.18216
                   70.94                        455.0612
                    71.2                       407.95386
                   71.46                        366.6496
                   71.72                       329.79752
                   71.98                       296.72525
                   72.24                       267.14513
                    72.5                       240.87255
                   72.76                        217.6485
                   73.02                       197.10068
                   73.28                       178.83535
                   73.54                       162.61156
                    73.8                       148.50823
                   74.06                       136.98552
                   74.32                       128.77483
                   74.58                       124.59412
                   74.84                       124.80148
                    75.1                       129.23032
                   75.36                       137.36571
                   75.62                       148.70385
                   75.88                       162.98878
                   76.14                       180.19089
                    76.4                       200.30738
                   76.66                       223.14365
                   76.92                       248.19967
                   77.18                        274.7205
                   77.44                        301.9024
                    77.7                       329.14406
                   77.96                       356.12539
                   78.22                       382.54089
                   78.48                       407.58128
                   78.74                       429.57315
                      79                       446.26784
                   79.26                       455.87053
                   79.52                        458.0997
                   79.78                       454.26374
                   80.04                       446.25895
                    80.3                       435.45576
                   80.56                       422.34443
                   80.82                       406.98541
                   81.08                       389.70104
                   81.34                       371.39026
                    81.6                       353.27429
                   81.86                       336.37053
                   82.12                        321.1093
                   82.38                        307.3038
                   82.64                       294.44471
                    82.9                       282.12643
                   83.16                       270.34431
                   83.42                       259.49103
                   83.68                       250.09026
                   83.94                        242.4661
                    84.2                       236.55651
                   84.46                       231.97878
                   84.72                       228.30597
                   84.98                       225.37479
                   85.24                       223.41176
                    85.5                       222.88813
                   85.76                       224.20531
                   86.02                       227.42323
                   86.28                       232.21138
                   86.54                       238.06109
                    86.8                       244.62494
                   87.06                       251.94806
                   87.32                       260.41559
                   87.58                       270.43843
                   87.84                        282.0836
                    88.1                       294.89304
                   88.36                       308.02534
                   88.62                       320.65987
                   88.88                       332.39854
                   89.14                       343.34205
                    89.4                       353.73671
                   89.66                       363.44013
                   89.92                       371.62897
                   90.18                       377.04034
                   90.44                       378.65676
                    90.7                       376.32423
                   90.96                       370.76922
                   91.22                       363.01691
                   91.48                       353.73615
                   91.74                       343.00579
                      92                       330.58993
                   92.26                       316.42952
                   92.52                       300.93585
                   92.78                       284.88342
                   93.04                       269.04525
                    93.3                       253.86439
                   93.56                       239.35279
                   93.82                       225.23471
                   94.08                       211.21965
                   94.34                       197.22953
                    94.6                       183.44976
                   94.86                       170.20333
                   95.12                       157.75433
                   95.38                       146.16496
                   95.64                       135.28344
                    95.9                       124.86819
                   96.16                       114.77537
                   96.42                        105.0947
                   96.68                       96.153711
                   96.94                       88.393014
                    97.2                        82.18539
                   97.46                       77.708808
                   97.72                       74.972229
                   97.98                       73.985649
                   98.24                       74.912328
                    98.5                       78.024551
                   98.76                       83.478378
                   99.02                       91.129369
                   99.28                       100.56738
                   99.54                       111.32357
                    99.8                       123.08936
                  100.06                       135.83024
                  100.32                       149.75207
                  100.58                       165.15058
                  100.84                       182.23685
                   101.1                       201.03982
                  101.36                       221.43585
                  101.62                       243.29292
                  101.88                       266.66754
                  102.14                       291.95245
                   102.4                       319.87218
                  102.66                        351.2994
                  102.92                       386.97579
                  103.18                       427.27972
                  103.44                       472.17872
                   103.7                        521.4676
                  103.96                       575.26325
                  104.22                       634.43516
                  104.48                       700.39296
                  104.74                       773.76489
                     105                       852.03068
                  105.26                       927.24572
                  105.52                       986.77605
                  105.78                       1019.4972
                  106.04                       1022.8634
                   106.3                       1002.1996
                  106.56                        964.0176
                  106.82                         912.521
                  107.08                       851.33913
                  107.34                       785.65886
                   107.6                       721.44838
                  107.86                       663.18626
                  108.12                       612.62141
                  108.38                       569.08334
                  108.64                       530.62591
                   108.9                       495.31991
                  109.16                       462.16443
                  109.42                       431.24799
                  109.68                       403.23621
                  109.94                       378.66094
                   110.2                       357.45075
                  110.46                       338.88019
                  110.72                       321.90983
                  110.98                       305.72031
                  111.24                       290.10857
                   111.5                       275.48879
                  111.76                        262.5291
                  112.02                        251.6805
                  112.28                       242.86864
                  112.54                       235.51801
                   112.8                       228.91633
                  113.06                       222.70349
                  113.32                       217.14094
                  113.58                       212.96016
                  113.84                       210.88958
                   114.1                       211.15941
                  114.36                       213.30138
                  114.62                       216.41407
                  114.88                       219.76434
                  115.14                       223.30228
                   115.4                        227.6749
                  115.66                       233.69175
                  115.92                       241.59685
                  116.18                       250.63572
                  116.44                       259.26812
                   116.7                       266.00965
                  116.96                       270.35499
                  117.22                       272.99813
                  117.48                       275.10435
                  117.74                       277.21075
                     118                       278.58938
                  118.26                       277.59378
                  118.52                       272.86228
                  118.78                       264.44782
                  119.04                       253.84755
                   119.3                       242.96519
                  119.56                       232.92711
                  119.82                       223.50771
                  120.08                       213.43641
                  120.34                       201.42936
                   120.6                       187.24246
                  120.86                       171.92492
                  121.12                        157.1831
                  121.38                       144.41763
                  121.64                       133.94064
                   121.9                       124.78886
                  122.16                       115.58317
                  122.42                        106.3289
                  122.68                       100.20204
                  122.94                       103.75659
                   123.2                       123.54868
                  123.46                       162.69282
                  123.72                       224.03868
                  123.98                       315.24266
                  124.24                       448.92382
                   124.5                       613.60436
                  124.76                       678.55609
                  125.02                       568.05845
                  125.28                       432.77854
                  125.54                        334.2294
                   125.8                        267.2989
                  126.06                       221.71005
                  126.32                       190.25078
                  126.58                       167.63183
                  126.84                       149.76328
                   127.1                       134.08789
                  127.36                       119.92328
                  127.62                       108.09244
                  127.88                       99.985652
                  128.14                       96.451609
                   128.4                       97.067512
                  128.66                       100.43915
                  128.92                       105.27243
                  129.18                       111.16394
                  129.44                       118.55564
                   129.7                       128.09492
                  129.96                       140.00194
                  130.22                       153.89113
                  130.48                       169.05405
                  130.74                       184.93774
                     131                       201.52931
                  131.26                       219.42024
                  131.52                       239.49626
                  131.78                       262.44984
                  132.04                       288.41234
                   132.3                       316.89173
                  132.56                       347.06113
                  132.82                       378.32177
                  133.08                       410.85126
                  133.34                       445.68687
                   133.6                       484.11777
                  133.86                       526.64872
                  134.12                       572.09148
                  134.38                       617.40737
                  134.64                       658.79052
                   134.9                       693.58949
                  135.16                       721.32631
                  135.42                       742.50639
                  135.68                       756.40136
                  135.94                       760.34855
                   136.2                        751.7246
                  136.46                       730.83349
                  136.72                        701.4913
                  136.98                       668.68819
                  137.24                       635.93993
                   137.5                       604.40652
                  137.76                       573.66375
                  138.02                       543.05394
                  138.28                       512.62338
                  138.54                       483.18343
                   138.8                       455.73833
                  139.06                       430.87287
                  139.32                       408.49897
                  139.58                       388.01238
                  139.84                       368.69508
                   140.1                       350.10701
                  140.36                       332.24188
                  140.62                        315.3945
                  140.88                       299.87738
                  141.14                       285.78282
                   141.4                       272.91524
                  141.66                       260.90774
                  141.92                       249.43758
                  142.18                       238.40107
                  142.44                       227.94202
                   142.7                       218.33158
                  142.96                       209.78976
                  143.22                        202.3603
                  143.48                       195.91005
                  143.74                       190.24953
                     144                       185.29431
                  144.26                        181.1575
                  144.52                       178.10939
                  144.78                       176.43039
                  145.04                       176.25203
                   145.3                       177.48828
                  145.56                       179.90238
                  145.82                       183.26109
                  146.08                       187.46231
                  146.34                       192.53848
                   146.6                       198.52907
                  146.86                       205.31112
                  147.12                       212.50947
                  147.38                       219.55967
                  147.64                       225.89451
                   147.9                       231.13302
                  148.16                       235.14033
                  148.42                       237.92362
                  148.68                       239.45959
                  148.94                       239.59934
                   149.2                       238.12902
                  149.46                       234.93484
                  149.72                       230.13522
                  149.98                       224.07151
                  150.24                       217.16677
                   150.5                       209.75797
                  150.76                       202.00838
                  151.02                        193.9386
                  151.28                       185.53543
                  151.54                       176.85634
                   151.8                       168.06173
                  152.06                       159.36476
                  152.32                       150.94259
                  152.58                       142.87048
                  152.84                       135.11934
                   153.1                       127.61629
                  153.36                       120.32872
                  153.62                        113.3187
                  153.88                       106.73581
                  154.14                       100.75715
                   154.4                       95.516337
                  154.66                       91.070129
                  154.92                       87.427222
                  155.18                       84.619546
                  155.44                       82.759682
                   155.7                       82.031956
                  155.96                       82.613118
                  156.22                       84.578405
                  156.48                       87.867485
                  156.74                       92.337073
                     157                       97.855745
                  157.26                       104.37004
                  157.52                       111.90325
                  157.78                       120.50171
                  158.04                       130.17636
                   158.3                       140.88294
                  158.56                        152.5523
                  158.82                       165.14971
                  159.08                       178.72641
                  159.34                       193.43296
                   159.6                       209.48755
                  159.86                       227.12036
                  160.12                       246.53083
                  160.38                       267.88797
                  160.64                       291.38151
                   160.9                       317.30597
                  161.16                       346.14191
                  161.42                       378.59857
                  161.68                       415.60417
                  161.94                       458.26377
                   162.2                       507.83021
                  162.46                       565.73513
                  162.72                       633.69928
                  162.98                       713.86777
                  163.24                       808.75025
                   163.5                       920.40175
                  163.76                       1047.6736
                  164.02                       1179.9789
                  164.28                       1289.1965
                  164.54                        1333.638
                   164.8                       1289.8573
                  165.06                       1178.4948
                  165.32                       1040.8709
                  165.58                       906.35427
                  165.84                       786.98536
                   166.1                        685.0203
                  166.36                        599.0329
                  166.62                        526.6885
                  166.88                       465.70802
                  167.14                       414.13603
                   167.4                       370.39217
                  167.66                       333.26938
                  167.92                       301.92229
                  168.18                       275.84837
                  168.44                       254.84997
                   168.7                       238.95899
                  168.96                       228.30969
                  169.22                       222.96833
                  169.48                       222.77066
                  169.74                       227.24735
                     170                       235.68227
                  170.26                        247.2632
                  170.52                        261.2267
                  170.78                       276.91709
                  171.04                       293.74746
                   171.3                       311.11689
                  171.56                       328.36761
                  171.82                       344.83849
                  172.08                        359.9975
                  172.34                       373.56161
                   172.6                       385.50519
                  172.86                       395.93914
                  173.12                       404.94774
                  173.38                        412.5043
                  173.64                       418.52243
                   173.9                       422.98896
                  174.16                       426.05649
                  174.42                       428.00515
                  174.68                       429.08953
                  174.94                       429.37756
                   175.2                       428.69345
                  175.46                       426.70338
                  175.72                        423.0845
                  175.98                       417.66314
                  176.24                        410.4407
                   176.5                         401.521
                  176.76                       391.02634
                  177.02                       379.07985
                  177.28                       365.85811
                  177.54                       351.65222
                   177.8                       336.87133
                  178.06                       321.97402
                  178.32                       307.36767
                  178.58                       293.33088
                  178.84                       279.99191
                   179.1                        267.3624
                  179.36                       255.40056
                  179.62                       244.06878
                  179.88                       233.35941
                  180.14                       223.28342
                   180.4                       213.83809
                  180.66                       204.97961
                  180.92                       196.62042
                  181.18                       188.65424
                  181.44                        180.9933
                   181.7                       173.59435
                  181.96                       166.45771
                  182.22                       159.60147
                  182.48                        153.0287
                  182.74                       146.70904
                     183                       140.58623
                  183.26                       134.60572
                  183.52                       128.74353
                  183.78                       123.01675
                  184.04                       117.46929
                   184.3                       112.14296
                  184.56                       107.05352
                  184.82                       102.18841
                  185.08                       97.527892
                  185.34                       93.075878
                   185.6                       88.879086
                  185.86                       85.021096
                  186.12                       81.594888
                  186.38                       78.672624
                  186.64                       76.294218
                   186.9                       74.483219
                  187.16                       73.277051
                  187.42                       72.745234
                  187.68                       72.976543
                  187.94                        74.04072
                   188.2                       75.952973
                  188.46                       78.669537
                  188.72                       82.118233
                  188.98                       86.240544
                  189.24                       91.015033
                   189.5                       96.448675
                  189.76                       102.54725
                  190.02                        109.2897
                  190.28                       116.62623
                  190.54                       124.50144
                   190.8                       132.88668
                  191.06                       141.79978
                  191.32                       151.29897
                  191.58                       161.45485
                  191.84                       172.31879
                   192.1                       183.90887
                  192.36                       196.22328
                  192.62                       209.27378
                  192.88                       223.11843
                  193.14                        237.8718
                   193.4                       253.68388
                  193.66                       270.69857
                  193.92                       289.01724
                  194.18                       308.69135
                  194.44                       329.75137
                   194.7                       352.25587
                  194.96                         376.326
                  195.22                        402.1315
                  195.48                       429.81752
                  195.74                       459.39641
                     196                       490.65445
                  196.26                       523.12062
                  196.52                       556.10885
                  196.78                       588.78764
                  197.04                       620.19312
                   197.3                       649.13979
                  197.56                       674.10639
                  197.82                       693.28953
                  198.08                        704.9748
                  198.34                       708.11809
                   198.6                       702.75721
                  198.86                       689.93279
                  199.12                       671.20082
                  199.38                       648.12668
                  199.64                       622.05222
                   199.9                       594.12218
                  200.16                       565.37706
                  200.42                       536.76244
                  200.68                       509.04754
                  200.94                       482.73786
                   201.2                       458.05951
                  201.46                       435.03145
                  201.72                        413.5858
                  201.98                       393.67594
                  202.24                       375.32677
                   202.5                       358.61889
                  202.76                       343.63438
                  203.02                       330.40561
                  203.28                       318.89914
                  203.54                       309.04133
                   203.8                       300.76754
                  204.06                       294.06214
                  204.32                       288.96214
                  204.58                        285.5193
                  204.84                       283.74127
                   205.1                       283.54625
                  205.36                       284.75881
                  205.62                       287.14962
                  205.88                       290.49329
                  206.14                         294.605
                   206.4                       299.33084
                  206.66                       304.49995
                  206.92                        309.8769
                  207.18                       315.15612
                  207.44                       320.01264
                   207.7                       324.18183
                  207.96                       327.51538
                  208.22                       329.97547
                  208.48                       331.57429
                  208.74                       332.30669
                     209                       332.12665
                  209.26                       330.98241
                  209.52                       328.87913
                  209.78                       325.91657
                  210.04                       322.26998
                   210.3                       318.12592
                  210.56                       313.61721
                  210.82                       308.79874
                  211.08                       303.67525
                  211.34                       298.25653
                   211.6                       292.59899
                  211.86                       286.80515
                  212.12                       280.98457
                  212.38                       275.20575
                  212.64                       269.47265
                   212.9                       263.74081
                  213.16                       257.96105
                  213.42                        252.1205
                  213.68                       246.25445
                  213.94                       240.42349
                   214.2                       234.67417
                  214.46                       229.01101
                  214.72                       223.39822
                  214.98                       217.78868
                  215.24                       212.15962
                   215.5                       206.53053
                  215.76                       200.95226
                  216.02                       195.47587
                  216.28                       190.12293
                  216.54                       184.87669
                   216.8                       179.69911
                  217.06                       174.56154
                  217.32                       169.46784
                  217.58                       164.45487
                  217.84                       159.57095
                   218.1                       154.84767
                  218.36                        150.2845
                  218.62                       145.85644
                  218.88                       141.53979
                  219.14                       137.33826
                   219.4                        133.2918
                  219.66                       129.46245
                  219.92                       125.90704
                  220.18                       122.65573
                  220.44                       119.71137
                   220.7                       117.07039
                  220.96                       114.75064
                  221.22                       112.80569
                  221.48                       111.31437
                  221.74                       110.35143
                     222                        109.9593
                  222.26                       110.14076
                  222.52                       110.87779
                  222.78                        112.1622
                  223.04                       114.01461
                   223.3                       116.47673
                  223.56                       119.58212
                  223.82                       123.32726
                  224.08                       127.66515
                  224.34                       132.52721
                   224.6                       137.85916
                  224.86                       143.64561
                  225.12                       149.90641
                  225.38                       156.66689
                  225.64                       163.92304
                   225.9                       171.62632
                  226.16                       179.69958
                  226.42                       188.07395
                  226.68                       196.72078
                  226.94                         205.654
                   227.2                       214.89756
                  227.46                       224.43668
                  227.72                       234.18501
                  227.98                       243.99038
                  228.24                       253.67668
                   228.5                       263.09215
                  228.76                       272.12689
                  229.02                         280.682
                  229.28                       288.61016
                  229.54                        295.6741
                   229.8                       301.56321
                  230.06                       305.96933
                  230.32                       308.67717
                  230.58                       309.60914
                  230.84                       308.79745
                   231.1                        306.3133
                  231.36                       302.21394
                  231.62                       296.54783
                  231.88                       289.40558
                  232.14                       280.96665
                   232.4                       271.49693
                  232.66                       261.29413
                  232.92                       250.61717
                  233.18                       239.64314
                  233.44                       228.47206
                   233.7                        217.1672
                  233.96                       205.79987
                  234.22                       194.47035
                  234.48                       183.29676
                  234.74                       172.38547
                     235                       161.80614
                  235.26                       151.58945
                  235.52                       141.75051
                  235.78                       132.32618
                  236.04                       123.40717
                   236.3                       115.15028
                  236.56                       107.76819
                  236.82                        101.5061
                  237.08                        96.61981
                  237.34                       93.364069
                   237.6                       91.987249
                  237.86                       92.716257
                  238.12                       95.720471
                  238.38                       101.06751
                  238.64                       108.70308
                   238.9                       118.47562
                  239.16                       130.19532
                  239.42                        143.6984
                  239.68                        158.8915
                  239.94                       175.76412
                   240.2                       194.36962
                  240.46                       214.78586
                  240.72                       237.07301
                  240.98                       261.24641
                  241.24                       287.27471
                   241.5                       315.09904
                  241.76                       344.65029
                  242.02                       375.82858
                  242.28                       408.41572
                  242.54                        441.9276
                   242.8                       475.46913
                  243.06                       507.69729
                  243.32                       536.97884
                  243.58                       561.71569
                  243.84                        580.6653
                   244.1                       593.07136
                  244.36                       598.60519
                  244.62                       597.30364
                  244.88                       589.63402
                  245.14                       576.58702
                   245.4                        559.5918
                  245.66                       540.20222
                  245.92                       519.72562
                  246.18                       499.01033
                  246.44                       478.47501
                   246.7                       458.30776
                  246.96                       438.68655
                  247.22                       419.89359
                  247.48                       402.28342
                  247.74                       386.15636
                     248                       371.62962
                  248.26                       358.58027
                  248.52                       346.68782
                  248.78                       335.55505
                  249.04                       324.84799
                   249.3                       314.38769
                  249.56                       304.15667
                  249.82                       294.23533
                  250.08                       284.71869
                  250.34                       275.66163
                   250.6                       267.07119
                  250.86                       258.93203
                  251.12                        251.2351
                  251.38                       243.98565
                  251.64                       237.18711
                   251.9                       230.81744
                  252.16                       224.81933
                  252.42                        219.1152
                  252.68                       213.63826
                  252.94                       208.35821
                   253.2                       203.28308
                  253.46                        198.4353
                  253.72                       193.81875
                  253.98                       189.39994
                  254.24                       185.11708
                   254.5                       180.91126
                  254.76                       176.75822
                  255.02                       172.67834
                  255.28                       168.71772
                  255.54                       164.91388
                   255.8                       161.26975
                  256.06                       157.75462
                  256.32                       154.33147
                  256.58                       150.99194
                  256.84                       147.77404
                   257.1                       144.74988
                  257.36                       141.99154
                  257.62                        139.5386
                  257.88                       137.39002
                  258.14                       135.52635
                   258.4                       133.94668
                  258.66                       132.69306
                  258.92                       131.84342
                  259.18                       131.47586
                  259.44                       131.62823
                   259.7                       132.28097
                  259.96                       133.37584
                  260.22                       134.85669
                  260.48                       136.70235
                  260.74                       138.92618
                     261                       141.54132
                  261.26                       144.51633
                  261.52                       147.75392
                  261.78                       151.11046
                  262.04                       154.44496
                   262.3                       157.66472
                  262.56                       160.73568
                  262.82                       163.65082
                  263.08                       166.38046
                  263.34                       168.84309
                   263.6                       170.92167
                  263.86                       172.51738
                  264.12                       173.60445
                  264.38                       174.24639
                  264.64                       174.56082
                   264.9                       174.65772
                  265.16                       174.59524
                  265.42                       174.38455
                  265.68                       174.03978
                  265.94                       173.63627
                   266.2                       173.33329
                  266.46                       173.34255
                  266.72                       173.86285
                  266.98                       175.02629
                  267.24                       176.89381
                   267.5                       179.50465
                  267.76                       182.94601
                  268.02                       187.39457
                  268.28                       193.10024
                  268.54                       200.32434
                   268.8                       209.27844
                  269.06                       220.11236
                  269.32                       232.96879
                  269.58                       248.07881
                  269.84                       265.84373
                   270.1                       286.85025
                  270.36                       311.79654
                  270.62                       341.34299
                  270.88                       375.91787
                  271.14                       415.50237
                   271.4                       459.42547
                  271.66                       506.24373
                  271.92                       553.84028
                  272.18                       599.83801
                  272.44                       642.20076
                   272.7                       679.64642
                  272.96                       711.55478
                  273.22                       737.44565
                  273.48                       756.42588
                  273.74                       766.99669
                     274                       767.39906
                  274.26                       756.40508
                  274.52                       734.15926
                  274.78                       702.50863
                  275.04                       664.53657
                   275.3                       623.60294
                  275.56                       582.49103
                  275.82                       543.02347
                  276.08                       506.11551
                  276.34                       472.04903
                   276.6                       440.77308
                  276.86                       412.12526
                  277.12                       385.94348
                  277.38                       362.08691
                  277.64                       340.40895
                   277.9                       320.72575
                  278.16                       302.80876
                  278.42                       286.40855
                  278.68                       271.29742
                  278.94                       257.30738
                   279.2                       244.34261
                  279.46                       232.35977
                  279.72                       221.32839
                  279.98                       211.19362
                  280.24                       201.86229
                   280.5                       193.21959
                  280.76                       185.16552
                  281.02                       177.64737
                  281.28                       170.66658
                  281.54                       164.25431
                   281.8                       158.43071
                  282.06                       153.17378
                  282.32                       148.41864
                  282.58                       144.08912
                  282.84                       140.14055
                   283.1                       136.58368
                  283.36                       133.47138
                  283.62                       130.85554
                  283.88                       128.74315
                  284.14                       127.08293
                   284.4                       125.79387
                  284.66                       124.81657
                  284.92                       124.15008
                  285.18                       123.84588
                  285.44                       123.96179
                   285.7                       124.50825
                  285.96                       125.42651
                  286.22                        126.6165
                  286.48                       127.99575
                  286.74                       129.54636
                     287                       131.31454
                  287.26                       133.36174
                  287.52                       135.70172
                  287.78                       138.26958
                  288.04                       140.94674
                   288.3                       143.62562
                  288.56                       146.26788
                  288.82                       148.91298
                  289.08                       151.62925
                  289.34                       154.44182
                   289.6                       157.28934
                  289.86                       160.04271
                  290.12                       162.57481
                  290.38                       164.83255
                  290.64                       166.85856
                   290.9                       168.74544
                  291.16                       170.55457
                  291.42                       172.25805
                  291.68                       173.74656
                  291.94                       174.89945
                   292.2                       175.66779
                  292.46                       176.10994
                  292.72                       176.35252
                  292.98                       176.50409
                  293.24                       176.58248
                   293.5                       176.50663
                  293.76                       176.15847
                  294.02                       175.47027
                  294.28                        174.4739
                  294.54                       173.27488
                   294.8                        171.9684
                  295.06                       170.55478
                  295.32                       168.91192
                  295.58                       166.84403
                  295.84                       164.17609
                   296.1                       160.83569
                  296.36                       156.87761
                  296.62                       152.45197
                  296.88                       147.75469
                  297.14                        143.0018
                   297.4                       138.43892
                  297.66                       134.36043
                  297.92                       131.09811
                  298.18                       128.95652
                  298.44                       128.11257
                   298.7                       128.53367
                  298.96                       129.97429
                  299.22                       132.06936
                  299.48                       134.48118
                  299.74                       137.01826
                     300                       139.65953

