        Frequency / MHz                S1,1 (114)/abs,dB
----------------------------------------------------------------------
                      40                       -1.347047
               40.259998                      -1.3663715
                   40.52                      -1.3854477
               40.779999                      -1.4042706
               41.040001                      -1.4228397
               41.299999                      -1.4411584
               41.560001                      -1.4592326
                   41.82                      -1.4770717
               42.079998                      -1.4946832
                   42.34                      -1.5120681
               42.599998                      -1.5292278
               42.860001                      -1.5461637
               43.119999                      -1.5628779
               43.380001                      -1.5793772
               43.639999                      -1.5956724
               43.900002                      -1.6117756
                   44.16                      -1.6276989
               44.419998                      -1.6434516
                   44.68                      -1.6590397
               44.939999                      -1.6744682
               45.200001                      -1.6897391
               45.459999                      -1.7048608
               45.720001                      -1.7198417
                   45.98                      -1.7346951
               46.240002                      -1.7494348
                    46.5                      -1.7640719
               46.759998                      -1.7786156
                   47.02                      -1.7930714
               47.279999                      -1.8074445
               47.540001                      -1.8217392
               47.799999                      -1.8359619
               48.060001                       -1.850124
                   48.32                      -1.8642366
               48.579998                       -1.878312
                   48.84                       -1.892361
               49.099998                      -1.9063903
               49.360001                       -1.920403
               49.619999                      -1.9344039
               49.880001                      -1.9483963
               50.139999                      -1.9623875
               50.400002                      -1.9763873
                   50.66                      -1.9904042
               50.919998                      -2.0044512
                   51.18                      -2.0185333
               51.439999                      -2.0326561
               51.700001                      -2.0468229
               51.959999                      -2.0610341
               52.220001                      -2.0752957
                   52.48                      -2.0896111
               52.740002                      -2.1039895
                      53                      -2.1184404
               53.259998                      -2.1329711
                   53.52                      -2.1475856
               53.779999                      -2.1622878
               54.040001                      -2.1770773
               54.299999                      -2.1919567
               54.560001                      -2.2069281
                   54.82                      -2.2219961
               55.079998                      -2.2371681
                   55.34                      -2.2524515
               55.599998                      -2.2678501
               55.860001                      -2.2833683
               56.119999                      -2.2990063
               56.380001                      -2.3147618
               56.639999                      -2.3306382
               56.900002                      -2.3466343
                   57.16                       -2.362757
               57.419998                      -2.3790106
                   57.68                      -2.3953985
               57.939999                      -2.4119256
               58.200001                      -2.4285922
               58.459999                      -2.4453961
               58.720001                      -2.4623363
                   58.98                      -2.4794118
               59.240002                      -2.4966225
                    59.5                      -2.5139731
               59.759998                      -2.5314659
                   60.02                      -2.5491035
               60.279999                      -2.5668869
               60.540001                      -2.5848139
               60.799999                      -2.6028816
               61.060001                      -2.6210862
                   61.32                      -2.6394251
               61.579998                      -2.6578984
                   61.84                      -2.6765054
               62.099998                      -2.6952503
               62.360001                      -2.7141313
               62.619999                      -2.7331453
               62.880001                      -2.7522891
               63.139999                      -2.7715561
               63.400002                      -2.7909397
                   63.66                      -2.8104358
               63.919998                      -2.8300419
                   64.18                      -2.8497581
               64.440002                      -2.8695817
               64.699997                      -2.8895116
               64.959999                      -2.9095411
               65.220001                      -2.9296623
               65.480003                      -2.9498629
               65.739998                      -2.9701338
                      66                      -2.9904624
               66.260002                      -3.0108448
               66.519997                      -3.0312719
               66.779999                      -3.0517407
               67.040001                      -3.0722444
               67.300003                      -3.0927752
               67.559998                      -3.1133214
                   67.82                      -3.1338713
               68.080002                      -3.1544125
               68.339996                      -3.1749296
               68.599998                      -3.1954117
               68.860001                      -3.2158484
               69.120003                      -3.2362244
               69.379997                      -3.2565288
               69.639999                      -3.2767446
               69.900002                      -3.2968567
               70.159996                      -3.3168431
               70.419998                      -3.3366888
                   70.68                      -3.3563743
               70.940002                      -3.3758817
               71.199997                      -3.3951929
               71.459999                      -3.4142915
               71.720001                      -3.4331557
               71.980003                      -3.4517646
               72.239998                      -3.4700916
                    72.5                      -3.4881122
               72.760002                      -3.5058035
               73.019997                       -3.523138
               73.279999                      -3.5400938
               73.540001                      -3.5566459
               73.800003                      -3.5727668
               74.059998                      -3.5884316
                   74.32                      -3.6036075
               74.580002                      -3.6182658
               74.839996                      -3.6323727
               75.099998                      -3.6458972
               75.360001                      -3.6588072
               75.620003                      -3.6710709
               75.879997                      -3.6826588
               76.139999                      -3.6935378
               76.400002                      -3.7036719
               76.659996                      -3.7130275
               76.919998                      -3.7215638
                   77.18                      -3.7292447
               77.440002                      -3.7360322
               77.699997                      -3.7418899
               77.959999                      -3.7467811
               78.220001                      -3.7506708
               78.480003                      -3.7535228
               78.739998                      -3.7552979
                      79                      -3.7559554
               79.260002                      -3.7554572
               79.519997                      -3.7537629
               79.779999                      -3.7508333
               80.040001                      -3.7466318
               80.300003                      -3.7411238
               80.559998                      -3.7342754
                   80.82                      -3.7260531
               81.080002                      -3.7164232
               81.339996                      -3.7053507
               81.599998                         -3.6928
               81.860001                      -3.6787419
               82.120003                      -3.6631486
               82.379997                      -3.6459936
               82.639999                      -3.6272567
               82.900002                      -3.6069213
               83.159996                      -3.5849723
               83.419998                      -3.5613975
                   83.68                      -3.5361834
               83.940002                      -3.5093266
               84.199997                      -3.4808236
               84.459999                      -3.4506805
               84.720001                      -3.4189092
               84.980003                       -3.385531
               85.239998                      -3.3505734
                    85.5                      -3.3140779
               85.760002                      -3.2760863
               86.019997                      -3.2366555
               86.279999                       -3.195848
               86.540001                      -3.1537428
               86.800003                      -3.1104285
               87.059998                      -3.0660118
                   87.32                      -3.0206133
               87.580002                      -2.9743684
               87.839996                      -2.9274296
               88.099998                      -2.8799633
               88.360001                       -2.832149
               88.620003                      -2.7841901
               88.879997                      -2.7363045
               89.139999                      -2.6887413
               89.400002                      -2.6417746
               89.659996                      -2.5957055
               89.919998                      -2.5508693
                   90.18                      -2.5076253
               90.440002                      -2.4663562
               90.699997                      -2.4274682
               90.959999                      -2.3913824
               91.220001                       -2.358536
               91.480003                      -2.3293774
               91.739998                      -2.3043702
                      92                      -2.2839883
               92.260002                      -2.2687112
               92.519997                      -2.2590256
               92.779999                      -2.2554161
               93.040001                      -2.2583558
               93.300003                      -2.2683059
               93.559998                      -2.2856979
                   93.82                      -2.3109331
               94.080002                      -2.3443681
               94.339996                      -2.3863163
               94.599998                      -2.4370385
               94.860001                      -2.4967373
               95.120003                      -2.5655589
               95.379997                       -2.643587
               95.639999                      -2.7308403
               95.900002                      -2.8272743
               96.159996                      -2.9327819
               96.419998                      -3.0471943
                   96.68                      -3.1702879
               96.940002                      -3.3017863
               97.199997                       -3.441371
               97.459999                      -3.5886873
               97.720001                      -3.7433499
               97.980003                      -3.9049522
               98.239998                      -4.0730728
                    98.5                      -4.2472783
               98.760002                      -4.4271328
               99.019997                      -4.6122009
               99.279999                      -4.8020565
               99.540001                       -4.996279
               99.800003                      -5.1944716
                  100.06                      -5.3962491
                  100.32                      -5.6012526
                  100.58                      -5.8091386
                  100.84                      -6.0195948
                   101.1                      -6.2323258
                  101.36                      -6.4470594
                  101.62                       -6.663547
                  101.88                      -6.8815628
                  102.14                      -7.1009039
                   102.4                      -7.3213883
                  102.66                      -7.5428581
                  102.92                      -7.7651736
                  103.18                      -7.9882142
                  103.44                      -8.2118755
                   103.7                      -8.4360693
                  103.96                      -8.6607199
                  104.22                      -8.8857675
                  104.48                      -9.1111655
                  104.74                      -9.3368786
                     105                      -9.5628889
                  105.26                      -9.7891843
                  105.52                      -10.015766
                  105.78                      -10.242641
                  106.04                      -10.469825
                   106.3                      -10.697337
                  106.56                      -10.925207
                  106.82                      -11.153472
                  107.08                      -11.382173
                  107.34                      -11.611364
                   107.6                      -11.841099
                  107.86                       -12.07144
                  108.12                      -12.302452
                  108.38                      -12.534203
                  108.64                      -12.766764
                   108.9                       -13.00021
                  109.16                      -13.234623
                  109.42                      -13.470089
                  109.68                        -13.7067
                  109.94                      -13.944554
                   110.2                      -14.183748
                  110.46                      -14.424385
                  110.72                      -14.666568
                  110.98                      -14.910401
                  111.24                      -15.155999
                   111.5                      -15.403476
                  111.76                      -15.652957
                  112.02                       -15.90457
                  112.28                      -16.158449
                  112.54                      -16.414731
                   112.8                      -16.673554
                  113.06                      -16.935059
                  113.32                      -17.199393
                  113.58                      -17.466708
                  113.84                      -17.737163
                   114.1                       -18.01093
                  114.36                      -18.288182
                  114.62                      -18.569099
                  114.88                      -18.853866
                  115.14                      -19.142667
                   115.4                      -19.435692
                  115.66                      -19.733132
                  115.92                       -20.03519
                  116.18                      -20.342073
                  116.44                      -20.653996
                   116.7                      -20.971176
                  116.96                      -21.293826
                  117.22                      -21.622153
                  117.48                      -21.956351
                  117.74                      -22.296607
                     118                      -22.643087
                  118.26                      -22.995943
                  118.52                      -23.355302
                  118.78                      -23.721248
                  119.04                      -24.093808
                   119.3                      -24.472928
                  119.56                      -24.858446
                  119.82                       -25.25007
                  120.08                      -25.647344
                  120.34                      -26.049609
                   120.6                      -26.455962
                  120.86                      -26.865181
                  121.12                       -27.27566
                  121.38                       -27.68531
                  121.64                      -28.091483
                   121.9                      -28.490883
                  122.16                      -28.879517
                  122.42                      -29.252673
                  122.68                      -29.604961
                  122.94                      -29.930422
                   123.2                      -30.222751
                  123.46                      -30.475619
                  123.72                       -30.68314
                  123.98                      -30.840388
                  124.24                      -30.943935
                   124.5                      -30.992246
                  124.76                      -30.985885
                  125.02                      -30.927434
                  125.28                      -30.821167
                  125.54                      -30.672581
                   125.8                      -30.487853
                  126.06                      -30.273361
                  126.32                      -30.035295
                  126.58                      -29.779375
                  126.84                      -29.510688
                   127.1                      -29.233611
                  127.36                      -28.951795
                  127.62                      -28.668206
                  127.88                      -28.385202
                  128.14                      -28.104627
               128.39999                      -27.827899
                  128.66                      -27.556097
                  128.92                      -27.290029
               129.17999                      -27.030279
                  129.44                      -26.777244
                   129.7                      -26.531166
               129.96001                      -26.292162
                  130.22                      -26.060251
                  130.48                      -25.835394
               130.74001                      -25.617509
                     131                      -25.406493
               131.25999                      -25.202222
                  131.52                      -25.004555
                  131.78                      -24.813331
               132.03999                      -24.628368
                   132.3                       -24.44947
                  132.56                      -24.276437
               132.81999                      -24.109075
                  133.08                      -23.947206
                  133.34                      -23.790668
               133.60001                      -23.639306
                  133.86                       -23.49297
                  134.12                      -23.351502
                  134.38                      -23.214733
                  134.64                      -23.082494
               134.89999                      -22.954626
                  135.16                      -22.830983
                  135.42                      -22.711442
               135.67999                      -22.595898
                  135.94                      -22.484256
                   136.2                      -22.376406
               136.46001                      -22.272233
                  136.72                      -22.171599
                  136.98                      -22.074369
               137.24001                       -21.98042
                   137.5                      -21.889661
               137.75999                      -21.802041
                  138.02                      -21.717548
                  138.28                      -21.636182
               138.53999                      -21.557944
                   138.8                      -21.482801
                  139.06                      -21.410674
               139.31999                       -21.34144
                  139.58                      -21.274946
                  139.84                      -21.211042
               140.10001                      -21.149593
                  140.36                      -21.090509
                  140.62                       -21.03374
                  140.88                      -20.979275
                  141.14                      -20.927116
               141.39999                      -20.877264
                  141.66                      -20.829705
                  141.92                      -20.784405
               142.17999                      -20.741315
                  142.44                      -20.700381
                   142.7                      -20.661557
               142.96001                      -20.624804
                  143.22                      -20.590098
                  143.48                      -20.557423
               143.74001                       -20.52676
                     144                      -20.498086
               144.25999                      -20.471371
                  144.52                      -20.446582
                  144.78                      -20.423688
               145.03999                       -20.40266
                   145.3                      -20.383478
                  145.56                      -20.366126
               145.81999                      -20.350597
                  146.08                      -20.336873
                  146.34                      -20.324938
               146.60001                      -20.314775
                  146.86                      -20.306361
                  147.12                      -20.299676
                  147.38                      -20.294706
                  147.64                      -20.291441
               147.89999                      -20.289875
                  148.16                      -20.290002
                  148.42                       -20.29181
               148.67999                      -20.295292
                  148.94                      -20.300435
                   149.2                      -20.307224
               149.46001                      -20.315654
                  149.72                      -20.325715
                  149.98                      -20.337406
               150.24001                      -20.350723
                   150.5                      -20.365666
               150.75999                      -20.382229
                  151.02                      -20.400407
                  151.28                      -20.420192
               151.53999                       -20.44158
                   151.8                      -20.464567
                  152.06                      -20.489152
               152.31999                      -20.515335
                  152.58                      -20.543119
                  152.84                      -20.572503
               153.10001                      -20.603485
                  153.36                      -20.636062
                  153.62                      -20.670229
                  153.88                      -20.705987
                  154.14                      -20.743335
               154.39999                      -20.782271
                  154.66                      -20.822801
                  154.92                      -20.864922
               155.17999                      -20.908635
                  155.44                      -20.953937
                   155.7                      -21.000822
               155.96001                      -21.049288
                  156.22                       -21.09933
                  156.48                      -21.150945
               156.74001                      -21.204132
                     157                      -21.258884
               157.25999                      -21.315196
                  157.52                      -21.373059
                  157.78                      -21.432462
               158.03999                       -21.49339
                   158.3                       -21.55583
                  158.56                      -21.619765
               158.81999                      -21.685181
                  159.08                      -21.752056
                  159.34                      -21.820368
               159.60001                      -21.890092
                  159.86                      -21.961195
                  160.12                      -22.033641
                  160.38                       -22.10739
                  160.64                        -22.1824
               160.89999                      -22.258622
                  161.16                      -22.336005
                  161.42                       -22.41449
               161.67999                      -22.494013
                  161.94                      -22.574499
                   162.2                      -22.655867
               162.46001                       -22.73803
                  162.72                      -22.820889
                  162.98                       -22.90434
               163.24001                      -22.988269
                   163.5                      -23.072556
               163.75999                      -23.157065
                  164.02                      -23.241651
                  164.28                      -23.326158
               164.53999                      -23.410414
                   164.8                      -23.494242
                  165.06                      -23.577449
               165.31999                      -23.659833
                  165.58                       -23.74118
                  165.84                      -23.821266
               166.10001                      -23.899851
                  166.36                      -23.976689
                  166.62                      -24.051519
                  166.88                      -24.124074
                  167.14                       -24.19408
               167.39999                      -24.261259
                  167.66                      -24.325329
                  167.92                      -24.386007
               168.17999                      -24.443008
                  168.44                      -24.496052
                   168.7                      -24.544863
               168.96001                      -24.589175
                  169.22                      -24.628734
                  169.48                      -24.663302
               169.74001                      -24.692662
                     170                      -24.716615
               170.25999                      -24.734988
                  170.52                      -24.747632
                  170.78                       -24.75443
               171.03999                      -24.755291
                   171.3                      -24.750159
                  171.56                      -24.739013
               171.81999                      -24.721861
                  172.08                       -24.69875
                  172.34                      -24.669753
               172.60001                      -24.634978
                  172.86                      -24.594559
                  173.12                      -24.548655
                  173.38                      -24.497455
                  173.64                      -24.441164
               173.89999                      -24.380009
                  174.16                      -24.314232
                  174.42                       -24.24409
               174.67999                      -24.169843
                  174.94                       -24.09176
                   175.2                      -24.010114
               175.46001                      -23.925174
                  175.72                      -23.837215
                  175.98                      -23.746501
               176.24001                      -23.653294
                   176.5                      -23.557851
               176.75999                      -23.460413
                  177.02                      -23.361213
                  177.28                      -23.260477
               177.53999                      -23.158414
                   177.8                      -23.055222
                  178.06                       -22.95109
               178.31999                      -22.846191
                  178.58                       -22.74069
                  178.84                      -22.634731
               179.10001                      -22.528453
                  179.36                      -22.421982
                  179.62                      -22.315428
                  179.88                      -22.208896
                  180.14                      -22.102477
               180.39999                      -21.996251
                  180.66                      -21.890292
                  180.92                      -21.784663
               181.17999                      -21.679417
                  181.44                      -21.574604
                   181.7                       -21.47026
               181.96001                      -21.366418
                  182.22                      -21.263106
                  182.48                      -21.160344
               182.74001                      -21.058149
                     183                      -20.956531
               183.25999                      -20.855499
                  183.52                      -20.755054
                  183.78                      -20.655199
               184.03999                       -20.55593
                   184.3                      -20.457244
                  184.56                      -20.359135
               184.81999                      -20.261595
                  185.08                      -20.164619
                  185.34                      -20.068198
               185.60001                      -19.972323
                  185.86                      -19.876987
                  186.12                      -19.782183
                  186.38                      -19.687905
                  186.64                      -19.594151
               186.89999                      -19.500915
                  187.16                        -19.4082
                  187.42                      -19.316006
               187.67999                       -19.22434
                  187.94                      -19.133206
                   188.2                      -19.042615
               188.46001                      -18.952581
                  188.72                      -18.863119
                  188.98                      -18.774248
               189.24001                      -18.685991
                   189.5                      -18.598374
               189.75999                      -18.511423
                  190.02                      -18.425172
                  190.28                      -18.339652
               190.53999                      -18.254902
                   190.8                       -18.17096
                  191.06                      -18.087867
               191.31999                      -18.005666
                  191.58                      -17.924403
                  191.84                      -17.844124
               192.10001                      -17.764877
                  192.36                       -17.68671
                  192.62                      -17.609671
                  192.88                      -17.533813
                  193.14                      -17.459183
               193.39999                      -17.385831
                  193.66                      -17.313807
                  193.92                      -17.243162
               194.17999                       -17.17394
                  194.44                      -17.106192
                   194.7                      -17.039961
               194.96001                      -16.975296
                  195.22                      -16.912239
                  195.48                      -16.850834
               195.74001                      -16.791122
                     196                      -16.733146
               196.25999                      -16.676944
                  196.52                      -16.622554
                  196.78                      -16.570016
               197.03999                      -16.519364
                   197.3                      -16.470636
                  197.56                      -16.423866
               197.81999                      -16.379088
                  198.08                       -16.33634
                  198.34                      -16.295655
               198.60001                      -16.257067
                  198.86                       -16.22061
                  199.12                      -16.186324
                  199.38                      -16.154241
                  199.64                        -16.1244
               199.89999                      -16.096839
                  200.16                        -16.0716
                  200.42                      -16.048724
               200.67999                      -16.028254
                  200.94                      -16.010234
                   201.2                      -15.994715
               201.46001                      -15.981746
                  201.72                      -15.971382
                  201.98                      -15.963676
               202.24001                      -15.958689
                   202.5                      -15.956484
               202.75999                      -15.957125
                  203.02                      -15.960682
                  203.28                      -15.967231
               203.53999                      -15.976843
                   203.8                      -15.989602
                  204.06                       -16.00559
               204.31999                      -16.024897
                  204.58                      -16.047615
                  204.84                       -16.07384
               205.10001                      -16.103671
                  205.36                      -16.137214
                  205.62                      -16.174574
                  205.88                      -16.215864
                  206.14                      -16.261199
               206.39999                      -16.310695
                  206.66                      -16.364476
                  206.92                      -16.422667
               207.17999                      -16.485394
                  207.44                      -16.552786
                   207.7                      -16.624975
               207.96001                      -16.702095
                  208.22                      -16.784279
                  208.48                      -16.871662
               208.74001                      -16.964381
                     209                      -17.062571
               209.25999                      -17.166364
                  209.52                      -17.275895
                  209.78                      -17.391292
               210.03999                      -17.512684
                   210.3                      -17.640192
                  210.56                      -17.773934
               210.81999                      -17.914025
                  211.08                      -18.060566
                  211.34                      -18.213654
               211.60001                      -18.373378
                  211.86                      -18.539809
                  212.12                      -18.713009
                  212.38                      -18.893021
                  212.64                      -19.079872
               212.89999                      -19.273567
                  213.16                      -19.474084
                  213.42                      -19.681376
               213.67999                      -19.895358
                  213.94                      -20.115907
                   214.2                      -20.342854
               214.46001                      -20.575977
                  214.72                      -20.814991
                  214.98                      -21.059542
               215.24001                      -21.309188
                   215.5                      -21.563395
               215.75999                      -21.821517
                  216.02                      -22.082785
                  216.28                      -22.346285
               216.53999                      -22.610946
                   216.8                      -22.875523
                  217.06                      -23.138583
               217.31999                      -23.398494
                  217.58                      -23.653422
                  217.84                      -23.901326
               218.10001                      -24.139985
                  218.36                      -24.367016
                  218.62                      -24.579924
                  218.88                      -24.776166
                  219.14                      -24.953237
               219.39999                      -25.108759
                  219.66                      -25.240597
                  219.92                      -25.346963
               220.17999                      -25.426516
                  220.44                       -25.47844
                   220.7                      -25.502491
               220.96001                       -25.49901
                  221.22                      -25.468899
                  221.48                      -25.413553
               221.74001                      -25.334778
                     222                      -25.234681
               222.25999                      -25.115566
                  222.52                      -24.979824
                  222.78                      -24.829846
               223.03999                       -24.66795
                   223.3                      -24.496321
                  223.56                      -24.316976
               223.81999                      -24.131741
                  224.08                      -23.942243
                  224.34                      -23.749906
               224.60001                      -23.555966
                  224.86                      -23.361478
                  225.12                      -23.167338
                  225.38                      -22.974291
                  225.64                      -22.782958
               225.89999                      -22.593846
                  226.16                      -22.407361
                  226.42                      -22.223829
               226.67999                        -22.0435
                  226.94                      -21.866567
                   227.2                       -21.69317
               227.46001                      -21.523404
                  227.72                      -21.357334
                  227.98                       -21.19499
               228.24001                      -21.036383
                   228.5                      -20.881499
               228.75999                      -20.730314
                  229.02                      -20.582783
                  229.28                      -20.438858
               229.53999                      -20.298478
                   229.8                      -20.161579
                  230.06                      -20.028092
               230.31999                      -19.897945
                  230.58                      -19.771063
                  230.84                      -19.647371
               231.10001                      -19.526792
                  231.36                      -19.409248
                  231.62                      -19.294665
                  231.88                      -19.182966
                  232.14                      -19.074078
               232.39999                      -18.967929
                  232.66                       -18.86445
                  232.92                      -18.763571
               233.17999                      -18.665225
                  233.44                      -18.569348
                   233.7                      -18.475877
               233.96001                      -18.384749
                  234.22                      -18.295907
                  234.48                      -18.209294
               234.74001                      -18.124858
                     235                      -18.042543
               235.25999                      -17.962301
                  235.52                       -17.88408
                  235.78                      -17.807839
               236.03999                      -17.733527
                   236.3                      -17.661101
                  236.56                      -17.590524
               236.81999                      -17.521752
                  237.08                      -17.454749
                  237.34                      -17.389478
               237.60001                      -17.325904
                  237.86                      -17.263992
                  238.12                      -17.203708
                  238.38                      -17.145023
                  238.64                      -17.087908
               238.89999                      -17.032329
                  239.16                      -16.978264
                  239.42                      -16.925683
               239.67999                      -16.874562
                  239.94                      -16.824875
                   240.2                        -16.7766
               240.46001                      -16.729711
                  240.72                      -16.684187
                  240.98                      -16.640007
               241.24001                       -16.59715
                   241.5                      -16.555597
               241.75999                      -16.515329
                  242.02                      -16.476326
                  242.28                       -16.43857
               242.53999                      -16.402044
                   242.8                      -16.366729
                  243.06                      -16.332611
               243.31999                      -16.299672
                  243.58                      -16.267898
                  243.84                      -16.237273
               244.10001                      -16.207781
                  244.36                       -16.17941
                  244.62                      -16.152144
                  244.88                      -16.125968
                  245.14                       -16.10087
               245.39999                      -16.076834
                  245.66                      -16.053851
                  245.92                      -16.031905
               246.17999                      -16.010985
                  246.44                      -15.991079
                   246.7                      -15.972173
               246.96001                      -15.954256
                  247.22                      -15.937314
                  247.48                      -15.921337
               247.74001                      -15.906314
                     248                      -15.892232
               248.25999                       -15.87908
                  248.52                      -15.866849
                  248.78                      -15.855526
               249.03999                        -15.8451
                   249.3                       -15.83556
                  249.56                      -15.826895
               249.81999                      -15.819095
                  250.08                       -15.81215
                  250.34                      -15.806049
               250.60001                      -15.800781
                  250.86                      -15.796338
                  251.12                      -15.792708
                  251.38                      -15.789881
                  251.64                      -15.787847
               251.89999                      -15.786596
                  252.16                      -15.786118
                  252.42                      -15.786405
               252.67999                      -15.787447
                  252.94                      -15.789235
                   253.2                      -15.791759
               253.46001                      -15.795009
                  253.72                      -15.798977
                  253.98                      -15.803652
               254.24001                      -15.809026
                   254.5                      -15.815092
               254.75999                      -15.821841
                  255.02                      -15.829264
                  255.28                      -15.837353
               255.53999                        -15.8461
                   255.8                      -15.855496
                  256.06                      -15.865533
               256.32001                      -15.876203
               256.57999                      -15.887499
                  256.84                      -15.899415
               257.10001                      -15.911943
               257.35999                      -15.925077
                  257.62                       -15.93881
                  257.88                      -15.953134
               258.13998                      -15.968043
               258.39999                      -15.983531
                  258.66                      -15.999593
               258.92001                      -16.016223
               259.17999                      -16.033417
                  259.44                       -16.05117
               259.70001                      -16.069477
               259.95999                      -16.088335
                  260.22                      -16.107737
               260.48001                      -16.127682
               260.73999                      -16.148165
                     261                      -16.169185
               261.26001                      -16.190741
               261.51999                       -16.21283
                  261.78                      -16.235453
               262.04001                      -16.258604
               262.29999                      -16.282289
                  262.56                      -16.306505
               262.82001                      -16.331252
               263.07999                      -16.356533
                  263.34                      -16.382349
               263.60001                      -16.408707
               263.85999                       -16.43561
                  264.12                       -16.46306
                  264.38                      -16.491062
               264.63998                      -16.519624
               264.89999                      -16.548749
                  265.16                      -16.578448
               265.42001                      -16.608728
               265.67999                        -16.6396
                  265.94                      -16.671074
               266.20001                      -16.703162
               266.45999                      -16.735875
                  266.72                      -16.769226
               266.98001                      -16.803228
               267.23999                      -16.837897
                   267.5                      -16.873249
               267.76001                      -16.909301
               268.01999                      -16.946074
                  268.28                      -16.983586
               268.54001                      -17.021856
               268.79999                      -17.060905
                  269.06                      -17.100755
               269.32001                      -17.141427
               269.57999                      -17.182945
                  269.84                      -17.225333
               270.10001                       -17.26862
               270.35999                      -17.312825
                  270.62                      -17.357979
                  270.88                      -17.404103
               271.13998                      -17.451224
               271.39999                      -17.499365
                  271.66                      -17.548551
               271.92001                      -17.598806
               272.17999                      -17.650154
                  272.44                      -17.702617
               272.70001                      -17.756214
               272.95999                      -17.810961
                  273.22                      -17.866874
               273.48001                      -17.923962
               273.73999                      -17.982234
                     274                      -18.041693
               274.26001                      -18.102342
               274.51999                      -18.164173
                  274.78                      -18.227177
               275.04001                      -18.291335
               275.29999                      -18.356623
                  275.56                      -18.423009
               275.82001                      -18.490449
               276.07999                      -18.558898
                  276.34                      -18.628298
               276.60001                      -18.698584
               276.85999                      -18.769681
                  277.12                      -18.841503
                  277.38                      -18.913953
               277.63998                      -18.986924
               277.89999                        -19.0603
                  278.16                      -19.133953
               278.42001                      -19.207752
               278.67999                      -19.281554
                  278.94                       -19.35521
               279.20001                      -19.428561
               279.45999                      -19.501446
                  279.72                      -19.573693
               279.98001                      -19.645132
               280.23999                      -19.715587
                   280.5                      -19.784889
               280.76001                      -19.852866
               281.01999                       -19.91935
                  281.28                      -19.984179
               281.54001                      -20.047196
               281.79999                      -20.108248
                  282.06                      -20.167195
               282.32001                      -20.223904
               282.57999                      -20.278255
                  282.84                      -20.330141
               283.10001                      -20.379471
               283.35999                      -20.426163
                  283.62                      -20.470148
                  283.88                      -20.511371
               284.13998                      -20.549787
               284.39999                      -20.585363
                  284.66                      -20.618081
               284.92001                      -20.647934
               285.17999                      -20.674926
                  285.44                       -20.69907
               285.70001                      -20.720388
               285.95999                      -20.738904
                  286.22                       -20.75465
               286.48001                      -20.767661
               286.73999                      -20.777978
                     287                      -20.785643
               287.26001                      -20.790707
               287.51999                      -20.793219
                  287.78                      -20.793226
               288.04001                      -20.790776
               288.29999                      -20.785914
                  288.56                      -20.778682
               288.82001                      -20.769124
               289.07999                       -20.75728
                  289.34                      -20.743193
               289.60001                      -20.726903
               289.85999                      -20.708447
                  290.12                      -20.687859
                  290.38                      -20.665169
               290.63998                      -20.640404
               290.89999                      -20.613592
                  291.16                      -20.584759
               291.42001                      -20.553933
               291.67999                      -20.521141
                  291.94                      -20.486408
               292.20001                      -20.449761
               292.45999                      -20.411224
                  292.72                      -20.370818
               292.98001                      -20.328568
               293.23999                      -20.284498
                   293.5                      -20.238638
               293.76001                      -20.191018
               294.01999                       -20.14167
                  294.28                       -20.09063
               294.54001                      -20.037929
               294.79999                      -19.983603
                  295.06                      -19.927687
               295.32001                       -19.87022
               295.57999                      -19.811245
                  295.84                      -19.750807
               296.10001                      -19.688956
               296.35999                      -19.625742
                  296.62                      -19.561213
                  296.88                      -19.495423
               297.13998                      -19.428421
               297.39999                       -19.36026
                  297.66                      -19.290995
               297.92001                      -19.220687
               298.17999                      -19.149395
                  298.44                      -19.077179
               298.70001                        -19.0041
               298.95999                      -18.930217
                  299.22                      -18.855587
               299.48001                      -18.780265
               299.73999                      -18.704312
                     300                      -18.627786

