        Frequency / MHz                S1,1 (53)/abs,dB
----------------------------------------------------------------------
                      40                      -3.8782103
               40.259998                      -3.9262395
                   40.52                      -3.9739568
               40.779999                      -4.0213546
               41.040001                      -4.0684234
               41.299999                      -4.1151515
               41.560001                      -4.1615303
                   41.82                      -4.2075505
               42.079998                      -4.2532007
                   42.34                      -4.2984706
               42.599998                       -4.343349
               42.860001                      -4.3878259
               43.119999                      -4.4318879
               43.380001                      -4.4755222
               43.639999                      -4.5187196
               43.900002                      -4.5614643
                   44.16                      -4.6037464
               44.419998                       -4.645554
                   44.68                      -4.6868751
               44.939999                      -4.7276974
               45.200001                      -4.7680124
               45.459999                        -4.80781
               45.720001                      -4.8470827
                   45.98                      -4.8858229
               46.240002                      -4.9240239
                    46.5                      -4.9616832
               46.759998                      -4.9987962
                   47.02                      -5.0353624
               47.279999                      -5.0713803
               47.540001                      -5.1068533
               47.799999                      -5.1417808
               48.060001                      -5.1761678
                   48.32                       -5.210019
               48.579998                      -5.2433399
                   48.84                      -5.2761346
               49.099998                       -5.308409
               49.360001                      -5.3401706
               49.619999                      -5.3714241
               49.880001                      -5.4021766
               50.139999                      -5.4324318
               50.400002                      -5.4621946
                   50.66                        -5.49147
               50.919998                      -5.5202605
                   51.18                      -5.5485694
               51.439999                      -5.5763957
               51.700001                      -5.6037419
               51.959999                      -5.6306075
               52.220001                       -5.656993
                   52.48                      -5.6828958
               52.740002                      -5.7083159
                      53                      -5.7332518
               53.259998                      -5.7577014
                   53.52                      -5.7816655
               53.779999                      -5.8051443
               54.040001                      -5.8281364
               54.299999                      -5.8506465
               54.560001                      -5.8726766
                   54.82                       -5.894232
               55.079998                      -5.9153169
                   55.34                      -5.9359414
               55.599998                      -5.9561129
               55.860001                      -5.9758404
               56.119999                      -5.9951376
               56.380001                      -6.0140166
               56.639999                       -6.032492
               56.900002                       -6.050577
                   57.16                      -6.0682878
               57.419998                      -6.0856391
                   57.68                      -6.1026477
               57.939999                       -6.119327
               58.200001                      -6.1356943
               58.459999                      -6.1517617
               58.720001                      -6.1675436
                   58.98                      -6.1830511
               59.240002                      -6.1982964
                    59.5                      -6.2132905
               59.759998                      -6.2280401
                   60.02                      -6.2425541
               60.279999                      -6.2568394
               60.540001                      -6.2709011
               60.799999                      -6.2847459
               61.060001                      -6.2983775
                   61.32                      -6.3118019
               61.579998                      -6.3250246
                   61.84                      -6.3380503
               62.099998                      -6.3508861
               62.360001                      -6.3635412
               62.619999                      -6.3760238
               62.880001                      -6.3883451
               63.139999                      -6.4005199
               63.400002                      -6.4125621
                   63.66                      -6.4244914
               63.919998                      -6.4363268
                   64.18                      -6.4480921
               64.440002                      -6.4598109
               64.699997                      -6.4715131
               64.959999                      -6.4832263
               65.220001                      -6.4949829
               65.480003                      -6.5068165
               65.739998                      -6.5187621
                      66                      -6.5308548
               66.260002                      -6.5431332
               66.519997                      -6.5556346
               66.779999                      -6.5683976
               67.040001                      -6.5814622
               67.300003                      -6.5948659
               67.559998                      -6.6086505
                   67.82                      -6.6228556
               68.080002                      -6.6375209
               68.339996                      -6.6526877
               68.599998                      -6.6683985
               68.860001                      -6.6846953
               69.120003                      -6.7016229
               69.379997                      -6.7192278
               69.639999                      -6.7375578
               69.900002                      -6.7566651
               70.159996                      -6.7766034
               70.419998                      -6.7974306
                   70.68                      -6.8192108
               70.940002                      -6.8420097
               71.199997                      -6.8659007
               71.459999                      -6.8909609
               71.720001                      -6.9172732
               71.980003                      -6.9449267
               72.239998                      -6.9740163
                    72.5                      -7.0046417
               72.760002                      -7.0369109
               73.019997                      -7.0709333
               73.279999                      -7.1068255
               73.540001                      -7.1447079
               73.800003                      -7.1847043
               74.059998                      -7.2269445
                   74.32                      -7.2715548
               74.580002                      -7.3186675
               74.839996                      -7.3684136
               75.099998                      -7.4209255
               75.360001                      -7.4763303
               75.620003                      -7.5347555
               75.879997                      -7.5963249
               76.139999                      -7.6611566
               76.400002                      -7.7293638
               76.659996                      -7.8010528
               76.919998                      -7.8763229
                   77.18                      -7.9552631
               77.440002                      -8.0379568
               77.699997                      -8.1244731
               77.959999                      -8.2148715
               78.220001                      -8.3092022
               78.480003                      -8.4075017
               78.739998                      -8.5097901
                      79                      -8.6160819
               79.260002                      -8.7263705
               79.519997                      -8.8406403
               79.779999                      -8.9588574
               80.040001                       -9.080977
               80.300003                      -9.2069371
               80.559998                      -9.3366612
                   80.82                      -9.4700588
               81.080002                      -9.6070255
               81.339996                      -9.7474394
               81.599998                      -9.8911678
               81.860001                      -10.038063
               82.120003                      -10.187961
               82.379997                      -10.340691
               82.639999                      -10.496063
               82.900002                      -10.653883
               83.159996                      -10.813938
               83.419998                      -10.976014
                   83.68                      -11.139883
               83.940002                      -11.305313
               84.199997                      -11.472061
               84.459999                      -11.639886
               84.720001                      -11.808539
               84.980003                      -11.977773
               85.239998                      -12.147338
                    85.5                      -12.316989
               85.760002                      -12.486483
               86.019997                      -12.655582
               86.279999                      -12.824054
               86.540001                      -12.991679
               86.800003                      -13.158246
               87.059998                      -13.323553
                   87.32                      -13.487415
               87.580002                      -13.649658
               87.839996                      -13.810128
               88.099998                      -13.968684
               88.360001                      -14.125203
               88.620003                      -14.279581
               88.879997                      -14.431728
               89.139999                      -14.581576
               89.400002                      -14.729074
               89.659996                      -14.874186
               89.919998                      -15.016895
                   90.18                      -15.157197
               90.440002                      -15.295105
               90.699997                      -15.430645
               90.959999                      -15.563854
               91.220001                      -15.694781
               91.480003                      -15.823484
               91.739998                      -15.950029
                      92                      -16.074488
               92.260002                       -16.19694
               92.519997                      -16.317465
               92.779999                      -16.436149
               93.040001                      -16.553075
               93.300003                      -16.668335
               93.559998                      -16.782013
                   93.82                      -16.894196
               94.080002                      -17.004969
               94.339996                      -17.114419
               94.599998                      -17.222628
               94.860001                      -17.329678
               95.120003                      -17.435651
               95.379997                      -17.540627
               95.639999                      -17.644687
               95.900002                      -17.747911
               96.159996                      -17.850378
               96.419998                      -17.952169
                   96.68                      -18.053368
               96.940002                      -18.154057
               97.199997                      -18.254321
               97.459999                      -18.354244
               97.720001                      -18.453916
               97.980003                      -18.553427
               98.239998                      -18.652864
                    98.5                      -18.752321
               98.760002                      -18.851888
               99.019997                      -18.951657
               99.279999                      -19.051719
               99.540001                      -19.152164
               99.800003                      -19.253079
                  100.06                      -19.354549
                  100.32                      -19.456656
                  100.58                      -19.559478
                  100.84                      -19.663092
                   101.1                      -19.767564
                  101.36                       -19.87296
                  101.62                      -19.979343
                  101.88                      -20.086764
                  102.14                      -20.195276
                   102.4                      -20.304926
                  102.66                      -20.415755
                  102.92                      -20.527805
                  103.18                       -20.64111
                  103.44                      -20.755705
                   103.7                      -20.871625
                  103.96                      -20.988904
                  104.22                      -21.107574
                  104.48                      -21.227674
                  104.74                      -21.349238
                     105                      -21.472311
                  105.26                      -21.596936
                  105.52                      -21.723159
                  105.78                      -21.851037
                  106.04                      -21.980625
                   106.3                      -22.111986
                  106.56                      -22.245185
                  106.82                      -22.380292
                  107.08                      -22.517382
                  107.34                      -22.656531
                   107.6                      -22.797816
                  107.86                       -22.94132
                  108.12                      -23.087122
                  108.38                      -23.235305
                  108.64                      -23.385949
                   108.9                      -23.539131
                  109.16                      -23.694931
                  109.42                      -23.853422
                  109.68                      -24.014674
                  109.94                      -24.178758
                   110.2                      -24.345739
                  110.46                      -24.515681
                  110.72                      -24.688642
                  110.98                      -24.864683
                  111.24                       -25.04386
                   111.5                      -25.226229
                  111.76                      -25.411848
                  112.02                      -25.600774
                  112.28                      -25.793067
                  112.54                      -25.988791
                   112.8                      -26.188009
                  113.06                      -26.390794
                  113.32                      -26.597218
                  113.58                      -26.807361
                  113.84                      -27.021303
                   114.1                      -27.239131
                  114.36                      -27.460929
                  114.62                      -27.686784
                  114.88                      -27.916781
                  115.14                      -28.150997
                   115.4                      -28.389498
                  115.66                      -28.632339
                  115.92                      -28.879555
                  116.18                      -29.131155
                  116.44                      -29.387113
                   116.7                      -29.647362
                  116.96                      -29.911786
                  117.22                      -30.180204
                  117.48                      -30.452362
                  117.74                      -30.727921
                     118                      -31.006433
                  118.26                      -31.287338
                  118.52                      -31.569931
                  118.78                      -31.853357
                  119.04                       -32.13658
                   119.3                      -32.418375
                  119.56                      -32.697301
                  119.82                      -32.971693
                  120.08                      -33.239653
                  120.34                      -33.499047
                   120.6                      -33.747528
                  120.86                      -33.982552
                  121.12                      -34.201434
                  121.38                      -34.401419
                  121.64                      -34.579765
                   121.9                      -34.733864
                  122.16                      -34.861352
                  122.42                      -34.960245
                  122.68                      -35.029054
                  122.94                      -35.066873
                   123.2                      -35.073443
                  123.46                      -35.049164
                  123.72                       -34.99507
                  123.98                      -34.912758
                  124.24                      -34.804281
                   124.5                      -34.672035
                  124.76                      -34.518633
                  125.02                      -34.346783
                  125.28                      -34.159187
                  125.54                      -33.958461
                   125.8                      -33.747065
                  126.06                      -33.527272
                  126.32                      -33.301136
                  126.58                      -33.070486
                  126.84                       -32.83693
                   127.1                      -32.601861
                  127.36                      -32.366474
                  127.62                      -32.131779
                  127.88                      -31.898624
                  128.14                      -31.667708
               128.39999                      -31.439602
                  128.66                      -31.214763
                  128.92                      -30.993552
               129.17999                      -30.776243
                  129.44                      -30.563039
                   129.7                      -30.354082
               129.96001                       -30.14946
                  130.22                      -29.949218
                  130.48                      -29.753368
               130.74001                       -29.56189
                     131                      -29.374743
               131.25999                      -29.191865
                  131.52                      -29.013183
                  131.78                      -28.838613
               132.03999                      -28.668064
                   132.3                      -28.501447
                  132.56                      -28.338663
               132.81999                      -28.179621
                  133.08                      -28.024226
                  133.34                      -27.872391
               133.60001                      -27.724032
                  133.86                      -27.579066
                  134.12                      -27.437417
                  134.38                      -27.299014
                  134.64                      -27.163787
               134.89999                      -27.031673
                  135.16                      -26.902608
                  135.42                      -26.776533
               135.67999                      -26.653392
                  135.94                      -26.533125
                   136.2                      -26.415678
               136.46001                      -26.300994
                  136.72                      -26.189017
                  136.98                      -26.079689
               137.24001                      -25.972953
                   137.5                      -25.868749
               137.75999                      -25.767018
                  138.02                        -25.6677
                  138.28                      -25.570735
               138.53999                       -25.47606
                   138.8                      -25.383616
                  139.06                      -25.293345
               139.31999                      -25.205186
                  139.58                      -25.119084
                  139.84                      -25.034986
               140.10001                      -24.952839
                  140.36                      -24.872595
                  140.62                      -24.794208
                  140.88                      -24.717637
                  141.14                      -24.642844
               141.39999                      -24.569793
                  141.66                      -24.498454
                  141.92                      -24.428798
               142.17999                      -24.360801
                  142.44                      -24.294438
                   142.7                      -24.229691
               142.96001                       -24.16654
                  143.22                       -24.10497
                  143.48                      -24.044961
               143.74001                      -23.986501
                     144                      -23.929571
               144.25999                      -23.874157
                  144.52                      -23.820241
                  144.78                      -23.767805
               145.03999                      -23.716833
                   145.3                      -23.667303
                  145.56                      -23.619197
               145.81999                       -23.57249
                  146.08                      -23.527162
                  146.34                      -23.483191
               146.60001                      -23.440555
                  146.86                      -23.399228
                  147.12                      -23.359192
                  147.38                      -23.320423
                  147.64                      -23.282901
               147.89999                      -23.246608
                  148.16                      -23.211526
                  148.42                       -23.17764
               148.67999                      -23.144937
                  148.94                      -23.113406
                   149.2                      -23.083037
               149.46001                      -23.053824
                  149.72                      -23.025763
                  149.98                      -22.998849
               150.24001                      -22.973081
                   150.5                      -22.948459
               150.75999                      -22.924986
                  151.02                       -22.90266
                  151.28                      -22.881485
               151.53999                      -22.861462
                   151.8                      -22.842594
                  152.06                      -22.824883
               152.31999                      -22.808328
                  152.58                       -22.79293
                  152.84                      -22.778687
               153.10001                      -22.765598
                  153.36                      -22.753663
                  153.62                      -22.742876
                  153.88                      -22.733232
                  154.14                      -22.724731
               154.39999                      -22.717365
                  154.66                      -22.711132
                  154.92                      -22.706027
               155.17999                      -22.702048
                  155.44                      -22.699192
                   155.7                      -22.697458
               155.96001                      -22.696848
                  156.22                      -22.697364
                  156.48                      -22.699011
               156.74001                      -22.701794
                     157                      -22.705722
               157.25999                      -22.710804
                  157.52                      -22.717052
                  157.78                       -22.72448
               158.03999                      -22.733103
                   158.3                      -22.742938
                  158.56                         -22.754
               158.81999                      -22.766309
                  159.08                      -22.779883
                  159.34                      -22.794738
               159.60001                      -22.810896
                  159.86                      -22.828373
                  160.12                      -22.847187
                  160.38                      -22.867355
                  160.64                      -22.888892
               160.89999                      -22.911815
                  161.16                      -22.936136
                  161.42                      -22.961869
               161.67999                      -22.989027
                  161.94                      -23.017622
                   162.2                      -23.047665
               162.46001                      -23.079167
                  162.72                      -23.112138
                  162.98                      -23.146588
               163.24001                      -23.182527
                   163.5                      -23.219967
               163.75999                      -23.258915
                  164.02                      -23.299383
                  164.28                      -23.341383
               164.53999                       -23.38492
                   164.8                      -23.430006
                  165.06                      -23.476647
               165.31999                      -23.524848
                  165.58                      -23.574614
                  165.84                      -23.625947
               166.10001                      -23.678842
                  166.36                      -23.733293
                  166.62                      -23.789286
                  166.88                      -23.846803
                  167.14                      -23.905818
               167.39999                      -23.966296
                  167.66                      -24.028193
                  167.92                      -24.091455
               168.17999                      -24.156016
                  168.44                      -24.221798
                   168.7                      -24.288711
               168.96001                      -24.356649
                  169.22                      -24.425493
                  169.48                      -24.495109
               169.74001                      -24.565345
                     170                      -24.636035
               170.25999                      -24.706997
                  170.52                       -24.77803
                  170.78                      -24.848923
               171.03999                      -24.919444
                   171.3                       -24.98935
                  171.56                      -25.058381
               171.81999                       -25.12627
                  172.08                      -25.192735
                  172.34                       -25.25749
               172.60001                      -25.320237
                  172.86                      -25.380679
                  173.12                      -25.438519
                  173.38                       -25.49346
                  173.64                      -25.545212
               173.89999                      -25.593497
                  174.16                      -25.638049
                  174.42                      -25.678619
               174.67999                       -25.71498
                  174.94                      -25.746933
                   175.2                      -25.774306
               175.46001                      -25.796957
                  175.72                      -25.814783
                  175.98                      -25.827716
               176.24001                      -25.835724
                   176.5                      -25.838819
               176.75999                      -25.837049
                  177.02                      -25.830502
                  177.28                      -25.819302
               177.53999                      -25.803611
                   177.8                      -25.783621
                  178.06                      -25.759552
               178.31999                      -25.731653
                  178.58                      -25.700192
                  178.84                      -25.665453
               179.10001                      -25.627736
                  179.36                      -25.587345
                  179.62                      -25.544593
                  179.88                      -25.499789
                  180.14                      -25.453242
               180.39999                       -25.40525
                  180.66                      -25.356106
                  180.92                      -25.306089
               181.17999                      -25.255464
                  181.44                       -25.20448
                   181.7                       -25.15337
               181.96001                       -25.10235
                  182.22                      -25.051618
                  182.48                      -25.001354
               182.74001                      -24.951722
                     183                      -24.902865
               183.25999                      -24.854915
                  183.52                      -24.807985
                  183.78                      -24.762176
               184.03999                      -24.717575
                   184.3                      -24.674255
                  184.56                      -24.632281
               184.81999                      -24.591707
                  185.08                      -24.552578
                  185.34                      -24.514934
               185.60001                      -24.478803
                  185.86                      -24.444211
                  186.12                      -24.411179
                  186.38                      -24.379721
                  186.64                      -24.349852
               186.89999                      -24.321577
                  187.16                      -24.294902
                  187.42                      -24.269831
               187.67999                      -24.246361
                  187.94                       -24.22449
                   188.2                      -24.204212
               188.46001                       -24.18552
                  188.72                      -24.168401
                  188.98                      -24.152844
               189.24001                      -24.138832
                   189.5                      -24.126346
               189.75999                      -24.115368
                  190.02                      -24.105873
                  190.28                      -24.097835
               190.53999                      -24.091231
                   190.8                      -24.086028
                  191.06                      -24.082199
               191.31999                      -24.079711
                  191.58                      -24.078533
                  191.84                      -24.078631
               192.10001                      -24.079976
                  192.36                      -24.082532
                  192.62                       -24.08627
                  192.88                      -24.091158
                  193.14                      -24.097167
               193.39999                      -24.104267
                  193.66                      -24.112432
                  193.92                      -24.121636
               194.17999                      -24.131854
                  194.44                      -24.143065
                   194.7                      -24.155245
               194.96001                      -24.168373
                  195.22                      -24.182431
                  195.48                      -24.197398
               195.74001                      -24.213255
                     196                      -24.229981
               196.25999                      -24.247558
                  196.52                      -24.265964
                  196.78                      -24.285177
               197.03999                      -24.305174
                   197.3                      -24.325932
                  197.56                      -24.347423
               197.81999                      -24.369621
                  198.08                      -24.392497
                  198.34                      -24.416019
               198.60001                      -24.440159
                  198.86                      -24.464882
                  199.12                      -24.490155
                  199.38                      -24.515945
                  199.64                      -24.542218
               199.89999                      -24.568941
                  200.16                       -24.59608
                  200.42                      -24.623601
               200.67999                      -24.651475
                  200.94                      -24.679671
                   201.2                      -24.708159
               201.46001                      -24.736912
                  201.72                      -24.765902
                  201.98                      -24.795103
               202.24001                      -24.824492
                   202.5                      -24.854044
               202.75999                      -24.883736
                  203.02                      -24.913543
                  203.28                      -24.943444
               203.53999                      -24.973411
                   203.8                      -25.003421
                  204.06                      -25.033448
               204.31999                      -25.063463
                  204.58                      -25.093435
                  204.84                      -25.123336
               205.10001                      -25.153127
                  205.36                      -25.182779
                  205.62                      -25.212251
                  205.88                      -25.241504
                  206.14                      -25.270501
               206.39999                      -25.299198
                  206.66                      -25.327557
                  206.92                      -25.355533
               207.17999                      -25.383087
                  207.44                      -25.410179
                   207.7                      -25.436768
               207.96001                      -25.462818
                  208.22                      -25.488291
                  208.48                      -25.513156
               208.74001                      -25.537377
                     209                      -25.560929
               209.25999                      -25.583781
                  209.52                      -25.605908
                  209.78                      -25.627288
               210.03999                      -25.647897
                   210.3                      -25.667713
                  210.56                      -25.686718
               210.81999                      -25.704891
                  211.08                      -25.722212
                  211.34                       -25.73866
               211.60001                      -25.754215
                  211.86                      -25.768856
                  212.12                      -25.782559
                  212.38                      -25.795302
                  212.64                      -25.807062
               212.89999                      -25.817813
                  213.16                       -25.82753
                  213.42                      -25.836189
               213.67999                      -25.843766
                  213.94                      -25.850237
                   214.2                      -25.855582
               214.46001                      -25.859779
                  214.72                      -25.862811
                  214.98                      -25.864664
               215.24001                      -25.865327
                   215.5                      -25.864792
               215.75999                      -25.863054
                  216.02                      -25.860112
                  216.28                      -25.855971
               216.53999                      -25.850634
                   216.8                      -25.844113
                  217.06                      -25.836418
               217.31999                      -25.827564
                  217.58                      -25.817568
                  217.84                      -25.806445
               218.10001                      -25.794214
                  218.36                      -25.780893
                  218.62                      -25.766501
                  218.88                      -25.751052
                  219.14                      -25.734567
               219.39999                      -25.717059
                  219.66                      -25.698543
                  219.92                      -25.679033
               220.17999                      -25.658542
                  220.44                      -25.637084
                   220.7                      -25.614668
               220.96001                      -25.591309
                  221.22                      -25.567017
                  221.48                       -25.54181
               221.74001                        -25.5157
                     222                      -25.488703
               222.25999                      -25.460841
                  222.52                      -25.432132
                  222.78                      -25.402601
               223.03999                      -25.372272
                   223.3                      -25.341174
                  223.56                      -25.309336
               223.81999                      -25.276789
                  224.08                      -25.243567
                  224.34                      -25.209701
               224.60001                      -25.175228
                  224.86                      -25.140181
                  225.12                      -25.104594
                  225.38                      -25.068499
                  225.64                      -25.031927
               225.89999                      -24.994908
                  226.16                       -24.95747
                  226.42                      -24.919638
               226.67999                      -24.881434
                  226.94                      -24.842881
                   227.2                      -24.803996
               227.46001                      -24.764797
                  227.72                      -24.725297
                  227.98                      -24.685511
               228.24001                      -24.645452
                   228.5                      -24.605134
               228.75999                      -24.564567
                  229.02                      -24.523764
                  229.28                      -24.482738
               229.53999                      -24.441506
                   229.8                      -24.400079
                  230.06                      -24.358476
               230.31999                      -24.316715
                  230.58                      -24.274815
                  230.84                      -24.232797
               231.10001                      -24.190681
                  231.36                       -24.14849
                  231.62                      -24.106246
                  231.88                      -24.063973
                  232.14                       -24.02169
               232.39999                      -23.979421
                  232.66                      -23.937184
                  232.92                         -23.895
               233.17999                      -23.852883
                  233.44                       -23.81085
                   233.7                      -23.768913
               233.96001                      -23.727082
                  234.22                      -23.685367
                  234.48                      -23.643771
               234.74001                      -23.602303
                     235                      -23.560965
               235.25999                      -23.519757
                  235.52                      -23.478682
                  235.78                       -23.43774
               236.03999                      -23.396932
                   236.3                      -23.356259
                  236.56                       -23.31572
               236.81999                      -23.275321
                  237.08                      -23.235064
                  237.34                      -23.194953
               237.60001                      -23.154996
                  237.86                      -23.115201
                  238.12                      -23.075576
                  238.38                      -23.036132
                  238.64                      -22.996879
               238.89999                      -22.957829
                  239.16                      -22.918996
                  239.42                       -22.88039
               239.67999                      -22.842025
                  239.94                       -22.80391
                   240.2                      -22.766055
               240.46001                       -22.72847
                  240.72                      -22.691161
                  240.98                      -22.654136
               241.24001                      -22.617396
                   241.5                      -22.580943
               241.75999                      -22.544779
                  242.02                      -22.508902
                  242.28                      -22.473307
               242.53999                      -22.437993
                   242.8                      -22.402955
                  243.06                      -22.368186
               243.31999                      -22.333683
                  243.58                      -22.299439
                  243.84                      -22.265451
               244.10001                      -22.231716
                  244.36                       -22.19823
                  244.62                      -22.164995
                  244.88                      -22.132009
                  245.14                      -22.099277
               245.39999                      -22.066799
                  245.66                      -22.034583
                  245.92                      -22.002632
               246.17999                      -21.970956
                  246.44                      -21.939562
                   246.7                      -21.908457
               246.96001                      -21.877652
                  247.22                      -21.847151
                  247.48                      -21.816965
               247.74001                      -21.787097
                     248                      -21.757553
               248.25999                      -21.728337
                  248.52                      -21.699451
                  248.78                      -21.670894
               249.03999                      -21.642666
                   249.3                      -21.614763
                  249.56                      -21.587182
               249.81999                      -21.559915
                  250.08                      -21.532959
                  250.34                      -21.506304
               250.60001                      -21.479945
                  250.86                      -21.453875
                  251.12                      -21.428085
                  251.38                      -21.402573
                  251.64                      -21.377329
               251.89999                      -21.352355
                  252.16                      -21.327646
                  252.42                      -21.303201
               252.67999                      -21.279024
                  252.94                      -21.255116
                   253.2                      -21.231481
               253.46001                      -21.208124
                  253.72                      -21.185052
                  253.98                      -21.162271
               254.24001                      -21.139789
                   254.5                      -21.117614
               254.75999                       -21.09575
                  255.02                      -21.074204
                  255.28                      -21.052983
               255.53999                      -21.032088
                   255.8                      -21.011521
                  256.06                      -20.991284
               256.32001                      -20.971375
               256.57999                      -20.951791
                  256.84                      -20.932528
               257.10001                      -20.913579
               257.35999                      -20.894938
                  257.62                      -20.876597
                  257.88                      -20.858547
               258.13998                       -20.84078
               258.39999                      -20.823289
                  258.66                      -20.806064
               258.92001                        -20.7891
               259.17999                      -20.772391
                  259.44                      -20.755933
               259.70001                      -20.739723
               259.95999                      -20.723762
                  260.22                       -20.70805
               260.48001                      -20.692588
               260.73999                      -20.677384
                     261                       -20.66244
               261.26001                      -20.647762
               261.51999                       -20.63336
                  261.78                      -20.619239
               262.04001                      -20.605407
               262.29999                      -20.591868
                  262.56                      -20.578632
               262.82001                        -20.5657
               263.07999                      -20.553074
                  263.34                       -20.54076
               263.60001                      -20.528755
               263.85999                      -20.517055
                  264.12                      -20.505657
                  264.38                      -20.494556
               264.63998                      -20.483743
               264.89999                      -20.473212
                  265.16                      -20.462953
               265.42001                      -20.452954
               265.67999                      -20.443208
                  265.94                      -20.433705
               266.20001                      -20.424436
               266.45999                      -20.415393
                  266.72                       -20.40657
               266.98001                      -20.397963
               267.23999                       -20.38957
                   267.5                       -20.38139
               267.76001                      -20.373425
               268.01999                      -20.365676
                  268.28                      -20.358151
               268.54001                      -20.350853
               268.79999                      -20.343791
                  269.06                      -20.336971
               269.32001                      -20.330403
               269.57999                      -20.324095
                  269.84                      -20.318051
               270.10001                      -20.312278
               270.35999                      -20.306782
                  270.62                      -20.301565
                  270.88                      -20.296627
               271.13998                      -20.291967
               271.39999                      -20.287581
                  271.66                      -20.283464
               271.92001                       -20.27961
               272.17999                      -20.276007
                  272.44                      -20.272647
               272.70001                      -20.269519
               272.95999                      -20.266609
                  273.22                      -20.263908
               273.48001                      -20.261405
               273.73999                      -20.259088
                     274                      -20.256951
               274.26001                      -20.254985
               274.51999                      -20.253186
                  274.78                      -20.251551
               275.04001                      -20.250081
               275.29999                      -20.248776
                  275.56                      -20.247642
               275.82001                      -20.246683
               276.07999                      -20.245906
                  276.34                      -20.245322
               276.60001                      -20.244937
               276.85999                      -20.244761
                  277.12                      -20.244802
                  277.38                      -20.245068
               277.63998                      -20.245564
               277.89999                      -20.246295
                  278.16                      -20.247263
               278.42001                      -20.248467
               278.67999                      -20.249903
                  278.94                      -20.251567
               279.20001                      -20.253449
               279.45999                      -20.255539
                  279.72                      -20.257828
               279.98001                      -20.260297
               280.23999                      -20.262935
                   280.5                      -20.265726
               280.76001                      -20.268655
               281.01999                      -20.271709
                  281.28                      -20.274874
               281.54001                      -20.278141
               281.79999                      -20.281499
                  282.06                      -20.284945
               282.32001                      -20.288473
               282.57999                      -20.292083
                  282.84                      -20.295778
               283.10001                      -20.299561
               283.35999                       -20.30344
                  283.62                      -20.307423
                  283.88                      -20.311517
               284.13998                      -20.315735
               284.39999                      -20.320084
                  284.66                      -20.324573
               284.92001                       -20.32921
               285.17999                      -20.334001
                  285.44                      -20.338947
               285.70001                      -20.344048
               285.95999                      -20.349301
                  286.22                      -20.354699
               286.48001                      -20.360234
               286.73999                      -20.365893
                     287                      -20.371659
               287.26001                      -20.377517
               287.51999                      -20.383448
                  287.78                      -20.389431
               288.04001                      -20.395448
               288.29999                      -20.401479
                  288.56                      -20.407507
               288.82001                      -20.413515
               289.07999                      -20.419492
                  289.34                      -20.425427
               289.60001                      -20.431314
               289.85999                      -20.437149
                  290.12                      -20.442933
                  290.38                       -20.44867
               290.63998                      -20.454368
               290.89999                      -20.460035
                  291.16                      -20.465682
               291.42001                      -20.471323
               291.67999                      -20.476969
                  291.94                      -20.482633
               292.20001                      -20.488326
               292.45999                      -20.494056
                  292.72                       -20.49983
               292.98001                       -20.50565
               293.23999                      -20.511516
                   293.5                      -20.517421
               293.76001                      -20.523357
               294.01999                      -20.529312
                  294.28                       -20.53527
               294.54001                      -20.541211
               294.79999                      -20.547115
                  295.06                       -20.55296
               295.32001                      -20.558721
               295.57999                      -20.564379
                  295.84                       -20.56991
               296.10001                      -20.575298
               296.35999                      -20.580526
                  296.62                      -20.585583
                  296.88                      -20.590462
               297.13998                      -20.595162
               297.39999                      -20.599682
                  297.66                      -20.604031
               297.92001                       -20.60822
               298.17999                      -20.612262
                  298.44                      -20.616175
               298.70001                      -20.619978
               298.95999                      -20.623691
                  299.22                      -20.627334
               299.48001                      -20.630925
               299.73999                      -20.634481
                     300                      -20.638013

