        Frequency / MHz                S1,1 (24)/arg,degrees
----------------------------------------------------------------------
                      40                       21.322551
               40.259998                       19.131174
                   40.52                       16.942329
               40.779999                       14.755869
               41.040001                       12.571613
               41.299999                       10.389423
               41.560001                       8.2092605
                   41.82                       6.0311912
               42.079998                       3.8553438
                   42.34                       1.6818452
               42.599998                     -0.48924354
               42.860001                      -2.6579483
               43.119999                      -4.8243673
               43.380001                      -6.9886173
               43.639999                      -9.1507894
               43.900002                      -11.310919
                   44.16                      -13.468996
               44.419998                      -15.625002
                   44.68                      -17.778935
               44.939999                      -19.930851
               45.200001                      -22.080845
               45.459999                      -24.229019
               45.720001                      -26.375463
                   45.98                       -28.52023
               46.240002                      -30.663361
                    46.5                      -32.804879
               46.759998                      -34.944849
                   47.02                      -37.083361
               47.279999                      -39.220529
               47.540001                      -41.356486
               47.799999                      -43.491319
               48.060001                      -45.625126
                   48.32                      -47.757974
               48.579998                      -49.889946
                   48.84                      -52.021145
               49.099998                      -54.151696
               49.360001                      -56.281762
               49.619999                      -58.411462
               49.880001                      -60.540947
               50.139999                      -62.670339
               50.400002                      -64.799766
                   50.66                      -66.929311
               50.919998                      -69.059132
                   51.18                      -71.189443
               51.439999                      -73.320367
               51.700001                      -75.452109
               51.959999                      -77.584829
               52.220001                      -79.718648
                   52.48                      -81.853779
               52.740002                      -83.990351
                      53                      -86.128562
               53.259998                      -88.268638
                   53.52                      -90.410791
               53.779999                      -92.555231
               54.040001                      -94.702144
               54.299999                      -96.851707
               54.560001                      -99.004146
                   54.82                      -101.15969
               55.079998                      -103.31854
                   55.34                      -105.48101
               55.599998                       -107.6473
               55.860001                      -109.81768
               56.119999                      -111.99236
               56.380001                      -114.17165
               56.639999                      -116.35574
               56.900002                      -118.54494
                   57.16                      -120.73952
               57.419998                      -122.93981
                   57.68                      -125.14611
               57.939999                       -127.3587
               58.200001                      -129.57788
               58.459999                      -131.80392
               58.720001                       -134.0372
                   58.98                      -136.27805
               59.240002                       -138.5268
                    59.5                      -140.78382
               59.759998                       -143.0495
                   60.02                      -145.32416
               60.279999                      -147.60821
               60.540001                        -149.902
               60.799999                      -152.20593
               61.060001                      -154.52043
                   61.32                      -156.84594
               61.579998                      -159.18289
                   61.84                      -161.53173
               62.099998                      -163.89292
               62.360001                      -166.26687
               62.619999                      -168.65408
               62.880001                      -171.05504
               63.139999                      -173.47026
               63.400002                      -175.90028
                   63.66                      -178.34562
               63.919998                       179.19316
                   64.18                       176.71555
               64.440002                         174.221
               64.699997                       171.70891
               64.959999                       169.17871
               65.220001                       166.62978
               65.480003                       164.06146
               65.739998                       161.47316
                      66                       158.86425
               66.260002                       156.23406
               66.519997                         153.582
               66.779999                       150.90736
               67.040001                       148.20949
               67.300003                       145.48764
               67.559998                       142.74115
                   67.82                       139.96929
               68.080002                        137.1714
               68.339996                       134.34679
               68.599998                       131.49474
               68.860001                       128.61453
               69.120003                       125.70547
               69.379997                       122.76682
               69.639999                       119.79787
               69.900002                       116.79795
               70.159996                       113.76638
               70.419998                       110.70252
                   70.68                       107.60574
               70.940002                       104.47538
               71.199997                       101.31082
               71.459999                        98.11145
               71.720001                       94.876781
               71.980003                       91.606241
               72.239998                       88.299446
                    72.5                       84.955932
               72.760002                       81.575398
               73.019997                       78.157571
               73.279999                       74.702125
               73.540001                       71.208948
               73.800003                       67.678011
               74.059998                       64.109374
                   74.32                       60.503201
               74.580002                       56.859839
               74.839996                       53.179679
               75.099998                       49.463347
               75.360001                       45.711522
               75.620003                        41.92514
               75.879997                       38.105316
               76.139999                       34.253389
               76.400002                       30.370892
               76.659996                       26.459623
               76.919998                       22.521556
                   77.18                       18.558925
               77.440002                       14.574193
               77.699997                       10.570036
               77.959999                       6.5495132
               78.220001                       2.5157671
               78.480003                      -1.5277048
               78.739998                       -5.577406
                      79                      -9.6294567
               79.260002                      -13.680088
               79.519997                      -17.725308
               79.779999                      -21.761102
               80.040001                      -25.783428
               80.300003                      -29.788215
               80.559998                      -33.771497
                   80.82                      -37.729373
               81.080002                      -41.658235
               81.339996                      -45.554559
               81.599998                      -49.415171
               81.860001                      -53.236965
               82.120003                      -57.017253
               82.379997                      -60.753477
               82.639999                      -64.443446
               82.900002                      -68.085248
               83.159996                      -71.677299
               83.419998                      -75.218452
                   83.68                      -78.707722
               83.940002                      -82.144482
               84.199997                      -85.528185
               84.459999                       -88.85864
               84.720001                      -92.135738
               84.980003                      -95.359723
               85.239998                       -98.53109
                    85.5                      -101.65052
               85.760002                      -104.71897
               86.019997                      -107.73742
               86.279999                       -110.7068
               86.540001                      -113.62805
               86.800003                      -116.50208
               87.059998                      -119.33011
                   87.32                      -122.11333
               87.580002                      -124.85344
               87.839996                       -127.5524
               88.099998                      -130.21218
               88.360001                      -132.83487
               88.620003                       -135.4222
               88.879997                      -137.97587
               89.139999                       -140.4973
               89.400002                      -142.98813
               89.659996                      -145.45012
               89.919998                      -147.88538
                   90.18                      -150.29644
               90.440002                      -152.68586
               90.699997                      -155.05648
               90.959999                      -157.41093
               91.220001                      -159.75232
               91.480003                      -162.08376
               91.739998                       -164.4087
                      92                      -166.73146
               92.260002                        -169.057
               92.519997                      -171.39112
               92.779999                      -173.74038
               93.040001                      -176.11242
               93.300003                      -178.51659
               93.559998                       179.03601
                   93.82                       176.53135
               94.080002                       173.95151
               94.339996                       171.27359
               94.599998                       168.46742
               94.860001                       165.49306
               95.120003                       162.29626
               95.379997                       158.80128
               95.639999                       154.89944
               95.900002                       150.42992
               96.159996                       145.14838
               96.419998                       138.67364
                   96.68                       130.40622
               96.940002                       119.43868
               97.199997                       104.64077
               97.459999                       85.527937
               97.720001                       64.135729
               97.980003                       44.631769
               98.239998                        29.40411
                    98.5                       18.154622
               98.760002                       9.7588993
               99.019997                       3.2731703
               99.279999                       -1.932745
               99.540001                      -6.2595333
               99.800003                      -9.9634627
                  100.06                      -13.212448
                  100.32                      -16.119869
                  100.58                      -18.764407
                  100.84                      -21.202182
                   101.1                      -23.474232
                  101.36                      -25.610989
                  101.62                      -27.635567
                  101.88                      -29.565669
                  102.14                      -31.415229
                   102.4                      -33.195451
                  102.66                      -34.915184
                  102.92                      -36.581856
                  103.18                      -38.201595
                  103.44                      -39.779368
                   103.7                       -41.31933
                  103.96                      -42.824978
                  104.22                      -44.299261
                  104.48                      -45.744803
                  104.74                      -47.163897
                     105                      -48.558457
                  105.26                      -49.930286
                  105.52                      -51.280805
                  105.78                      -52.611383
                  106.04                      -53.922995
                   106.3                      -55.216798
                  106.56                      -56.493661
                  106.82                      -57.754407
                  107.08                      -58.999961
                  107.34                      -60.230814
                   107.6                      -61.447735
                  107.86                      -62.651161
                  108.12                      -63.841633
                  108.38                      -65.019541
                  108.64                      -66.185318
                   108.9                      -67.339456
                  109.16                      -68.482231
                  109.42                      -69.614074
                  109.68                      -70.735207
                  109.94                      -71.845907
                   110.2                      -72.946331
                  110.46                      -74.036866
                  110.72                      -75.117675
                  110.98                      -76.188977
                  111.24                      -77.250989
                   111.5                      -78.303823
                  111.76                      -79.347694
                  112.02                      -80.382713
                  112.28                       -81.40899
                  112.54                      -82.426687
                   112.8                      -83.435916
                  113.06                       -84.43684
                  113.32                      -85.429512
                  113.58                      -86.413989
                  113.84                      -87.390378
                   114.1                       -88.35879
                  114.36                      -89.319223
                  114.62                      -90.271789
                  114.88                      -91.216486
                  115.14                      -92.153479
                   115.4                      -93.082712
                  115.66                       -94.00435
                  115.92                      -94.918175
                  116.18                      -95.824295
                  116.44                       -96.72282
                   116.7                      -97.613696
                  116.96                      -98.497031
                  117.22                      -99.372715
                  117.48                      -100.24081
                  117.74                      -101.10114
                     118                      -101.95382
                  118.26                      -102.79879
                  118.52                      -103.63606
                  118.78                      -104.46552
                  119.04                      -105.28717
                   119.3                        -106.101
                  119.56                      -106.90691
                  119.82                      -107.70478
                  120.08                      -108.49457
                  120.34                      -109.27616
                   120.6                      -110.04961
                  120.86                      -110.81465
                  121.12                      -111.57132
                  121.38                      -112.31942
                  121.64                      -113.05889
                   121.9                      -113.78939
                  122.16                      -114.51104
                  122.42                      -115.22356
                  122.68                       -115.9268
                  122.94                      -116.62069
                   123.2                      -117.30486
                  123.46                       -117.9793
                  123.72                      -118.64363
                  123.98                      -119.29769
                  124.24                      -119.94109
                   124.5                       -120.5739
                  124.76                      -121.19561
                  125.02                      -121.80595
                  125.28                      -122.40461
                  125.54                       -122.9914
                   125.8                      -123.56563
                  126.06                      -124.12723
                  126.32                      -124.67561
                  126.58                       -125.2105
                  126.84                       -125.7314
                   127.1                      -126.23771
                  127.36                      -126.72894
                  127.62                      -127.20464
                  127.88                      -127.66402
                  128.14                      -128.10661
               128.39999                      -128.53167
                  128.66                      -128.93864
                  128.92                      -129.32648
               129.17999                       -129.6945
                  129.44                       -130.0418
                   129.7                      -130.36735
               129.96001                      -130.67033
                  130.22                       -130.9495
                  130.48                      -131.20391
               130.74001                       -131.4322
                     131                      -131.63301
               131.25999                      -131.80497
                  131.52                      -131.94671
                  131.78                      -132.05631
               132.03999                      -132.13249
                   132.3                      -132.17314
                  132.56                      -132.17647
               132.81999                       -132.1403
                  133.08                      -132.06244
                  133.34                      -131.94059
               133.60001                      -131.77229
                  133.86                      -131.55488
                  134.12                      -131.28565
                  134.38                      -130.96174
                  134.64                      -130.58007
               134.89999                      -130.13758
                  135.16                        -129.631
                  135.42                      -129.05688
               135.67999                      -128.41211
                  135.94                      -127.69325
                   136.2                      -126.89712
               136.46001                      -126.02045
                  136.72                      -125.06034
                  136.98                      -124.01423
               137.24001                      -122.87982
                   137.5                      -121.65563
               137.75999                       -120.3409
                  138.02                      -118.93563
                  138.28                      -117.44086
               138.53999                      -115.85888
                   138.8                       -114.1933
                  139.06                      -112.44909
               139.31999                      -110.63291
                  139.58                      -108.75313
                  139.84                      -106.81959
               140.10001                      -104.84359
                  140.36                      -102.83732
                  140.62                      -100.81389
                  140.88                      -98.786794
                  141.14                      -96.769375
               141.39999                       -94.77496
                  141.66                      -92.816225
                  141.92                      -90.905029
               142.17999                      -89.052026
                  142.44                      -87.266287
                   142.7                       -85.55568
               142.96001                      -83.926161
                  143.22                      -82.382155
                  143.48                      -80.926889
               143.74001                      -79.562106
                     144                      -78.288632
               144.25999                      -77.106135
                  144.52                      -76.013523
                  144.78                      -75.009156
               145.03999                       -74.09058
                   145.3                      -73.255164
                  145.56                      -72.500073
               145.81999                      -71.822082
                  146.08                      -71.218021
                  146.34                      -70.684774
               146.60001                      -70.219064
                  146.86                      -69.817668
                  147.12                      -69.477688
                  147.38                      -69.196011
                  147.64                      -68.969794
               147.89999                      -68.796473
                  148.16                      -68.673418
                  148.42                      -68.598234
               148.67999                      -68.568672
                  148.94                      -68.582659
                   149.2                      -68.638012
               149.46001                      -68.732977
                  149.72                      -68.865703
                  149.98                      -69.034654
               150.24001                      -69.238304
                   150.5                      -69.475011
               150.75999                      -69.743573
                  151.02                      -70.042627
                  151.28                      -70.370802
               151.53999                      -70.727066
                   151.8                      -71.110212
                  152.06                      -71.519149
               152.31999                      -71.952838
                  152.58                      -72.410024
                  152.84                      -72.889832
               153.10001                      -73.391002
                  153.36                      -73.912503
                  153.62                      -74.453071
                  153.88                       -75.01167
                  154.14                      -75.586936
               154.39999                      -76.177558
                  154.66                      -76.782166
                  154.92                      -77.399232
               155.17999                      -78.027173
                  155.44                      -78.664238
                   155.7                       -79.30868
               155.96001                      -79.958531
                  156.22                      -80.611879
                  156.48                      -81.266485
               156.74001                      -81.920107
                     157                      -82.570396
               157.25999                      -83.214892
                  157.52                      -83.851138
                  157.78                      -84.476674
               158.03999                      -85.088878
                   158.3                       -85.68518
                  158.56                      -86.263124
               158.81999                      -86.820303
                  159.08                      -87.354479
                  159.34                      -87.863464
               159.60001                      -88.345293
                  159.86                      -88.798271
                  160.12                      -89.221087
                  160.38                       -89.61243
                  160.64                      -89.971643
               160.89999                      -90.298017
                  161.16                      -90.591606
                  161.42                      -90.852519
               161.67999                      -91.081412
                  161.94                      -91.279105
                   162.2                      -91.446855
               162.46001                      -91.586136
                  162.72                      -91.698588
                  162.98                      -91.786342
               163.24001                      -91.851311
                   163.5                      -91.895899
               163.75999                      -91.922345
                  164.02                       -91.93311
                  164.28                      -91.930487
               164.53999                      -91.916826
                   164.8                      -91.894423
                  165.06                      -91.865463
               165.31999                      -91.832077
                  165.58                      -91.796178
                  165.84                      -91.759513
               166.10001                      -91.723832
                  166.36                      -91.690556
                  166.62                      -91.660995
                  166.88                      -91.636352
                  167.14                      -91.617609
               167.39999                      -91.605698
                  167.66                      -91.601326
                  167.92                      -91.605042
               168.17999                      -91.617391
                  168.44                      -91.638592
                   168.7                      -91.669082
               168.96001                      -91.708915
                  169.22                      -91.758257
                  169.48                      -91.816996
               169.74001                      -91.885244
                     170                      -91.962889
               170.25999                      -92.049769
                  170.52                      -92.145556
                  170.78                      -92.250303
               171.03999                      -92.363575
                   171.3                      -92.485208
                  171.56                      -92.614926
               171.81999                      -92.752459
                  172.08                      -92.897477
                  172.34                        -93.0496
               172.60001                      -93.208716
                  172.86                      -93.374389
                  173.12                        -93.5464
                  173.38                      -93.724367
                  173.64                      -93.908072
               173.89999                      -94.097187
                  174.16                      -94.291383
                  174.42                      -94.490442
               174.67999                      -94.694036
                  174.94                      -94.902056
                   175.2                      -95.114065
               175.46001                      -95.329899
                  175.72                       -95.54923
                  175.98                      -95.772059
               176.24001                      -95.997837
                   176.5                      -96.226621
               176.75999                      -96.458028
                  177.02                      -96.691948
                  177.28                      -96.928163
               177.53999                      -97.166455
                   177.8                      -97.406659
                  178.06                      -97.648611
               178.31999                       -97.89215
                  178.58                      -98.137161
                  178.84                      -98.383322
               179.10001                      -98.630628
                  179.36                      -98.878921
                  179.62                      -99.127922
                  179.88                      -99.377688
                  180.14                      -99.628001
               180.39999                      -99.878641
                  180.66                      -100.12972
                  180.92                      -100.38085
               181.17999                      -100.63209
                  181.44                      -100.88317
                   181.7                      -101.13414
               181.96001                      -101.38489
                  182.22                       -101.6352
                  182.48                      -101.88502
               182.74001                       -102.1343
                     183                      -102.38281
               183.25999                      -102.63061
                  183.52                      -102.87742
                  183.78                      -103.12342
               184.03999                      -103.36821
                   184.3                      -103.61191
                  184.56                      -103.85441
               184.81999                       -104.0956
                  185.08                      -104.33531
                  185.34                       -104.5736
               185.60001                       -104.8102
                  185.86                      -105.04516
                  186.12                      -105.27843
                  186.38                      -105.50989
                  186.64                      -105.73938
               186.89999                      -105.96691
                  187.16                      -106.19236
                  187.42                      -106.41562
               187.67999                       -106.6367
                  187.94                      -106.85549
                   188.2                      -107.07192
               188.46001                      -107.28579
                  188.72                      -107.49709
                  188.98                      -107.70582
               189.24001                      -107.91187
                   189.5                      -108.11498
               189.75999                      -108.31529
                  190.02                      -108.51271
                  190.28                      -108.70702
               190.53999                      -108.89832
                   190.8                      -109.08628
                  191.06                      -109.27114
               191.31999                      -109.45238
                  191.58                      -109.63035
                  191.84                      -109.80471
               192.10001                      -109.97557
                  192.36                      -110.14256
                  192.62                      -110.30588
                  192.88                      -110.46532
                  193.14                      -110.62084
               193.39999                      -110.77219
                  193.66                      -110.91945
                  193.92                       -111.0625
               194.17999                      -111.20129
                  194.44                      -111.33571
                   194.7                      -111.46559
               194.96001                      -111.59094
                  195.22                      -111.71153
                  195.48                      -111.82754
               195.74001                      -111.93862
                     196                      -112.04468
               196.25999                      -112.14588
                  196.52                      -112.24183
                  196.78                      -112.33265
               197.03999                      -112.41821
                   197.3                      -112.49832
                  197.56                      -112.57301
               197.81999                      -112.64208
                  198.08                      -112.70557
                  198.34                      -112.76316
               198.60001                      -112.81507
                  198.86                      -112.86108
                  199.12                      -112.90102
                  199.38                      -112.93479
                  199.64                      -112.96255
               199.89999                      -112.98386
                  200.16                        -112.999
                  200.42                      -113.00758
               200.67999                      -113.00976
                  200.94                      -113.00523
                   201.2                      -112.99413
               201.46001                      -112.97621
                  201.72                      -112.95152
                  201.98                      -112.91993
               202.24001                      -112.88135
                   202.5                      -112.83584
               202.75999                      -112.78322
                  203.02                      -112.72338
                  203.28                      -112.65639
               203.53999                      -112.58214
                   203.8                      -112.50061
                  204.06                      -112.41187
               204.31999                      -112.31554
                  204.58                      -112.21194
                  204.84                      -112.10085
               205.10001                      -111.98228
                  205.36                      -111.85633
                  205.62                       -111.7229
                  205.88                      -111.58192
                  206.14                      -111.43335
               206.39999                      -111.27746
                  206.66                      -111.11403
                  206.92                      -110.94311
               207.17999                      -110.76487
                  207.44                       -110.5792
                   207.7                       -110.3862
               207.96001                        -110.186
                  208.22                      -109.97852
                  208.48                      -109.76389
               208.74001                      -109.54221
                     209                      -109.31359
               209.25999                      -109.07814
                  209.52                      -108.83586
                  209.78                      -108.58697
               210.03999                      -108.33163
                   210.3                      -108.06979
                  210.56                      -107.80177
               210.81999                      -107.52769
                  211.08                      -107.24771
                  211.34                      -106.96199
               211.60001                      -106.67069
                  211.86                      -106.37409
                  212.12                      -106.07231
                  212.38                      -105.76561
                  212.64                      -105.45415
               212.89999                      -105.13827
                  213.16                      -104.81812
                  213.42                      -104.49394
               213.67999                      -104.16603
                  213.94                      -103.83458
                   214.2                       -103.4999
               214.46001                      -103.16221
                  214.72                      -102.82191
                  214.98                      -102.47914
               215.24001                      -102.13424
                   215.5                      -101.78743
               215.75999                      -101.43904
                  216.02                      -101.08944
                  216.28                      -100.73875
               216.53999                      -100.38746
                   216.8                      -100.03568
                  217.06                      -99.683844
               217.31999                      -99.332171
                  217.58                      -98.980881
                  217.84                      -98.630302
               218.10001                      -98.280815
                  218.36                       -97.93253
                  218.62                      -97.585884
                  218.88                      -97.241041
                  219.14                      -96.898329
               219.39999                      -96.557858
                  219.66                      -96.219955
                  219.92                      -95.884947
               220.17999                         -95.553
                  220.44                      -95.224387
                   220.7                       -94.89916
               220.96001                      -94.577758
                  221.22                      -94.260182
                  221.48                      -93.946758
               221.74001                      -93.637651
                     222                       -93.33297
               222.25999                      -93.032934
                  222.52                      -92.737706
                  222.78                       -92.44745
               223.03999                      -92.162221
                   223.3                      -91.882238
                  223.56                      -91.607555
               223.81999                      -91.338391
                  224.08                      -91.074691
                  224.34                      -90.816729
               224.60001                      -90.564449
                  224.86                      -90.318016
                  225.12                      -90.077374
                  225.38                      -89.842689
                  225.64                      -89.614069
               225.89999                      -89.391514
                  226.16                      -89.175025
                  226.42                      -88.964709
               226.67999                      -88.760514
                  226.94                      -88.562493
                   227.2                      -88.370592
               227.46001                      -88.184975
                  227.72                      -88.005532
                  227.98                      -87.832373
               228.24001                      -87.665389
                   228.5                      -87.504633
               228.75999                      -87.349998
                  229.02                      -87.201537
                  229.28                      -87.059196
               229.53999                      -86.922974
                   229.8                      -86.792927
                  230.06                      -86.668891
               230.31999                      -86.550866
                  230.58                      -86.438851
                  230.84                      -86.332682
               231.10001                      -86.232469
                  231.36                      -86.138158
                  231.62                      -86.049803
                  231.88                      -85.967295
                  232.14                      -85.890578
               232.39999                       -85.81938
                  232.66                      -85.753701
                  232.92                      -85.693322
               233.17999                      -85.638244
                  233.44                      -85.588465
                   233.7                      -85.543932
               233.96001                      -85.504918
                  234.22                      -85.471259
                  234.48                      -85.442955
               234.74001                      -85.419786
                     235                      -85.401809
               235.25999                       -85.38875
                  235.52                      -85.380663
                  235.78                      -85.377439
               236.03999                      -85.379079
                   236.3                      -85.385581
                  236.56                      -85.396728
               236.81999                      -85.412574
                  237.08                       -85.43301
                  237.34                      -85.457872
               237.60001                      -85.487269
                  237.86                      -85.520982
                  238.12                      -85.559068
                  238.38                      -85.601524
                  238.64                      -85.648078
               238.89999                      -85.698841
                  239.16                      -85.753592
                  239.42                      -85.812386
               239.67999                      -85.875115
                  239.94                      -85.941722
                   240.2                      -86.012155
               240.46001                      -86.086304
                  240.72                      -86.164113
                  240.98                      -86.245529
               241.24001                      -86.330496
                   241.5                      -86.418907
               241.75999                      -86.510704
                  242.02                      -86.605781
                  242.28                      -86.704026
               242.53999                       -86.80555
                   242.8                      -86.910079
                  243.06                      -87.017559
               243.31999                      -87.127989
                  243.58                      -87.241261
                  243.84                      -87.357265
               244.10001                      -87.475838
                  244.36                      -87.596978
                  244.62                      -87.720631
                  244.88                      -87.846635
                  245.14                      -87.974769
               245.39999                      -88.105144
                  245.66                      -88.237595
                  245.92                      -88.371958
               246.17999                      -88.508125
                  246.44                      -88.645985
                   246.7                      -88.785485
               246.96001                      -88.926406
                  247.22                      -89.068637
                  247.48                      -89.212181
               247.74001                      -89.356762
                     248                      -89.502327
               248.25999                      -89.648766
                  248.52                      -89.795752
                  248.78                      -89.943393
               249.03999                      -90.091417
                   249.3                      -90.239769
                  249.56                      -90.388175
               249.81999                      -90.536691
                  250.08                      -90.684988
                  250.34                      -90.833012
               250.60001                      -90.980599
                  250.86                      -91.127584
                  251.12                      -91.273914
                  251.38                       -91.41937
                  251.64                      -91.563897
               251.89999                      -91.707386
                  252.16                      -91.849617
                  252.42                      -91.990538
               252.67999                      -92.129928
                  252.94                      -92.267898
                   253.2                      -92.404174
               253.46001                      -92.538701
                  253.72                      -92.671371
                  253.98                      -92.802183
               254.24001                      -92.931027
                   254.5                      -93.057796
               254.75999                      -93.182488
                  255.02                      -93.305049
                  255.28                      -93.425424
               255.53999                      -93.543559
                   255.8                      -93.659508
                  256.06                      -93.773217
               256.32001                      -93.884631
               256.57999                      -93.993751
                  256.84                      -94.100683
               257.10001                      -94.205431
               257.35999                      -94.307939
                  257.62                       -94.40826
                  257.88                      -94.506451
               258.13998                      -94.602621
               258.39999                      -94.696659
                  258.66                      -94.788675
               258.92001                      -94.878779
               259.17999                       -94.96697
                  259.44                      -95.053359
               259.70001                      -95.137943
               259.95999                      -95.220835
                  260.22                      -95.301977
               260.48001                       -95.38159
               260.73999                      -95.459727
                     261                       -95.53639
               261.26001                      -95.611686
               261.51999                       -95.68567
                  261.78                      -95.758289
               262.04001                      -95.829705
               262.29999                      -95.900029
                  262.56                       -95.96926
               262.82001                      -96.037343
               263.07999                      -96.104498
                  263.34                      -96.170778
               263.60001                      -96.236183
               263.85999                      -96.300661
                  264.12                      -96.364372
                  264.38                      -96.427265
               264.63998                      -96.489502
               264.89999                      -96.551027
                  265.16                      -96.611789
               265.42001                      -96.672114
               265.67999                      -96.731672
                  265.94                      -96.790794
               266.20001                      -96.849261
               266.45999                      -96.907236
                  266.72                      -96.964609
               266.98001                        -97.0216
               267.23999                       -97.07799
                   267.5                      -97.134053
               267.76001                      -97.189459
               268.01999                      -97.244483
                  268.28                       -97.29907
               268.54001                      -97.353275
               268.79999                      -97.406987
                  269.06                      -97.460208
               269.32001                      -97.513046
               269.57999                      -97.565556
                  269.84                      -97.617575
               270.10001                      -97.669321
               270.35999                      -97.720466
                  270.62                      -97.771337
                  270.88                      -97.821771
               271.13998                      -97.871713
               271.39999                      -97.921273
                  271.66                      -97.970341
               271.92001                      -98.018917
               272.17999                      -98.067166
                  272.44                      -98.114758
               272.70001                      -98.161969
               272.95999                      -98.208742
                  273.22                      -98.255023
               273.48001                      -98.300757
               273.73999                      -98.345947
                     274                      -98.390752
               274.26001                      -98.435068
               274.51999                       -98.47878
                  274.78                      -98.521947
               275.04001                      -98.564676
               275.29999                      -98.606805
                  275.56                      -98.648442
               275.82001                      -98.689478
               276.07999                      -98.729967
                  276.34                      -98.770019
               276.60001                       -98.80947
               276.85999                      -98.848266
                  277.12                      -98.886461
                  277.38                      -98.924054
               277.63998                      -98.961156
               277.89999                      -98.997547
                  278.16                      -99.033446
               278.42001                      -99.068744
               278.67999                      -99.103388
                  278.94                       -99.13732
               279.20001                       -99.17076
               279.45999                       -99.20349
                  279.72                      -99.235675
               279.98001                      -99.267093
               280.23999                      -99.297912
                   280.5                      -99.328128
               280.76001                       -99.35758
               281.01999                       -99.38643
                  281.28                      -99.414626
               281.54001                      -99.442055
               281.79999                      -99.468939
                  282.06                      -99.495058
               282.32001                       -99.52052
               282.57999                      -99.545274
                  282.84                      -99.569315
               283.10001                      -99.592648
               283.35999                       -99.61527
                  283.62                       -99.63729
                  283.88                       -99.65849
               284.13998                      -99.679036
               284.39999                      -99.698816
                  284.66                      -99.717832
               284.92001                      -99.736136
               285.17999                       -99.75373
                  285.44                      -99.770614
               285.70001                      -99.786734
               285.95999                      -99.802198
                  286.22                      -99.816842
               286.48001                      -99.830776
               286.73999                      -99.843944
                     287                      -99.856348
               287.26001                      -99.867986
               287.51999                      -99.878915
                  287.78                      -99.889077
               288.04001                      -99.898586
               288.29999                      -99.907219
                  288.56                      -99.915142
               288.82001                      -99.922354
               289.07999                      -99.928748
                  289.34                      -99.934484
               289.60001                      -99.939457
               289.85999                      -99.943665
                  290.12                      -99.947161
                  290.38                      -99.949893
               290.63998                      -99.951861
               290.89999                      -99.953117
                  291.16                      -99.953664
               291.42001                        -99.9535
               291.67999                      -99.952625
                  291.94                      -99.950986
               292.20001                      -99.948691
               292.45999                      -99.945686
                  292.72                      -99.941971
               292.98001                      -99.937545
               293.23999                      -99.932409
                   293.5                      -99.926671
               293.76001                      -99.920277
               294.01999                       -99.91323
                  294.28                       -99.90547
               294.54001                      -99.897055
               294.79999                      -99.887986
                  295.06                      -99.878368
               295.32001                      -99.868095
               295.57999                      -99.857223
                  295.84                      -99.845747
               296.10001                      -99.833727
               296.35999                      -99.821049
                  296.62                      -99.807881
                  296.88                      -99.794111
               297.13998                      -99.779795
               297.39999                      -99.764932
                  297.66                      -99.749578
               297.92001                      -99.733677
               298.17999                      -99.717285
                  298.44                      -99.700401
               298.70001                      -99.683025
               298.95999                      -99.665157
                  299.22                      -99.646852
               299.48001                      -99.628109
               299.73999                      -99.608876
                     300                      -99.589315

