        Frequency / MHz                S1,1 (16)/abs,dB
----------------------------------------------------------------------
                      40                      -7.1382233
               40.259998                      -7.2490988
                   40.52                      -7.3594793
               40.779999                      -7.4693425
               41.040001                      -7.5786611
               41.299999                      -7.6874023
               41.560001                      -7.7955248
                   41.82                      -7.9029794
               42.079998                      -8.0097187
                   42.34                      -8.1156986
               42.599998                      -8.2208861
               42.860001                       -8.325259
               43.119999                      -8.4287978
               43.380001                      -8.5314872
               43.639999                      -8.6333069
               43.900002                       -8.734227
                   44.16                      -8.8342087
               44.419998                      -8.9332101
                   44.68                      -9.0311922
               44.939999                      -9.1281215
               45.200001                      -9.2239784
               45.459999                      -9.3187505
               45.720001                      -9.4124336
                   45.98                      -9.5050223
               46.240002                      -9.5965081
                    46.5                      -9.6868742
               46.759998                      -9.7760956
                   47.02                      -9.8641474
               47.279999                      -9.9510043
               47.540001                      -10.036654
               47.799999                      -10.121085
               48.060001                      -10.204299
                   48.32                      -10.286297
               48.579998                      -10.367082
                   48.84                      -10.446645
               49.099998                      -10.524977
               49.360001                      -10.602061
               49.619999                      -10.677883
               49.880001                      -10.752438
               50.139999                       -10.82573
               50.400002                      -10.897772
                   50.66                      -10.968583
               50.919998                      -11.038184
                   51.18                      -11.106589
               51.439999                      -11.173807
               51.700001                      -11.239833
               51.959999                      -11.304659
               52.220001                      -11.368271
                   52.48                      -11.430662
               52.740002                       -11.49183
                      53                      -11.551781
               53.259998                      -11.610536
                   53.52                      -11.668118
               53.779999                      -11.724561
               54.040001                      -11.779901
               54.299999                       -11.83418
               54.560001                      -11.887446
                   54.82                      -11.939747
               55.079998                      -11.991132
                   55.34                      -12.041643
               55.599998                      -12.091308
               55.860001                      -12.140137
               56.119999                      -12.188121
               56.380001                       -12.23523
               56.639999                      -12.281425
               56.900002                      -12.326662
                   57.16                      -12.370912
               57.419998                      -12.414163
                   57.68                      -12.456427
               57.939999                      -12.497738
               58.200001                      -12.538144
               58.459999                      -12.577701
               58.720001                       -12.61646
                   58.98                      -12.654463
               59.240002                      -12.691739
                    59.5                      -12.728305
               59.759998                      -12.764172
                   60.02                       -12.79935
               60.279999                      -12.833852
               60.540001                      -12.867694
               60.799999                      -12.900894
               61.060001                      -12.933473
                   61.32                      -12.965446
               61.579998                      -12.996825
                   61.84                      -13.027619
               62.099998                      -13.057837
               62.360001                       -13.08749
               62.619999                       -13.11659
               62.880001                      -13.145161
               63.139999                      -13.173221
               63.400002                      -13.200791
                   63.66                      -13.227892
               63.919998                      -13.254535
                   64.18                       -13.28073
               64.440002                      -13.306482
               64.699997                      -13.331799
               64.959999                      -13.356692
               65.220001                      -13.381178
               65.480003                      -13.405277
               65.739998                      -13.429016
                      66                      -13.452417
               66.260002                      -13.475507
               66.519997                      -13.498303
               66.779999                      -13.520828
               67.040001                      -13.543099
               67.300003                      -13.565143
               67.559998                      -13.586992
                   67.82                      -13.608685
               68.080002                      -13.630269
               68.339996                      -13.651794
               68.599998                      -13.673319
               68.860001                      -13.694901
               69.120003                      -13.716604
               69.379997                      -13.738501
               69.639999                      -13.760668
               69.900002                      -13.783204
               70.159996                      -13.806218
               70.419998                      -13.829841
                   70.68                      -13.854222
               70.940002                      -13.879524
               71.199997                      -13.905932
               71.459999                      -13.933646
               71.720001                      -13.962886
               71.980003                      -13.993894
               72.239998                      -14.026942
                    72.5                      -14.062326
               72.760002                      -14.100377
               73.019997                      -14.141458
               73.279999                      -14.185963
               73.540001                      -14.234321
               73.800003                      -14.286993
               74.059998                       -14.34447
                   74.32                      -14.407287
               74.580002                      -14.476012
               74.839996                      -14.551258
               75.099998                      -14.633679
               75.360001                       -14.72397
               75.620003                      -14.822866
               75.879997                      -14.931126
               76.139999                      -15.049531
               76.400002                      -15.178869
               76.659996                      -15.319916
               76.919998                      -15.473427
                   77.18                      -15.640108
               77.440002                      -15.820611
               77.699997                      -16.015497
               77.959999                      -16.225228
               78.220001                      -16.450133
               78.480003                      -16.690387
               78.739998                      -16.945992
                      79                      -17.216751
               79.260002                      -17.502253
               79.519997                      -17.801856
               79.779999                      -18.114677
               80.040001                       -18.43959
               80.300003                      -18.775215
               80.559998                      -19.119929
                   80.82                      -19.471868
               81.080002                      -19.828937
               81.339996                      -20.188831
               81.599998                      -20.549057
               81.860001                      -20.906962
               82.120003                      -21.259792
               82.379997                      -21.604727
               82.639999                      -21.938964
               82.900002                      -22.259783
               83.159996                      -22.564635
               83.419998                      -22.851216
                   83.68                      -23.117557
               83.940002                      -23.362085
               84.199997                      -23.583677
               84.459999                      -23.781689
               84.720001                      -23.955969
               84.980003                      -24.106827
               85.239998                      -24.235014
                    85.5                      -24.341644
               85.760002                      -24.428141
               86.019997                       -24.49615
               86.279999                      -24.547464
               86.540001                      -24.583946
               86.800003                      -24.607467
               87.059998                      -24.619847
                   87.32                      -24.622818
               87.580002                      -24.617992
               87.839996                      -24.606846
               88.099998                      -24.590717
               88.360001                      -24.570802
               88.620003                      -24.548159
               88.879997                      -24.523718
               89.139999                      -24.498287
               89.400002                       -24.47256
               89.659996                      -24.447127
               89.919998                      -24.422484
                   90.18                      -24.399046
               90.440002                      -24.377162
               90.699997                      -24.357125
               90.959999                      -24.339186
               91.220001                      -24.323559
               91.480003                      -24.310433
               91.739998                      -24.299966
                      92                       -24.29229
               92.260002                      -24.287509
               92.519997                      -24.285706
               92.779999                      -24.286939
               93.040001                      -24.291249
               93.300003                      -24.298669
               93.559998                      -24.309223
                   93.82                      -24.322935
               94.080002                      -24.339828
               94.339996                      -24.359922
               94.599998                      -24.383235
               94.860001                       -24.40978
               95.120003                       -24.43957
               95.379997                      -24.472612
               95.639999                      -24.508917
               95.900002                      -24.548499
               96.159996                      -24.591375
               96.419998                      -24.637566
                   96.68                      -24.687097
               96.940002                      -24.739988
               97.199997                      -24.796257
               97.459999                      -24.855919
               97.720001                      -24.918986
               97.980003                      -24.985469
               98.239998                      -25.055387
                    98.5                      -25.128766
               98.760002                      -25.205641
               99.019997                      -25.286054
               99.279999                      -25.370053
               99.540001                      -25.457686
               99.800003                      -25.548996
                  100.06                      -25.644026
                  100.32                      -25.742815
                  100.58                      -25.845399
                  100.84                       -25.95182
                   101.1                      -26.062121
                  101.36                      -26.176351
                  101.62                      -26.294559
                  101.88                      -26.416794
                  102.14                      -26.543103
                   102.4                      -26.673523
                  102.66                       -26.80809
                  102.92                      -26.946833
                  103.18                      -27.089782
                  103.44                      -27.236963
                   103.7                      -27.388398
                  103.96                      -27.544096
                  104.22                      -27.704055
                  104.48                      -27.868247
                  104.74                      -28.036614
                     105                      -28.209069
                  105.26                      -28.385492
                  105.52                      -28.565728
                  105.78                      -28.749589
                  106.04                      -28.936848
                   106.3                      -29.127229
                  106.56                      -29.320398
                  106.82                       -29.51595
                  107.08                      -29.713387
                  107.34                      -29.912122
                   107.6                      -30.111457
                  107.86                      -30.310584
                  108.12                      -30.508581
                  108.38                       -30.70441
                  108.64                      -30.896911
                   108.9                      -31.084804
                  109.16                       -31.26669
                  109.42                       -31.44107
                  109.68                       -31.60636
                  109.94                      -31.760938
                   110.2                      -31.903183
                  110.46                      -32.031541
                  110.72                      -32.144575
                  110.98                      -32.241024
                  111.24                      -32.319864
                   111.5                      -32.380345
                  111.76                      -32.422038
                  112.02                      -32.444868
                  112.28                       -32.44913
                  112.54                      -32.435494
                   112.8                      -32.404981
                  113.06                      -32.358929
                  113.32                      -32.298924
                  113.58                      -32.226736
                  113.84                      -32.144247
                   114.1                      -32.053379
                  114.36                      -31.956043
                  114.62                      -31.854095
                  114.88                      -31.749306
                  115.14                      -31.643338
                   115.4                      -31.537724
                  115.66                      -31.433865
                  115.92                      -31.333012
                  116.18                      -31.236272
                  116.44                      -31.144601
                   116.7                      -31.058821
                  116.96                      -30.979617
                  117.22                      -30.907551
                  117.48                      -30.843061
                  117.74                      -30.786461
                     118                      -30.737946
                  118.26                      -30.697586
                  118.52                      -30.665329
                  118.78                      -30.641015
                  119.04                      -30.624393
                   119.3                      -30.615144
                  119.56                      -30.612912
                  119.82                      -30.617328
                  120.08                       -30.62803
                  120.34                      -30.644669
                   120.6                      -30.666908
                  120.86                      -30.694409
                  121.12                      -30.726809
                  121.38                      -30.763704
                  121.64                      -30.804625
                   121.9                      -30.849031
                  122.16                      -30.896301
                  122.42                       -30.94574
                  122.68                      -30.996591
                  122.94                      -31.048052
                   123.2                      -31.099287
                  123.46                      -31.149449
                  123.72                      -31.197692
                  123.98                      -31.243185
                  124.24                      -31.285124
                   124.5                      -31.322737
                  124.76                      -31.355289
                  125.02                      -31.382095
                  125.28                       -31.40252
                  125.54                       -31.41599
                   125.8                      -31.421995
                  126.06                       -31.42011
                  126.32                      -31.409987
                  126.58                      -31.391375
                  126.84                      -31.364115
                   127.1                      -31.328134
                  127.36                      -31.283451
                  127.62                      -31.230162
                  127.88                      -31.168438
                  128.14                      -31.098521
               128.39999                      -31.020717
                  128.66                      -30.935398
                  128.92                      -30.842997
               129.17999                      -30.743988
                  129.44                      -30.638895
                   129.7                      -30.528258
               129.96001                      -30.412627
                  130.22                       -30.29255
                  130.48                      -30.168557
               130.74001                      -30.041163
                     131                      -29.910859
               131.25999                      -29.778113
                  131.52                      -29.643371
                  131.78                      -29.507057
               132.03999                      -29.369566
                   132.3                      -29.231264
                  132.56                      -29.092486
               132.81999                      -28.953532
                  133.08                      -28.814674
                  133.34                      -28.676153
               133.60001                      -28.538187
                  133.86                      -28.400975
                  134.12                      -28.264696
                  134.38                      -28.129513
                  134.64                       -27.99557
               134.89999                      -27.862992
                  135.16                      -27.731886
                  135.42                      -27.602343
               135.67999                      -27.474436
                  135.94                      -27.348232
                   136.2                      -27.223783
               136.46001                      -27.101137
                  136.72                      -26.980335
                  136.98                       -26.86141
               137.24001                      -26.744387
                   137.5                      -26.629285
               137.75999                      -26.516112
                  138.02                      -26.404874
                  138.28                       -26.29557
               138.53999                      -26.188201
                   138.8                      -26.082764
                  139.06                      -25.979254
               139.31999                      -25.877668
                  139.58                      -25.777995
                  139.84                      -25.680224
               140.10001                      -25.584338
                  140.36                      -25.490319
                  140.62                      -25.398144
                  140.88                      -25.307794
                  141.14                      -25.219251
               141.39999                      -25.132495
                  141.66                      -25.047513
                  141.92                      -24.964284
               142.17999                      -24.882791
                  142.44                      -24.803013
                   142.7                      -24.724927
               142.96001                      -24.648512
                  143.22                      -24.573745
                  143.48                      -24.500606
               143.74001                      -24.429074
                     144                      -24.359134
               144.25999                      -24.290766
                  144.52                      -24.223951
                  144.78                      -24.158672
               145.03999                      -24.094907
                   145.3                      -24.032636
                  145.56                       -23.97184
               145.81999                      -23.912502
                  146.08                      -23.854606
                  146.34                      -23.798138
               146.60001                      -23.743085
                  146.86                      -23.689433
                  147.12                      -23.637166
                  147.38                      -23.586272
                  147.64                      -23.536731
               147.89999                      -23.488529
                  148.16                      -23.441651
                  148.42                      -23.396087
               148.67999                      -23.351826
                  148.94                      -23.308859
                   149.2                      -23.267175
               149.46001                      -23.226767
                  149.72                      -23.187624
                  149.98                      -23.149738
               150.24001                      -23.113096
                   150.5                       -23.07769
               150.75999                      -23.043514
                  151.02                      -23.010561
                  151.28                      -22.978828
               151.53999                       -22.94831
                   151.8                      -22.919003
                  152.06                        -22.8909
               152.31999                      -22.863999
                  152.58                      -22.838292
                  152.84                      -22.813777
               153.10001                      -22.790451
                  153.36                      -22.768316
                  153.62                      -22.747371
                  153.88                      -22.727619
                  154.14                      -22.709062
               154.39999                        -22.6917
                  154.66                      -22.675534
                  154.92                      -22.660566
               155.17999                      -22.646798
                  155.44                      -22.634233
                   155.7                      -22.622876
               155.96001                      -22.612736
                  156.22                      -22.603817
                  156.48                      -22.596129
               156.74001                      -22.589684
                     157                      -22.584485
               157.25999                      -22.580544
                  157.52                      -22.577867
                  157.78                      -22.576469
               158.03999                      -22.576359
                   158.3                      -22.577555
                  158.56                       -22.58007
               158.81999                      -22.583921
                  159.08                      -22.589124
                  159.34                      -22.595696
               159.60001                      -22.603653
                  159.86                      -22.613012
                  160.12                      -22.623793
                  160.38                      -22.636016
                  160.64                      -22.649704
               160.89999                      -22.664881
                  161.16                      -22.681574
                  161.42                      -22.699806
               161.67999                      -22.719603
                  161.94                       -22.74099
                   162.2                      -22.763991
               162.46001                      -22.788634
                  162.72                      -22.814943
                  162.98                       -22.84295
               163.24001                      -22.872683
                   163.5                      -22.904173
               163.75999                      -22.937447
                  164.02                      -22.972535
                  164.28                      -23.009462
               164.53999                      -23.048256
                   164.8                      -23.088938
                  165.06                      -23.131534
               165.31999                      -23.176065
                  165.58                      -23.222553
                  165.84                      -23.271017
               166.10001                      -23.321472
                  166.36                      -23.373926
                  166.62                      -23.428387
                  166.88                      -23.484852
                  167.14                      -23.543314
               167.39999                       -23.60376
                  167.66                       -23.66617
                  167.92                      -23.730519
               168.17999                      -23.796771
                  168.44                      -23.864879
                   168.7                      -23.934786
               168.96001                      -24.006422
                  169.22                      -24.079698
                  169.48                      -24.154516
               169.74001                       -24.23076
                     170                      -24.308301
               170.25999                      -24.386992
                  170.52                      -24.466669
                  170.78                      -24.547151
               171.03999                      -24.628235
                   171.3                      -24.709699
                  171.56                        -24.7913
               171.81999                      -24.872775
                  172.08                      -24.953845
                  172.34                      -25.034213
               172.60001                       -25.11357
                  172.86                      -25.191593
                  173.12                      -25.267944
                  173.38                       -25.34228
                  173.64                      -25.414249
               173.89999                      -25.483499
                  174.16                      -25.549674
                  174.42                      -25.612433
               174.67999                      -25.671442
                  174.94                      -25.726387
                   175.2                       -25.77698
               175.46001                      -25.822955
                  175.72                      -25.864078
                  175.98                      -25.900148
               176.24001                      -25.931002
                   176.5                      -25.956517
               176.75999                      -25.976614
                  177.02                       -25.99126
                  177.28                      -26.000468
               177.53999                      -26.004293
                   177.8                      -26.002835
                  178.06                       -25.99623
               178.31999                      -25.984649
                  178.58                      -25.968292
                  178.84                      -25.947389
               179.10001                      -25.922194
                  179.36                      -25.892981
                  179.62                       -25.86004
                  179.88                      -25.823672
                  180.14                      -25.784186
               180.39999                       -25.74189
                  180.66                      -25.697091
                  180.92                       -25.65009
               181.17999                      -25.601181
                  181.44                      -25.550649
                   181.7                      -25.498769
               181.96001                      -25.445805
                  182.22                      -25.392009
                  182.48                      -25.337616
               182.74001                      -25.282851
                     183                      -25.227918
               183.25999                      -25.173007
                  183.52                      -25.118292
                  183.78                      -25.063934
               184.03999                      -25.010082
                   184.3                      -24.956871
                  184.56                      -24.904427
               184.81999                       -24.85286
                  185.08                       -24.80227
                  185.34                      -24.752746
               185.60001                      -24.704364
                  185.86                      -24.657193
                  186.12                      -24.611291
                  186.38                       -24.56671
                  186.64                      -24.523497
               186.89999                      -24.481692
                  187.16                      -24.441332
                  187.42                      -24.402445
               187.67999                      -24.365055
                  187.94                      -24.329178
                   188.2                       -24.29483
               188.46001                      -24.262017
                  188.72                      -24.230747
                  188.98                      -24.201024
               189.24001                       -24.17285
                   189.5                      -24.146227
               189.75999                      -24.121151
                  190.02                       -24.09762
                  190.28                      -24.075625
               190.53999                      -24.055158
                   190.8                      -24.036207
                  191.06                      -24.018764
               191.31999                      -24.002816
                  191.58                      -23.988352
                  191.84                      -23.975363
               192.10001                      -23.963835
                  192.36                      -23.953755
                  192.62                      -23.945108
                  192.88                      -23.937878
                  193.14                      -23.932047
               193.39999                      -23.927597
                  193.66                      -23.924514
                  193.92                      -23.922784
               194.17999                      -23.922389
                  194.44                      -23.923318
                   194.7                      -23.925553
               194.96001                      -23.929081
                  195.22                      -23.933882
                  195.48                      -23.939939
               195.74001                      -23.947235
                     196                      -23.955751
               196.25999                      -23.965472
                  196.52                      -23.976382
                  196.78                      -23.988466
               197.03999                      -24.001707
                   197.3                      -24.016087
                  197.56                      -24.031588
               197.81999                      -24.048192
                  198.08                      -24.065879
                  198.34                      -24.084632
               198.60001                      -24.104433
                  198.86                      -24.125264
                  199.12                      -24.147109
                  199.38                      -24.169951
                  199.64                      -24.193769
               199.89999                      -24.218541
                  200.16                      -24.244245
                  200.42                      -24.270856
               200.67999                      -24.298353
                  200.94                      -24.326711
                   201.2                      -24.355908
               201.46001                      -24.385922
                  201.72                      -24.416729
                  201.98                      -24.448303
               202.24001                      -24.480615
                   202.5                      -24.513635
               202.75999                      -24.547333
                  203.02                      -24.581676
                  203.28                       -24.61663
               203.53999                      -24.652163
                   203.8                       -24.68824
                  204.06                      -24.724826
               204.31999                      -24.761881
                  204.58                      -24.799363
                  204.84                      -24.837229
               205.10001                      -24.875432
                  205.36                      -24.913926
                  205.62                      -24.952663
                  205.88                      -24.991595
                  206.14                      -25.030672
               206.39999                      -25.069842
                  206.66                      -25.109052
                  206.92                      -25.148242
               207.17999                      -25.187349
                  207.44                      -25.226313
                   207.7                      -25.265067
               207.96001                      -25.303546
                  208.22                      -25.341685
                  208.48                      -25.379417
               208.74001                      -25.416676
                     209                      -25.453394
               209.25999                      -25.489499
                  209.52                       -25.52492
                  209.78                      -25.559582
               210.03999                      -25.593412
                   210.3                      -25.626339
                  210.56                       -25.65829
               210.81999                      -25.689197
                  211.08                      -25.718993
                  211.34                      -25.747609
               211.60001                      -25.774978
                  211.86                      -25.801033
                  212.12                       -25.82571
                  212.38                      -25.848947
                  212.64                      -25.870691
               212.89999                      -25.890887
                  213.16                      -25.909491
                  213.42                      -25.926459
               213.67999                      -25.941754
                  213.94                      -25.955339
                   214.2                       -25.96718
               214.46001                      -25.977249
                  214.72                      -25.985523
                  214.98                      -25.991984
               215.24001                      -25.996623
                   215.5                      -25.999435
               215.75999                      -26.000423
                  216.02                      -25.999593
                  216.28                      -25.996956
               216.53999                      -25.992527
                   216.8                      -25.986322
                  217.06                      -25.978365
               217.31999                      -25.968683
                  217.58                      -25.957311
                  217.84                      -25.944287
               218.10001                      -25.929652
                  218.36                      -25.913449
                  218.62                      -25.895724
                  218.88                      -25.876523
                  219.14                      -25.855894
               219.39999                      -25.833884
                  219.66                      -25.810549
                  219.92                      -25.785942
               220.17999                      -25.760118
                  220.44                      -25.733139
                   220.7                      -25.705061
               220.96001                      -25.675937
                  221.22                      -25.645823
                  221.48                       -25.61477
               221.74001                      -25.582828
                     222                      -25.550048
               222.25999                       -25.51648
                  222.52                      -25.482178
                  222.78                       -25.44719
               223.03999                      -25.411564
                   223.3                      -25.375347
                  223.56                      -25.338581
               223.81999                      -25.301304
                  224.08                      -25.263556
                  224.34                      -25.225374
               224.60001                      -25.186794
                  224.86                      -25.147853
                  225.12                      -25.108586
                  225.38                      -25.069023
                  225.64                      -25.029195
               225.89999                      -24.989127
                  226.16                      -24.948843
                  226.42                      -24.908364
               226.67999                      -24.867711
                  226.94                      -24.826906
                   227.2                      -24.785971
               227.46001                      -24.744927
                  227.72                      -24.703794
                  227.98                      -24.662588
               228.24001                      -24.621323
                   228.5                      -24.580011
               228.75999                      -24.538662
                  229.02                      -24.497287
                  229.28                      -24.455895
               229.53999                      -24.414499
                   229.8                      -24.373109
                  230.06                      -24.331736
               230.31999                      -24.290387
                  230.58                      -24.249072
                  230.84                      -24.207792
               231.10001                      -24.166555
                  231.36                      -24.125365
                  231.62                      -24.084227
                  231.88                      -24.043148
                  232.14                      -24.002136
               232.39999                      -23.961196
                  232.66                      -23.920333
                  232.92                      -23.879551
               233.17999                       -23.83885
                  233.44                      -23.798233
                   233.7                      -23.757701
               233.96001                      -23.717257
                  234.22                      -23.676905
                  234.48                      -23.636652
               234.74001                      -23.596504
                     235                      -23.556462
               235.25999                      -23.516532
                  235.52                      -23.476715
                  235.78                      -23.437013
               236.03999                      -23.397425
                   236.3                      -23.357954
                  236.56                      -23.318606
               236.81999                      -23.279384
                  237.08                      -23.240291
                  237.34                      -23.201334
               237.60001                      -23.162513
                  237.86                      -23.123832
                  238.12                      -23.085291
                  238.38                      -23.046891
                  238.64                      -23.008634
               238.89999                      -22.970527
                  239.16                      -22.932572
                  239.42                      -22.894777
               239.67999                      -22.857142
                  239.94                      -22.819674
                   240.2                      -22.782373
               240.46001                      -22.745237
                  240.72                       -22.70827
                  240.98                      -22.671473
               241.24001                       -22.63485
                   241.5                      -22.598406
               241.75999                      -22.562147
                  242.02                      -22.526079
                  242.28                      -22.490207
               242.53999                      -22.454534
                   242.8                      -22.419066
                  243.06                      -22.383803
               243.31999                      -22.348752
                  243.58                      -22.313919
                  243.84                      -22.279309
               244.10001                      -22.244931
                  244.36                      -22.210789
                  244.62                      -22.176891
                  244.88                      -22.143239
                  245.14                      -22.109835
               245.39999                      -22.076683
                  245.66                      -22.043785
                  245.92                      -22.011143
               246.17999                      -21.978766
                  246.44                      -21.946657
                   246.7                      -21.914822
               246.96001                      -21.883264
                  247.22                      -21.851985
                  247.48                      -21.820986
               247.74001                      -21.790267
                     248                      -21.759828
               248.25999                      -21.729672
                  248.52                      -21.699801
                  248.78                      -21.670219
               249.03999                      -21.640932
                   249.3                      -21.611941
                  249.56                      -21.583249
               249.81999                      -21.554856
                  250.08                      -21.526762
                  250.34                      -21.498968
               250.60001                      -21.471474
                  250.86                      -21.444284
                  251.12                      -21.417401
                  251.38                      -21.390827
                  251.64                      -21.364563
               251.89999                      -21.338614
                  252.16                      -21.312975
                  252.42                      -21.287647
               252.67999                      -21.262628
                  252.94                       -21.23792
                   253.2                      -21.213525
               253.46001                      -21.189442
                  253.72                      -21.165678
                  253.98                      -21.142234
               254.24001                       -21.11911
                   254.5                      -21.096306
               254.75999                      -21.073818
                  255.02                      -21.051646
                  255.28                      -21.029788
               255.53999                      -21.008245
                   255.8                      -20.987015
                  256.06                      -20.966105
               256.32001                      -20.945512
               256.57999                      -20.925239
                  256.84                      -20.905283
               257.10001                      -20.885641
               257.35999                      -20.866313
                  257.62                      -20.847295
                  257.88                       -20.82859
               258.13998                      -20.810195
               258.39999                      -20.792114
                  258.66                      -20.774346
               258.92001                      -20.756891
               259.17999                      -20.739747
                  259.44                      -20.722911
               259.70001                      -20.706377
               259.95999                      -20.690145
                  260.22                      -20.674211
               260.48001                      -20.658578
               260.73999                      -20.643246
                     261                      -20.628217
               261.26001                      -20.613489
               261.51999                      -20.599061
                  261.78                       -20.58493
               262.04001                      -20.571091
               262.29999                      -20.557541
                  262.56                      -20.544278
               262.82001                      -20.531301
               263.07999                       -20.51861
                  263.34                      -20.506206
               263.60001                      -20.494088
               263.85999                      -20.482252
                  264.12                      -20.470697
                  264.38                       -20.45942
               264.63998                      -20.448413
               264.89999                      -20.437678
                  265.16                      -20.427213
               265.42001                      -20.417018
               265.67999                      -20.407094
                  265.94                      -20.397441
               266.20001                      -20.388056
               266.45999                      -20.378934
                  266.72                      -20.370072
               266.98001                      -20.361464
               267.23999                      -20.353107
                   267.5                      -20.345001
               267.76001                      -20.337145
               268.01999                      -20.329541
                  268.28                      -20.322187
               268.54001                      -20.315084
               268.79999                      -20.308228
                  269.06                      -20.301613
               269.32001                      -20.295236
               269.57999                      -20.289095
                  269.84                      -20.283185
               270.10001                      -20.277507
               270.35999                      -20.272062
                  270.62                      -20.266847
                  270.88                      -20.261864
               271.13998                      -20.257108
               271.39999                      -20.252573
                  271.66                      -20.248256
               271.92001                      -20.244153
               272.17999                      -20.240262
                  272.44                      -20.236584
               272.70001                      -20.233121
               272.95999                      -20.229873
                  273.22                      -20.226836
               273.48001                       -20.22401
               273.73999                      -20.221388
                     274                      -20.218965
               274.26001                      -20.216738
               274.51999                      -20.214702
                  274.78                      -20.212857
               275.04001                      -20.211206
               275.29999                      -20.209748
                  275.56                      -20.208483
               275.82001                       -20.20741
               276.07999                      -20.206522
                  276.34                      -20.205816
               276.60001                      -20.205287
               276.85999                      -20.204933
                  277.12                      -20.204754
                  277.38                      -20.204749
               277.63998                      -20.204919
               277.89999                      -20.205262
                  278.16                      -20.205777
               278.42001                      -20.206459
               278.67999                      -20.207303
                  278.94                      -20.208302
               279.20001                      -20.209456
               279.45999                      -20.210764
                  279.72                      -20.212225
               279.98001                      -20.213845
               280.23999                       -20.21562
                   280.5                       -20.21755
               280.76001                      -20.219631
               281.01999                      -20.221854
                  281.28                      -20.224216
               281.54001                      -20.226712
               281.79999                      -20.229341
                  282.06                      -20.232102
               282.32001                      -20.234998
               282.57999                      -20.238029
                  282.84                      -20.241192
               283.10001                      -20.244484
               283.35999                        -20.2479
                  283.62                      -20.251435
                  283.88                      -20.255083
               284.13998                      -20.258843
               284.39999                      -20.262718
                  284.66                      -20.266705
               284.92001                      -20.270806
               285.17999                      -20.275019
                  285.44                      -20.279338
               285.70001                      -20.283757
               285.95999                      -20.288269
                  286.22                       -20.29287
               286.48001                      -20.297556
               286.73999                      -20.302329
                     287                       -20.30719
               287.26001                       -20.31214
               287.51999                      -20.317178
                  287.78                        -20.3223
               288.04001                      -20.327499
               288.29999                      -20.332766
                  288.56                      -20.338096
               288.82001                      -20.343485
               289.07999                      -20.348931
                  289.34                      -20.354435
               289.60001                      -20.359998
               289.85999                      -20.365619
                  290.12                      -20.371293
                  290.38                      -20.377013
               290.63998                      -20.382772
               290.89999                      -20.388563
                  291.16                      -20.394383
               291.42001                      -20.400231
               291.67999                      -20.406107
                  291.94                      -20.412012
               292.20001                      -20.417945
               292.45999                      -20.423901
                  292.72                      -20.429873
               292.98001                       -20.43585
               293.23999                      -20.441825
                   293.5                      -20.447793
               293.76001                      -20.453753
               294.01999                      -20.459705
                  294.28                      -20.465652
               294.54001                      -20.471595
               294.79999                      -20.477529
                  295.06                      -20.483449
               295.32001                      -20.489345
               295.57999                      -20.495209
                  295.84                      -20.501034
               296.10001                       -20.50682
               296.35999                      -20.512565
                  296.62                      -20.518273
                  296.88                      -20.523943
               297.13998                      -20.529574
               297.39999                      -20.535156
                  297.66                      -20.540685
               297.92001                       -20.54615
               298.17999                      -20.551547
                  298.44                      -20.556875
               298.70001                      -20.562136
               298.95999                      -20.567334
                  299.22                      -20.572471
               299.48001                      -20.577546
               299.73999                      -20.582552
                     300                       -20.58748

