        Frequency / MHz                S1,1 (29)/arg,degrees
----------------------------------------------------------------------
                      40                      -82.131044
               40.259998                      -85.058409
                   40.52                      -87.989885
               40.779999                      -90.925637
               41.040001                      -93.865931
               41.299999                      -96.811122
               41.560001                      -99.761647
                   41.82                      -102.71801
               42.079998                      -105.68053
                   42.34                      -108.64956
               42.599998                      -111.62529
               42.860001                      -114.60802
               43.119999                      -117.59807
               43.380001                      -120.59581
               43.639999                      -123.60174
               43.900002                      -126.61627
                   44.16                      -129.63986
               44.419998                      -132.67276
                   44.68                       -135.7153
               44.939999                      -138.76772
               45.200001                      -141.83048
               45.459999                       -144.9039
               45.720001                      -147.98849
                   45.98                      -151.08474
               46.240002                      -154.19309
                    46.5                      -157.31375
               46.759998                      -160.44711
                   47.02                      -163.59344
               47.279999                      -166.75317
               47.540001                      -169.92673
               47.799999                      -173.11459
               48.060001                      -176.31729
                   48.32                      -179.53513
               48.579998                       177.23154
                   48.84                       173.98245
               49.099998                       170.71719
               49.360001                       167.43545
               49.619999                       164.13674
               49.880001                       160.82059
               50.139999                        157.4866
               50.400002                       154.13442
                   50.66                       150.76382
               50.919998                       147.37455
                   51.18                       143.96633
               51.439999                       140.53878
               51.700001                       137.09164
               51.959999                       133.62449
               52.220001                       130.13703
                   52.48                       126.62916
               52.740002                       123.10076
                      53                        119.5518
               53.259998                       115.98215
                   53.52                       112.39168
               53.779999                       108.78031
               54.040001                       105.14786
               54.299999                       101.49436
               54.560001                       97.819964
                   54.82                       94.124915
               55.079998                       90.409401
                   55.34                       86.673643
               55.599998                       82.917749
               55.860001                       79.141884
               56.119999                       75.346129
               56.380001                       71.530894
               56.639999                       67.696563
               56.900002                       63.843763
                   57.16                       59.972874
               57.419998                       56.084203
                   57.68                       52.177797
               57.939999                       48.253444
               58.200001                        44.31095
               58.459999                       40.350015
               58.720001                       36.370581
                   58.98                       32.372654
               59.240002                       28.356259
                    59.5                       24.321282
               59.759998                       20.267403
                   60.02                       16.194013
               60.279999                       12.100188
               60.540001                       7.9848909
               60.799999                       3.8468892
               61.060001                     -0.31515495
                   61.32                      -4.5027169
               61.579998                      -8.7175164
                   61.84                      -12.961415
               62.099998                      -17.236621
               62.360001                      -21.545405
               62.619999                      -25.890225
               62.880001                      -30.273648
               63.139999                      -34.698219
               63.400002                      -39.166581
                   63.66                      -43.681445
               63.919998                      -48.245516
                   64.18                      -52.861413
               64.440002                      -57.531676
               64.699997                      -62.258526
               64.959999                      -67.043837
               65.220001                      -71.888926
               65.480003                      -76.794639
               65.739998                      -81.761309
                      66                      -86.788656
               66.260002                      -91.875699
               66.519997                      -97.020935
               66.779999                      -102.22196
               67.040001                      -107.47569
               67.300003                      -112.77837
               67.559998                      -118.12554
                   67.82                      -123.51243
               68.080002                      -128.93385
               68.339996                      -134.38499
               68.599998                        -139.861
               68.860001                      -145.35794
               69.120003                      -150.87269
               69.379997                      -156.40345
               69.639999                      -161.94994
               69.900002                      -167.51376
               70.159996                      -173.09856
               70.419998                      -178.71068
                   70.68                       175.64119
               70.940002                       169.94558
               71.199997                         164.188
               71.459999                       158.35109
               71.720001                       152.41418
               71.980003                        146.3535
               72.239998                       140.14246
                    72.5                       133.75181
               72.760002                       127.15116
               73.019997                       120.31048
               73.279999                       113.20283
               73.540001                       105.80835
               73.800003                       98.119145
               74.059998                       90.144325
                   74.32                       81.916023
               74.580002                        73.49194
               74.839996                       64.954968
               75.099998                       56.407234
               75.360001                        47.95971
               75.620003                       39.718952
               75.879997                       31.775388
               76.139999                       24.195735
               76.400002                       17.020264
               76.659996                       10.265208
               76.919998                       3.9276119
                   77.18                      -2.0090792
               77.440002                      -7.5698909
               77.699997                       -12.78362
               77.959999                      -17.680428
               78.220001                      -22.289933
               78.480003                      -26.639998
               78.739998                      -30.756578
                      79                      -34.663394
               79.260002                      -38.381585
               79.519997                      -41.929949
               79.779999                      -45.324881
               80.040001                      -48.580751
               80.300003                      -51.710014
               80.559998                      -54.723987
                   80.82                      -57.632664
               81.080002                      -60.445174
               81.339996                      -63.169652
               81.599998                      -65.813156
               81.860001                      -68.381797
               82.120003                      -70.880717
               82.379997                       -73.31489
               82.639999                      -75.688406
               82.900002                      -78.005589
               83.159996                       -80.27037
               83.419998                      -82.486083
                   83.68                      -84.655789
               83.940002                         -86.782
               84.199997                      -88.866846
               84.459999                      -90.912242
               84.720001                      -92.920209
               84.980003                      -94.892986
               85.239998                      -96.832432
                    85.5                      -98.740459
               85.760002                      -100.61827
               86.019997                       -102.4669
               86.279999                      -104.28728
               86.540001                      -106.08018
               86.800003                      -107.84691
               87.059998                       -109.5886
                   87.32                      -111.30664
               87.580002                      -113.00184
               87.839996                      -114.67463
               88.099998                      -116.32525
               88.360001                      -117.95384
               88.620003                       -119.5609
               88.879997                       -121.1473
               89.139999                      -122.71387
               89.400002                      -124.26154
               89.659996                      -125.79047
               89.919998                      -127.30043
                   90.18                      -128.79089
               90.440002                      -130.26145
               90.699997                      -131.71251
               90.959999                      -133.14478
               91.220001                      -134.55923
               91.480003                      -135.95625
               91.739998                      -137.33518
                      92                      -138.69461
               92.260002                      -140.03223
               92.519997                       -141.3468
               92.779999                      -142.63797
               93.040001                      -143.90703
               93.300003                      -145.15597
               93.559998                      -146.38616
                   93.82                      -147.59746
               94.080002                      -148.78755
               94.339996                      -149.95174
               94.599998                       -151.0849
               94.860001                      -152.18215
               95.120003                      -153.24012
               95.379997                      -154.25684
               95.639999                      -155.23077
               95.900002                      -156.15918
               96.159996                      -157.03711
               96.419998                      -157.85646
                   96.68                      -158.60619
               96.940002                      -159.27287
               97.199997                      -159.84082
               97.459999                      -160.29128
               97.720001                       -160.6005
               97.980003                      -160.73645
               98.239998                      -160.65394
                    98.5                      -160.28882
               98.760002                      -159.54936
               99.019997                      -158.30239
               99.279999                      -156.34966
               99.540001                      -153.38684
               99.800003                      -148.93415
                  100.06                      -142.23903
                  100.32                       -132.2238
                  100.58                      -117.86193
                  100.84                      -99.724607
                   101.1                       -81.38462
                  101.36                      -66.612287
                  101.62                      -56.222695
                  101.88                      -49.246832
                  102.14                      -44.584162
                   102.4                      -41.452602
                  102.66                      -39.351853
                  102.92                      -37.965161
                  103.18                      -37.087344
                  103.44                      -36.581803
                   103.7                      -36.354603
                  103.96                      -36.340124
                  104.22                      -36.491262
                  104.48                       -36.77387
                  104.74                      -37.162423
                     105                      -37.637366
                  105.26                      -38.183343
                  105.52                      -38.787902
                  105.78                      -39.441249
                  106.04                      -40.135361
                   106.3                       -40.86406
                  106.56                      -41.622429
                  106.82                      -42.406259
                  107.08                      -43.212113
                  107.34                      -44.036763
                   107.6                      -44.877588
                  107.86                      -45.732128
                  108.12                      -46.598574
                  108.38                      -47.475408
                  108.64                      -48.361366
                   108.9                      -49.255357
                  109.16                      -50.156287
                  109.42                      -51.063225
                  109.68                      -51.975081
                  109.94                      -52.891255
                   110.2                      -53.810982
                  110.46                      -54.733882
                  110.72                      -55.659559
                  110.98                       -56.58759
                  111.24                      -57.517591
                   111.5                      -58.449008
                  111.76                      -59.381576
                  112.02                      -60.314962
                  112.28                      -61.248892
                  112.54                      -62.183374
                   112.8                      -63.118016
                  113.06                      -64.052988
                  113.32                      -64.987794
                  113.58                      -65.922329
                  113.84                      -66.856315
                   114.1                       -67.78981
                  114.36                      -68.722652
                  114.62                      -69.654891
                  114.88                      -70.586419
                  115.14                      -71.517237
                   115.4                      -72.447016
                  115.66                      -73.375757
                  115.92                      -74.303352
                  116.18                      -75.229855
                  116.44                      -76.155263
                   116.7                      -77.079579
                  116.96                      -78.002693
                  117.22                      -78.924605
                  117.48                      -79.845149
                  117.74                       -80.76422
                     118                      -81.681815
                  118.26                      -82.597935
                  118.52                      -83.512743
                  118.78                      -84.425967
                  119.04                      -85.337605
                   119.3                      -86.247387
                  119.56                      -87.155201
                  119.82                      -88.061103
                  120.08                      -88.964764
                  120.34                      -89.866294
                   120.6                      -90.765311
                  120.86                      -91.661705
                  121.12                      -92.555094
                  121.38                      -93.444986
                  121.64                       -94.33138
                   121.9                      -95.213458
                  122.16                      -96.090892
                  122.42                      -96.963189
                  122.68                       -97.82964
                  122.94                      -98.689532
                   123.2                      -99.541831
                  123.46                      -100.38544
                  123.72                      -101.21943
                  123.98                      -102.04228
                  124.24                      -102.85283
                   124.5                      -103.64934
                  124.76                      -104.43012
                  125.02                      -105.19307
                  125.28                      -105.93598
                  125.54                      -106.65654
                   125.8                      -107.35245
                  126.06                      -108.02132
                  126.32                      -108.66035
                  126.58                      -109.26715
                  126.84                      -109.83892
                   127.1                      -110.37325
                  127.36                      -110.86798
                  127.62                      -111.32134
                  127.88                      -111.73235
                  128.14                      -112.10025
               128.39999                      -112.42499
                  128.66                      -112.70721
                  128.92                      -112.94878
               129.17999                      -113.15194
                  129.44                      -113.32013
                   129.7                      -113.45744
               129.96001                       -113.5688
                  130.22                      -113.65901
                  130.48                      -113.73344
               130.74001                      -113.79731
                     131                      -113.85578
               131.25999                      -113.91364
                  131.52                      -113.97539
                  131.78                        -114.045
               132.03999                      -114.12516
                   132.3                      -114.21832
                  132.56                      -114.32586
               132.81999                       -114.4488
                  133.08                      -114.58759
                  133.34                      -114.74201
               133.60001                      -114.91189
                  133.86                      -115.09603
                  134.12                      -115.29323
                  134.38                      -115.50174
                  134.64                      -115.72009
               134.89999                      -115.94652
                  135.16                      -116.17952
                  135.42                      -116.41753
               135.67999                      -116.65889
                  135.94                       -116.9016
                   136.2                      -117.14394
               136.46001                      -117.38409
                  136.72                      -117.62063
                  136.98                      -117.85226
               137.24001                      -118.07782
                   137.5                      -118.29616
               137.75999                      -118.50566
                  138.02                      -118.70483
                  138.28                      -118.89225
               138.53999                      -119.06688
                   138.8                      -119.22791
                  139.06                      -119.37473
               139.31999                      -119.50653
                  139.58                      -119.62199
                  139.84                      -119.71974
               140.10001                      -119.79831
                  140.36                        -119.857
                  140.62                       -119.8953
                  140.88                      -119.91301
                  141.14                      -119.90973
               141.39999                      -119.88432
                  141.66                      -119.83514
                  141.92                      -119.76045
               142.17999                      -119.65931
                  142.44                      -119.53172
                   142.7                      -119.37856
               142.96001                      -119.20021
                  143.22                      -118.99579
                  143.48                      -118.76264
               143.74001                      -118.49714
                     144                      -118.19612
               144.25999                      -117.85881
                  144.52                      -117.48731
                  144.78                       -117.0858
               145.03999                      -116.65894
                   145.3                       -116.2088
                  145.56                      -115.73435
               145.81999                      -115.23187
                  146.08                      -114.69654
                  146.34                      -114.12527
               146.60001                      -113.51776
                  146.86                      -112.87682
                  147.12                      -112.20631
                  147.38                       -111.5092
                  147.64                      -110.78678
               147.89999                      -110.03852
                  148.16                      -109.26365
                  148.42                      -108.46271
               148.67999                      -107.63801
                  148.94                      -106.79292
                   149.2                      -105.93117
               149.46001                        -105.055
                  149.72                      -104.16576
                  149.98                      -103.26428
               150.24001                      -102.35215
                   150.5                      -101.43237
               150.75999                      -100.50855
                  151.02                      -99.584616
                  151.28                      -98.663469
               151.53999                      -97.746803
                   151.8                      -96.836147
                  152.06                      -95.932978
               152.31999                      -95.039972
                  152.58                      -94.160352
                  152.84                      -93.297125
               153.10001                      -92.452641
                  153.36                      -91.628046
                  153.62                      -90.824105
                  153.88                       -90.04142
                  154.14                       -89.28163
               154.39999                      -88.546483
                  154.66                      -87.837947
                  154.92                      -87.157059
               155.17999                      -86.503929
                  155.44                      -85.878338
                   155.7                      -85.279959
               155.96001                      -84.709174
                  156.22                      -84.166583
                  156.48                      -83.652953
               156.74001                      -83.168501
                     157                      -82.712846
               157.25999                      -82.284729
                  157.52                      -81.883497
                  157.78                      -81.508602
               158.03999                      -81.160043
                   158.3                      -80.837986
                  158.56                      -80.542375
               158.81999                      -80.272174
                  159.08                      -80.026341
                  159.34                       -79.80384
               159.60001                      -79.603744
                  159.86                      -79.425885
                  160.12                      -79.270157
                  160.38                      -79.136286
                  160.64                      -79.023505
               160.89999                      -78.930778
                  161.16                      -78.856958
                  161.42                       -78.80117
               161.67999                      -78.763084
                  161.94                      -78.742539
                   162.2                      -78.739479
               162.46001                      -78.753248
                  162.72                       -78.78281
                  162.98                      -78.827342
               163.24001                      -78.885864
                   163.5                      -78.958154
               163.75999                      -79.043996
                  164.02                      -79.143443
                  164.28                      -79.256005
               164.53999                      -79.380915
                   164.8                       -79.51741
                  165.06                      -79.664615
               165.31999                      -79.822201
                  165.58                      -79.990223
                  165.84                      -80.168573
               166.10001                      -80.357141
                  166.36                      -80.555161
                  166.62                      -80.762089
                  166.88                      -80.977158
                  167.14                      -81.200095
               167.39999                      -81.430682
                  167.66                      -81.669192
                  167.92                      -81.915407
               168.17999                      -82.168944
                  168.44                      -82.429256
                   168.7                      -82.695688
               168.96001                      -82.967749
                  169.22                      -83.245601
                  169.48                      -83.529299
               169.74001                      -83.818735
                     170                      -84.113745
               170.25999                      -84.413945
                  170.52                      -84.718572
                  170.78                      -85.027296
               171.03999                       -85.34001
                   171.3                      -85.656985
                  171.56                      -85.978223
               171.81999                      -86.303613
                  172.08                      -86.632774
                  172.34                      -86.965103
               172.60001                       -87.30022
                  172.86                      -87.638123
                  173.12                      -87.978758
                  173.38                      -88.322453
                  173.64                      -88.669153
               173.89999                      -89.018476
                  174.16                       -89.37004
                  174.42                      -89.723352
               174.67999                      -90.078249
                  174.94                      -90.434894
                   175.2                      -90.793397
               175.46001                      -91.153867
                  175.72                      -91.516195
                  175.98                      -91.879834
               176.24001                      -92.244348
                   176.5                      -92.609571
               176.75999                      -92.975451
                  177.02                      -93.342369
                  177.28                      -93.710379
               177.53999                      -94.079319
                   177.8                      -94.448969
                  178.06                      -94.818728
               178.31999                      -95.188378
                  178.58                      -95.557809
                  178.84                      -95.927349
               179.10001                      -96.297218
                  179.36                      -96.667305
                  179.62                      -97.037337
                  179.88                      -97.406878
                  180.14                      -97.775489
               180.39999                      -98.143117
                  180.66                      -98.509926
                  180.92                      -98.876297
               181.17999                      -99.242068
                  181.44                      -99.607072
                   181.7                      -99.970822
               181.96001                      -100.33288
                  182.22                      -100.69307
                  182.48                      -101.05147
               182.74001                      -101.40838
                     183                      -101.76377
               183.25999                      -102.11758
                  183.52                      -102.46919
                  183.78                      -102.81808
               184.03999                      -103.16385
                   184.3                      -103.50667
                  184.56                      -103.84655
               184.81999                      -104.18357
                  185.08                      -104.51771
                  185.34                      -104.84812
               185.60001                      -105.17433
                  185.86                      -105.49562
                  186.12                      -105.81178
                  186.38                      -106.12291
                  186.64                      -106.42896
               186.89999                      -106.72959
                  187.16                      -107.02417
                  187.42                      -107.31153
               187.67999                      -107.59107
                  187.94                      -107.86193
                   188.2                      -108.12404
               188.46001                      -108.37693
                  188.72                      -108.62035
                  188.98                      -108.85313
               189.24001                       -109.0741
                   189.5                      -109.28184
               189.75999                      -109.47544
                  190.02                      -109.65417
                  190.28                       -109.8176
               190.53999                      -109.96519
                   190.8                      -110.09595
                  191.06                      -110.20851
               191.31999                      -110.30151
                  191.58                      -110.37402
                  191.84                      -110.42593
               192.10001                      -110.45713
                  192.36                      -110.46828
                  192.62                      -110.45937
                  192.88                      -110.43052
                  193.14                      -110.38183
               193.39999                      -110.31419
                  193.66                      -110.22928
                  193.92                      -110.12928
               194.17999                      -110.01721
                  194.44                      -109.89563
                   194.7                      -109.76646
               194.96001                       -109.6321
                  195.22                      -109.49462
                  195.48                      -109.35681
               195.74001                      -109.22179
                     196                       -109.0924
               196.25999                      -108.97104
                  196.52                      -108.85903
                  196.78                      -108.75696
               197.03999                      -108.66494
                   197.3                      -108.58347
                  197.56                      -108.51331
               197.81999                      -108.45485
                  198.08                      -108.40807
                  198.34                      -108.37234
               198.60001                      -108.34583
                  198.86                      -108.32704
                  199.12                      -108.31431
                  199.38                      -108.30726
                  199.64                      -108.30518
               199.89999                      -108.30764
                  200.16                       -108.3136
                  200.42                      -108.32141
               200.67999                      -108.32944
                  200.94                      -108.33633
                   201.2                      -108.34092
               201.46001                      -108.34267
                  201.72                       -108.3407
                  201.98                      -108.33409
               202.24001                      -108.32152
                   202.5                      -108.30223
               202.75999                      -108.27639
                  203.02                      -108.24453
                  203.28                      -108.20776
               203.53999                       -108.1665
                   203.8                      -108.12011
                  204.06                      -108.06689
               204.31999                      -108.00465
                  204.58                      -107.93264
                  204.84                      -107.85106
               205.10001                      -107.76134
                  205.36                      -107.66489
                  205.62                      -107.56211
                  205.88                       -107.4519
                  206.14                      -107.33262
               206.39999                      -107.20301
                  206.66                      -107.06318
                  206.92                      -106.91467
               207.17999                      -106.75932
                  207.44                      -106.59802
                   207.7                      -106.43016
               207.96001                      -106.25405
                  208.22                       -106.0681
                  208.48                      -105.87232
               208.74001                      -105.66807
                     209                      -105.45776
               209.25999                      -105.24285
                  209.52                      -105.02314
                  209.78                      -104.79682
               210.03999                      -104.56191
                   210.3                      -104.31799
                  210.56                      -104.06659
               210.81999                      -103.81037
                  211.08                      -103.55159
                  211.34                       -103.2904
               211.60001                       -103.0249
                  211.86                      -102.75267
                  212.12                      -102.47264
                  212.38                      -102.18626
                  212.64                      -101.89677
               212.89999                      -101.60712
                  213.16                      -101.31806
                  213.42                      -101.02753
               213.67999                      -100.73247
                  213.94                      -100.43096
                   214.2                      -100.12409
               214.46001                      -99.815749
                  214.72                      -99.509975
                  214.98                       -99.20819
               215.24001                      -98.908372
                   215.5                      -98.606259
               215.75999                      -98.298681
                  216.02                      -97.986187
                  216.28                      -97.673256
               216.53999                      -97.365733
                   216.8                      -97.066352
                  217.06                      -96.772927
               217.31999                      -96.479447
                  217.58                      -96.180285
                  217.84                      -95.874894
               218.10001                      -95.568737
                  218.36                      -95.270832
                  218.62                      -94.987024
                  218.88                      -94.715346
                  219.14                      -94.445854
               219.39999                      -94.167127
                  219.66                      -93.874468
                  219.92                      -93.576453
               220.17999                      -93.293902
                  220.44                      -93.050037
                   220.7                      -92.858409
               220.96001                      -92.712735
                  221.22                       -92.58766
                  221.48                      -92.448106
               221.74001                      -92.264401
                     222                      -92.025126
               222.25999                      -91.741864
                  222.52                      -91.442593
                  222.78                      -91.157582
               223.03999                      -90.906177
                   223.3                      -90.690015
                  223.56                      -90.496529
               223.81999                         -90.309
                  224.08                      -90.116552
                  224.34                      -89.918641
               224.60001                      -89.723188
                  224.86                      -89.539593
                  225.12                      -89.372444
                  225.38                      -89.218738
                  225.64                      -89.071369
               225.89999                      -88.923837
                  226.16                      -88.774611
                  226.42                      -88.627462
               226.67999                      -88.488345
                  226.94                      -88.361084
                   227.2                      -88.244971
               227.46001                      -88.135634
                  227.72                      -88.028318
                  227.98                      -87.921166
               228.24001                      -87.815926
                   228.5                      -87.716861
               228.75999                      -87.627249
                  229.02                      -87.547308
                  229.28                      -87.474198
               229.53999                      -87.404093
                   229.8                      -87.335026
                  230.06                      -87.267817
               230.31999                      -87.205471
                  230.58                      -87.150775
                  230.84                      -87.104493
               231.10001                      -87.064878
                  231.36                      -87.028815
                  231.62                      -86.994118
                  231.88                       -86.96106
                  232.14                      -86.931772
               232.39999                      -86.908768
                  232.66                      -86.893086
                  232.92                      -86.883633
               233.17999                      -86.877895
                  233.44                      -86.873742
                   233.7                      -86.870956
               233.96001                      -86.870956
                  234.22                      -86.876092
                  234.48                      -86.887457
               234.74001                       -86.90456
                     235                      -86.925379
               235.25999                      -86.947891
                  235.52                      -86.971442
                  235.78                      -86.997068
               236.03999                       -87.02663
                   236.3                      -87.061436
                  236.56                      -87.101488
               236.81999                      -87.145147
                  237.08                      -87.190499
                  237.34                      -87.236617
               237.60001                        -87.2841
                  237.86                      -87.334589
                  238.12                      -87.389449
                  238.38                      -87.448899
                  238.64                      -87.511791
               238.89999                      -87.576378
                  239.16                      -87.641565
                  239.42                      -87.707463
               239.67999                      -87.775491
                  239.94                      -87.847126
                   240.2                       -87.92275
               240.46001                      -88.001543
                  240.72                      -88.081976
                  240.98                        -88.1629
               241.24001                      -88.244097
                   241.5                      -88.326715
               241.75999                      -88.412065
                  242.02                      -88.500857
                  242.28                      -88.592655
               242.53999                      -88.686038
                   242.8                      -88.779802
                  243.06                      -88.873458
               243.31999                      -88.967933
                  243.58                       -89.06443
                  243.84                      -89.163878
               244.10001                      -89.266057
                  244.36                      -89.369822
                  244.62                      -89.473804
                  244.88                      -89.577623
                  245.14                      -89.681661
               245.39999                      -89.787119
                  245.66                      -89.895036
                  245.92                      -90.005302
               246.17999                      -90.117263
                  246.44                      -90.229496
                   246.7                      -90.341293
               246.96001                       -90.45298
                  247.22                      -90.565542
                  247.48                      -90.680016
               247.74001                      -90.796675
                     248                      -90.914974
               248.25999                      -91.033656
                  248.52                      -91.151791
                  248.78                      -91.269543
               249.03999                      -91.387623
                   249.3                      -91.507179
                  249.56                      -91.628811
               249.81999                      -91.751809
                  250.08                      -91.875408
                  250.34                      -91.998515
               250.60001                      -92.120912
                  250.86                      -92.243309
                  251.12                       -92.36669
                  251.38                      -92.491819
                  251.64                      -92.618533
               251.89999                      -92.745738
                  252.16                      -92.872452
                  252.42                      -92.998346
               252.67999                      -93.123912
                  252.94                      -93.250079
                   253.2                      -93.377613
               253.46001                      -93.506676
                  253.72                       -93.63634
                  253.98                      -93.765622
               254.24001                      -93.893975
                   254.5                      -94.021617
               254.75999                      -94.149479
                  255.02                      -94.278432
                  255.28                      -94.408752
               255.53999                      -94.539728
                   255.8                      -94.670485
                  256.06                      -94.800095
               256.32001                      -94.928776
               256.57999                      -95.057293
                  256.84                      -95.186574
               257.10001                      -95.317059
               257.35999                      -95.448307
                  257.62                      -95.579228
                  257.88                      -95.709111
               258.13998                      -95.837792
               258.39999                      -95.965872
                  258.66                      -96.094333
               258.92001                      -96.223834
               259.17999                       -96.35399
                  259.44                      -96.483983
               259.70001                      -96.612936
               259.95999                      -96.740415
                  260.22                      -96.866856
               260.48001                       -96.99346
               260.73999                      -97.120666
                     261                      -97.248581
               261.26001                      -97.376388
               261.51999                      -97.503102
                  261.78                      -97.628121
               262.04001                      -97.751885
               262.29999                       -97.87532
                  262.56                      -97.999082
               262.82001                      -98.123501
               263.07999                      -98.247756
                  263.34                      -98.370809
               263.60001                      -98.492223
               263.85999                      -98.612105
                  264.12                      -98.731005
                  264.38                      -98.850179
               264.63998                       -98.96957
               264.89999                      -99.089072
                  265.16                      -99.207316
               265.42001                      -99.323921
               265.67999                      -99.438559
                  265.94                       -99.55194
               266.20001                      -99.664993
               266.45999                      -99.778374
                  266.72                      -99.891646
               266.98001                      -100.00382
               267.23999                      -100.11431
                   267.5                       -100.2225
               267.76001                      -100.32916
               268.01999                      -100.43511
                  268.28                      -100.54106
               268.54001                      -100.64701
               268.79999                      -100.75203
                  269.06                      -100.85503
               269.32001                      -100.95573
               269.57999                      -101.05453
                  269.84                      -101.15217
               270.10001                       -101.2496
               270.35999                      -101.34697
                  270.62                      -101.44341
                  270.88                      -101.53805
               271.13998                      -101.63007
               271.39999                       -101.7199
                  271.66                      -101.80831
               271.92001                      -101.89606
               272.17999                      -101.98371
                  272.44                      -102.07064
               272.70001                      -102.15555
               272.95999                      -102.23795
                  273.22                      -102.31778
               273.48001                       -102.3957
               273.73999                      -102.47286
                     274                      -102.54974
               274.26001                       -102.6258
               274.51999                      -102.70011
                  274.78                       -102.7718
               275.04001                      -102.84054
               275.29999                      -102.90715
                  275.56                       -102.9725
               275.82001                      -103.03741
               276.07999                      -103.10151
                  276.34                      -103.16402
               276.60001                      -103.22379
               276.85999                      -103.28057
                  277.12                      -103.33477
                  277.38                      -103.38728
               277.63998                      -103.43903
               277.89999                      -103.49017
                  278.16                      -103.53973
               278.42001                      -103.58661
               278.67999                      -103.63005
                  278.94                      -103.67071
               279.20001                      -103.70928
               279.45999                      -103.74688
                  279.72                      -103.78371
               279.98001                      -103.81895
               280.23999                      -103.85168
                   280.5                      -103.88091
               280.76001                      -103.90681
               281.01999                      -103.93025
                  281.28                      -103.95238
               281.54001                      -103.97369
               281.79999                      -103.99353
                  282.06                       -104.0108
               282.32001                      -104.02451
               282.57999                      -104.03457
                  282.84                      -104.04167
               283.10001                      -104.04719
               283.35999                      -104.05172
                  283.62                      -104.05489
                  283.88                      -104.05555
               284.13998                      -104.05254
               284.39999                      -104.04566
                  284.66                      -104.03555
               284.92001                      -104.02331
               285.17999                      -104.00992
                  285.44                      -103.99528
               285.70001                      -103.97839
               285.95999                       -103.9579
                  286.22                      -103.93331
               286.48001                      -103.90506
               286.73999                      -103.87458
                     287                      -103.84277
               287.26001                      -103.80993
               287.51999                      -103.77502
                  287.78                      -103.73677
               288.04001                      -103.69448
               288.29999                      -103.64836
                  288.56                      -103.59984
               288.82001                      -103.55006
               289.07999                      -103.49952
                  289.34                       -103.4475
               289.60001                      -103.39269
               289.85999                      -103.33412
                  290.12                      -103.27193
                  290.38                      -103.20746
               290.63998                      -103.14205
               290.89999                      -103.07648
                  291.16                      -103.01031
               291.42001                      -102.94234
               291.67999                      -102.87136
                  291.94                      -102.79743
               292.20001                      -102.72169
               292.45999                      -102.64574
                  292.72                      -102.57072
               292.98001                      -102.49641
               293.23999                      -102.42166
                   293.5                      -102.34521
               293.76001                      -102.26697
               294.01999                      -102.18785
                  294.28                       -102.1096
               294.54001                      -102.03365
               294.79999                      -101.95988
                  295.06                      -101.88754
               295.32001                      -101.81503
               295.57999                      -101.74203
                  295.84                      -101.66919
               296.10001                      -101.59837
               296.35999                      -101.53095
                  296.62                      -101.46729
                  296.88                      -101.40636
               297.13998                       -101.3468
               297.39999                      -101.28757
                  297.66                      -101.22932
               297.92001                      -101.17332
               298.17999                      -101.12135
                  298.44                      -101.07381
               298.70001                      -101.02972
               298.95999                      -100.98754
                  299.22                       -100.9459
               299.48001                      -100.90492
               299.73999                       -100.8658
                     300                      -100.83006

