        Frequency / MHz                S1,1 (12)/abs,dB
----------------------------------------------------------------------
                      40                      -5.9815193
               40.259998                      -6.0309526
                   40.52                      -6.0800218
               40.779999                      -6.1287109
               41.040001                      -6.1770073
               41.299999                      -6.2248979
               41.560001                      -6.2723697
                   41.82                      -6.3194115
               42.079998                      -6.3660129
                   42.34                      -6.4121642
               42.599998                       -6.457859
               42.860001                      -6.5030874
               43.119999                      -6.5478438
               43.380001                      -6.5921231
               43.639999                      -6.6359204
               43.900002                       -6.679233
                   44.16                       -6.722057
               44.419998                      -6.7643914
                   44.68                      -6.8062343
               44.939999                      -6.8475862
               45.200001                      -6.8884469
               45.459999                      -6.9288186
               45.720001                      -6.9687016
                   45.98                      -7.0080995
               46.240002                      -7.0470148
                    46.5                       -7.085453
               46.759998                      -7.1234182
                   47.02                      -7.1609165
               47.279999                      -7.1979539
               47.540001                      -7.2345397
               47.799999                      -7.2706817
               48.060001                      -7.3063914
                   48.32                      -7.3416775
               48.579998                      -7.3765536
                   48.84                      -7.4110311
               49.099998                      -7.4451247
               49.360001                      -7.4788487
               49.619999                      -7.5122199
               49.880001                      -7.5452532
               50.139999                      -7.5779649
               50.400002                       -7.610374
                   50.66                      -7.6424979
               50.919998                      -7.6743553
                   51.18                      -7.7059656
               51.439999                      -7.7373493
               51.700001                      -7.7685254
               51.959999                      -7.7995148
               52.220001                      -7.8303403
                   52.48                      -7.8610235
               52.740002                      -7.8915861
                      53                      -7.9220529
               53.259998                      -7.9524469
                   53.52                      -7.9827929
               53.779999                      -8.0131167
               54.040001                      -8.0434432
               54.299999                      -8.0738006
               54.560001                      -8.1042146
                   54.82                      -8.1347133
               55.079998                       -8.165325
                   55.34                      -8.1960776
               55.599998                      -8.2270012
               55.860001                       -8.258125
               56.119999                      -8.2894791
               56.380001                      -8.3210945
               56.639999                      -8.3530018
               56.900002                      -8.3852325
                   57.16                      -8.4178189
               57.419998                      -8.4507934
                   57.68                      -8.4841898
               57.939999                      -8.5180417
               58.200001                      -8.5523835
               58.459999                      -8.5872504
               58.720001                      -8.6226776
                   58.98                      -8.6587011
               59.240002                      -8.6953598
                    59.5                      -8.7326888
               59.759998                      -8.7707277
                   60.02                      -8.8095145
               60.279999                      -8.8490891
               60.540001                       -8.889491
               60.799999                      -8.9307591
               61.060001                      -8.9729369
                   61.32                      -9.0160623
               61.579998                      -9.0601795
                   61.84                      -9.1053312
               62.099998                      -9.1515589
               62.360001                      -9.1989067
               62.619999                      -9.2474188
               62.880001                      -9.2971399
               63.139999                      -9.3481166
               63.400002                      -9.4003928
                   63.66                      -9.4540171
               63.919998                      -9.5090346
                   64.18                      -9.5654937
               64.440002                      -9.6234429
               64.699997                       -9.682931
               64.959999                      -9.7440044
               65.220001                      -9.8067148
               65.480003                      -9.8711097
               65.739998                       -9.937239
                      66                      -10.005152
               66.260002                      -10.074899
               66.519997                      -10.146527
               66.779999                      -10.220088
               67.040001                       -10.29563
               67.300003                      -10.373201
               67.559998                       -10.45285
                   67.82                      -10.534624
               68.080002                      -10.618571
               68.339996                      -10.704736
               68.599998                      -10.793165
               68.860001                      -10.883903
               69.120003                      -10.976993
               69.379997                      -11.072472
               69.639999                      -11.170384
               69.900002                      -11.270762
               70.159996                      -11.373644
               70.419998                      -11.479058
                   70.68                      -11.587037
               70.940002                      -11.697602
               71.199997                      -11.810777
               71.459999                      -11.926579
               71.720001                      -12.045019
               71.980003                      -12.166107
               72.239998                      -12.289843
                    72.5                      -12.416225
               72.760002                      -12.545243
               73.019997                       -12.67688
               73.279999                      -12.811111
               73.540001                      -12.947905
               73.800003                      -13.087221
               74.059998                      -13.229009
                   74.32                      -13.373207
               74.580002                      -13.519748
               74.839996                      -13.668548
               75.099998                      -13.819516
               75.360001                      -13.972544
               75.620003                      -14.127513
               75.879997                       -14.28429
               76.139999                       -14.44273
               76.400002                       -14.60267
               76.659996                      -14.763935
               76.919998                      -14.926329
                   77.18                      -15.089649
               77.440002                      -15.253669
               77.699997                      -15.418151
               77.959999                      -15.582842
               78.220001                      -15.747475
               78.480003                      -15.911767
               78.739998                      -16.075426
                      79                      -16.238145
               79.260002                      -16.399612
               79.519997                      -16.559503
               79.779999                      -16.717492
               80.040001                      -16.873251
               80.300003                      -17.026451
               80.559998                      -17.176765
                   80.82                      -17.323876
               81.080002                      -17.467477
               81.339996                      -17.607275
               81.599998                      -17.742996
               81.860001                      -17.874389
               82.120003                      -18.001226
               82.379997                      -18.123306
               82.639999                      -18.240467
               82.900002                      -18.352574
               83.159996                      -18.459532
               83.419998                      -18.561283
                   83.68                      -18.657805
               83.940002                      -18.749117
               84.199997                      -18.835272
               84.459999                      -18.916364
               84.720001                      -18.992516
               84.980003                      -19.063887
               85.239998                      -19.130662
                    85.5                      -19.193054
               85.760002                      -19.251297
               86.019997                      -19.305643
               86.279999                      -19.356363
               86.540001                      -19.403733
               86.800003                      -19.448044
               87.059998                      -19.489585
                   87.32                      -19.528654
               87.580002                      -19.565542
               87.839996                       -19.60054
               88.099998                      -19.633932
               88.360001                      -19.665997
               88.620003                      -19.697001
               88.879997                      -19.727205
               89.139999                      -19.756857
               89.400002                      -19.786193
               89.659996                      -19.815437
               89.919998                      -19.844803
                   90.18                       -19.87449
               90.440002                      -19.904687
               90.699997                      -19.935568
               90.959999                      -19.967297
               91.220001                      -20.000028
               91.480003                        -20.0339
               91.739998                      -20.069045
                      92                      -20.105583
               92.260002                      -20.143624
               92.519997                      -20.183272
               92.779999                       -20.22462
               93.040001                      -20.267753
               93.300003                      -20.312754
               93.559998                      -20.359693
                   93.82                      -20.408638
               94.080002                      -20.459652
               94.339996                      -20.512792
               94.599998                      -20.568111
               94.860001                      -20.625661
               95.120003                      -20.685485
               95.379997                      -20.747628
               95.639999                      -20.812131
               95.900002                       -20.87903
               96.159996                      -20.948363
               96.419998                      -21.020162
                   96.68                       -21.09446
               96.940002                      -21.171287
               97.199997                      -21.250675
               97.459999                      -21.332651
               97.720001                      -21.417243
               97.980003                       -21.50448
               98.239998                      -21.594391
                    98.5                      -21.687004
               98.760002                      -21.782349
               99.019997                      -21.880456
               99.279999                      -21.981359
               99.540001                      -22.085089
               99.800003                      -22.191681
                  100.06                      -22.301174
                  100.32                      -22.413602
                  100.58                      -22.529007
                  100.84                      -22.647431
                   101.1                      -22.768914
                  101.36                      -22.893502
                  101.62                      -23.021244
                  101.88                      -23.152184
                  102.14                      -23.286377
                   102.4                      -23.423873
                  102.66                      -23.564728
                  102.92                      -23.709002
                  103.18                      -23.856757
                  103.44                      -24.008059
                   103.7                      -24.162978
                  103.96                      -24.321589
                  104.22                      -24.483971
                  104.48                      -24.650207
                  104.74                      -24.820388
                     105                      -24.994604
                  105.26                      -25.172955
                  105.52                      -25.355542
                  105.78                      -25.542472
                  106.04                      -25.733854
                   106.3                      -25.929801
                  106.56                      -26.130428
                  106.82                      -26.335856
                  107.08                      -26.546205
                  107.34                      -26.761602
                   107.6                      -26.982173
                  107.86                      -27.208046
                  108.12                      -27.439355
                  108.38                      -27.676233
                  108.64                      -27.918816
                   108.9                      -28.167238
                  109.16                      -28.421632
                  109.42                      -28.682126
                  109.68                      -28.948841
                  109.94                      -29.221881
                   110.2                      -29.501331
                  110.46                       -29.78725
                  110.72                      -30.079654
                  110.98                      -30.378507
                  111.24                      -30.683707
                   111.5                      -30.995061
                  111.76                      -31.312265
                  112.02                      -31.634877
                  112.28                      -31.962282
                  112.54                      -32.293653
                   112.8                       -32.62791
                  113.06                      -32.963667
                  113.32                      -33.299182
                  113.58                      -33.632301
                  113.84                      -33.960406
                   114.1                      -34.280372
                  114.36                      -34.588551
                  114.62                      -34.880779
                  114.88                      -35.152441
                  115.14                      -35.398596
                   115.4                      -35.614182
                  115.66                      -35.794287
                  115.92                       -35.93449
                  116.18                      -36.031212
                  116.44                      -36.082047
                   116.7                      -36.086004
                  116.96                      -36.043605
                  117.22                      -35.956836
                  117.48                      -35.828942
                  117.74                      -35.664126
                     118                      -35.467188
                  118.26                       -35.24318
                  118.52                      -34.997103
                  118.78                      -34.733686
                  119.04                      -34.457229
                   119.3                      -34.171529
                  119.56                      -33.879846
                  119.82                      -33.584926
                  120.08                       -33.28903
                  120.34                      -32.993992
                   120.6                      -32.701272
                  120.86                      -32.412012
                  121.12                       -32.12709
                  121.38                      -31.847165
                  121.64                      -31.572718
                   121.9                      -31.304085
                  122.16                      -31.041489
                  122.42                      -30.785062
                  122.68                      -30.534863
                  122.94                      -30.290898
                   123.2                      -30.053126
                  123.46                      -29.821476
                  123.72                      -29.595851
                  123.98                      -29.376136
                  124.24                        -29.1622
                   124.5                      -28.953905
                  124.76                      -28.751104
                  125.02                      -28.553649
                  125.28                      -28.361388
                  125.54                      -28.174169
                   125.8                      -27.991841
                  126.06                      -27.814256
                  126.32                      -27.641269
                  126.58                      -27.472738
                  126.84                      -27.308525
                   127.1                      -27.148499
                  127.36                       -26.99253
                  127.62                      -26.840498
                  127.88                      -26.692281
                  128.14                      -26.547768
               128.39999                      -26.406847
                  128.66                      -26.269416
                  128.92                      -26.135373
               129.17999                       -26.00462
                  129.44                      -25.877065
                   129.7                      -25.752618
               129.96001                      -25.631191
                  130.22                      -25.512702
                  130.48                      -25.397073
               130.74001                      -25.284223
                     131                      -25.174082
               131.25999                      -25.066577
                  131.52                      -24.961641
                  131.78                      -24.859211
               132.03999                      -24.759223
                   132.3                      -24.661618
                  132.56                       -24.56634
               132.81999                      -24.473336
                  133.08                      -24.382552
                  133.34                      -24.293939
               133.60001                      -24.207449
                  133.86                      -24.123037
                  134.12                      -24.040657
                  134.38                      -23.960268
                  134.64                      -23.881827
               134.89999                      -23.805294
                  135.16                      -23.730633
                  135.42                      -23.657806
               135.67999                      -23.586778
                  135.94                      -23.517514
                   136.2                      -23.449982
               136.46001                      -23.384151
                  136.72                       -23.31999
                  136.98                      -23.257474
               137.24001                      -23.196573
                   137.5                       -23.13726
               137.75999                      -23.079513
                  138.02                      -23.023305
                  138.28                      -22.968615
               138.53999                      -22.915422
                   138.8                      -22.863702
                  139.06                      -22.813436
               139.31999                      -22.764603
                  139.58                      -22.717185
                  139.84                      -22.671164
               140.10001                      -22.626521
                  140.36                      -22.583241
                  140.62                      -22.541307
                  140.88                      -22.500704
                  141.14                      -22.461418
               141.39999                      -22.423434
                  141.66                      -22.386743
                  141.92                      -22.351328
               142.17999                       -22.31718
                  142.44                      -22.284289
                   142.7                      -22.252644
               142.96001                      -22.222236
                  143.22                      -22.193055
                  143.48                      -22.165093
               143.74001                      -22.138342
                     144                      -22.112796
               144.25999                      -22.088446
                  144.52                      -22.065287
                  144.78                      -22.043311
               145.03999                      -22.022515
                   145.3                      -22.002894
                  145.56                      -21.984442
               145.81999                      -21.967157
                  146.08                      -21.951037
                  146.34                      -21.936078
               146.60001                      -21.922279
                  146.86                       -21.90964
                  147.12                      -21.898157
                  147.38                      -21.887834
                  147.64                      -21.878671
               147.89999                      -21.870667
                  148.16                      -21.863824
                  148.42                      -21.858146
               148.67999                      -21.853634
                  148.94                      -21.850291
                   149.2                       -21.84812
               149.46001                      -21.847128
                  149.72                      -21.847318
                  149.98                      -21.848695
               150.24001                      -21.851265
                   150.5                      -21.855036
               150.75999                      -21.860015
                  151.02                       -21.86621
                  151.28                       -21.87363
               151.53999                      -21.882286
                   151.8                      -21.892185
                  152.06                       -21.90334
               152.31999                      -21.915761
                  152.58                      -21.929462
                  152.84                      -21.944455
               153.10001                      -21.960752
                  153.36                      -21.978368
                  153.62                      -21.997317
                  153.88                      -22.017614
                  154.14                      -22.039275
               154.39999                      -22.062316
                  154.66                      -22.086755
                  154.92                      -22.112609
               155.17999                      -22.139896
                  155.44                      -22.168635
                   155.7                      -22.198846
               155.96001                      -22.230547
                  156.22                      -22.263761
                  156.48                      -22.298506
               156.74001                      -22.334804
                     157                      -22.372676
               157.25999                      -22.412142
                  157.52                      -22.453223
                  157.78                      -22.495939
               158.03999                       -22.54031
                   158.3                      -22.586355
                  158.56                       -22.63409
               158.81999                      -22.683535
                  159.08                      -22.734703
                  159.34                      -22.787609
               159.60001                      -22.842265
                  159.86                      -22.898677
                  160.12                      -22.956853
                  160.38                      -23.016796
                  160.64                      -23.078503
               160.89999                      -23.141966
                  161.16                      -23.207173
                  161.42                      -23.274105
               161.67999                      -23.342735
                  161.94                      -23.413027
                   162.2                      -23.484937
               162.46001                      -23.558409
                  162.72                      -23.633373
                  162.98                      -23.709749
               163.24001                      -23.787441
                   163.5                      -23.866336
               163.75999                      -23.946301
                  164.02                      -24.027187
                  164.28                      -24.108822
               164.53999                      -24.191013
                   164.8                       -24.27354
                  165.06                       -24.35616
               165.31999                      -24.438602
                  165.58                       -24.52057
                  165.84                      -24.601737
               166.10001                      -24.681749
                  166.36                      -24.760228
                  166.62                      -24.836767
                  166.88                      -24.910938
                  167.14                      -24.982293
               167.39999                      -25.050367
                  167.66                      -25.114686
                  167.92                      -25.174775
               168.17999                      -25.230159
                  168.44                      -25.280379
                   168.7                      -25.324998
               168.96001                      -25.363609
                  169.22                      -25.395846
                  169.48                        -25.4214
               169.74001                      -25.440017
                     170                      -25.451512
               170.25999                      -25.455777
                  170.52                      -25.452781
                  170.78                      -25.442577
               171.03999                      -25.425295
                   171.3                      -25.401151
                  171.56                      -25.370431
               171.81999                      -25.333491
                  172.08                      -25.290748
                  172.34                      -25.242671
               172.60001                      -25.189767
                  172.86                      -25.132579
                  173.12                      -25.071662
                  173.38                      -25.007587
                  173.64                      -24.940922
               173.89999                      -24.872226
                  174.16                      -24.802042
                  174.42                      -24.730892
               174.67999                      -24.659266
                  174.94                      -24.587628
                   175.2                      -24.516402
               175.46001                      -24.445978
                  175.72                      -24.376709
                  175.98                       -24.30891
               176.24001                      -24.242859
                   176.5                      -24.178799
               176.75999                      -24.116938
                  177.02                      -24.057451
                  177.28                      -24.000485
               177.53999                      -23.946157
                   177.8                      -23.894559
                  178.06                      -23.845759
               178.31999                      -23.799804
                  178.58                      -23.756723
                  178.84                      -23.716524
               179.10001                      -23.679206
                  179.36                      -23.644747
                  179.62                      -23.613124
                  179.88                      -23.584293
                  180.14                       -23.55821
               180.39999                      -23.534821
                  180.66                      -23.514063
                  180.92                      -23.495872
               181.17999                      -23.480179
                  181.44                      -23.466911
                   181.7                      -23.455994
               181.96001                      -23.447352
                  182.22                      -23.440906
                  182.48                       -23.43658
               182.74001                      -23.434292
                     183                      -23.433965
               183.25999                       -23.43552
                  183.52                      -23.438879
                  183.78                      -23.443967
               184.03999                      -23.450706
                   184.3                      -23.459022
                  184.56                       -23.46884
               184.81999                      -23.480087
                  185.08                      -23.492691
                  185.34                      -23.506585
               185.60001                      -23.521698
                  185.86                      -23.537962
                  186.12                      -23.555312
                  186.38                      -23.573683
                  186.64                      -23.593011
               186.89999                      -23.613234
                  187.16                      -23.634293
                  187.42                      -23.656124
               187.67999                      -23.678672
                  187.94                       -23.70188
                   188.2                      -23.725688
               188.46001                      -23.750043
                  188.72                      -23.774888
                  188.98                      -23.800174
               189.24001                      -23.825843
                   189.5                      -23.851846
               189.75999                      -23.878133
                  190.02                       -23.90465
                  190.28                       -23.93135
               190.53999                      -23.958185
                   190.8                      -23.985105
                  191.06                      -24.012063
               191.31999                      -24.039012
                  191.58                      -24.065908
                  191.84                      -24.092704
               192.10001                      -24.119356
                  192.36                       -24.14582
                  192.62                      -24.172052
                  192.88                       -24.19801
                  193.14                      -24.223652
               193.39999                      -24.248937
                  193.66                      -24.273823
                  193.92                      -24.298271
               194.17999                      -24.322242
                  194.44                      -24.345696
                   194.7                      -24.368598
               194.96001                       -24.39091
                  195.22                      -24.412596
                  195.48                      -24.433621
               195.74001                      -24.453951
                     196                      -24.473555
               196.25999                      -24.492399
                  196.52                      -24.510452
                  196.78                      -24.527686
               197.03999                      -24.544072
                   197.3                      -24.559582
                  197.56                       -24.57419
               197.81999                      -24.587873
                  198.08                      -24.600605
                  198.34                      -24.612365
               198.60001                      -24.623132
                  198.86                      -24.632886
                  199.12                      -24.641609
                  199.38                      -24.649287
                  199.64                      -24.655903
               199.89999                      -24.661444
                  200.16                      -24.665898
                  200.42                      -24.669255
               200.67999                      -24.671507
                  200.94                      -24.672646
                   201.2                      -24.672668
               201.46001                      -24.671567
                  201.72                      -24.669342
                  201.98                      -24.665991
               202.24001                      -24.661517
                   202.5                      -24.655919
               202.75999                      -24.649203
                  203.02                      -24.641373
                  203.28                      -24.632436
               203.53999                      -24.622399
                   203.8                      -24.611272
                  204.06                      -24.599066
               204.31999                      -24.585793
                  204.58                      -24.571465
                  204.84                      -24.556096
               205.10001                      -24.539702
                  205.36                      -24.522301
                  205.62                      -24.503908
                  205.88                      -24.484542
                  206.14                      -24.464223
               206.39999                       -24.44297
                  206.66                      -24.420804
                  206.92                      -24.397745
               207.17999                      -24.373816
                  207.44                      -24.349041
                   207.7                      -24.323441
               207.96001                       -24.29704
                  208.22                      -24.269863
                  208.48                      -24.241934
               208.74001                      -24.213277
                     209                      -24.183917
               209.25999                      -24.153879
                  209.52                      -24.123188
                  209.78                       -24.09187
               210.03999                      -24.059948
                   210.3                      -24.027449
                  210.56                      -23.994393
               210.81999                       -23.96081
                  211.08                      -23.926721
                  211.34                      -23.892149
               211.60001                      -23.857119
                  211.86                      -23.821654
                  212.12                      -23.785778
                  212.38                      -23.749512
                  212.64                      -23.712878
               212.89999                      -23.675901
                  213.16                      -23.638602
                  213.42                      -23.601002
               213.67999                      -23.563123
                  213.94                      -23.524986
                   214.2                      -23.486612
               214.46001                      -23.448021
                  214.72                      -23.409234
                  214.98                      -23.370271
               215.24001                      -23.331149
                   215.5                      -23.291886
               215.75999                      -23.252503
                  216.02                      -23.213014
                  216.28                      -23.173437
               216.53999                      -23.133789
                   216.8                      -23.094085
                  217.06                      -23.054339
               217.31999                      -23.014568
                  217.58                      -22.974785
                  217.84                      -22.935005
               218.10001                      -22.895241
                  218.36                      -22.855505
                  218.62                      -22.815811
                  218.88                       -22.77617
                  219.14                      -22.736595
               219.39999                      -22.697097
                  219.66                      -22.657687
                  219.92                      -22.618376
               220.17999                      -22.579173
                  220.44                      -22.540089
                   220.7                      -22.501133
               220.96001                      -22.462314
                  221.22                       -22.42364
                  221.48                      -22.385118
               221.74001                      -22.346759
                     222                      -22.308568
               222.25999                      -22.270554
                  222.52                      -22.232723
                  222.78                      -22.195081
               223.03999                      -22.157637
                   223.3                      -22.120395
                  223.56                      -22.083361
               223.81999                      -22.046541
                  224.08                      -22.009942
                  224.34                      -21.973567
               224.60001                      -21.937423
                  224.86                      -21.901511
                  225.12                      -21.865839
                  225.38                      -21.830409
                  225.64                      -21.795226
               225.89999                      -21.760294
                  226.16                      -21.725615
                  226.42                      -21.691194
               226.67999                      -21.657033
                  226.94                      -21.623135
                   227.2                      -21.589504
               227.46001                      -21.556142
                  227.72                      -21.523052
                  227.98                      -21.490235
               228.24001                      -21.457696
                   228.5                      -21.425436
               228.75999                      -21.393456
                  229.02                      -21.361759
                  229.28                      -21.330347
               229.53999                       -21.29922
                   229.8                      -21.268381
                  230.06                      -21.237832
               230.31999                      -21.207572
                  230.58                      -21.177604
                  230.84                      -21.147929
               231.10001                      -21.118548
                  231.36                      -21.089461
                  231.62                      -21.060671
                  231.88                      -21.032175
                  232.14                      -21.003978
               232.39999                      -20.976078
                  232.66                      -20.948478
                  232.92                      -20.921176
               233.17999                      -20.894174
                  233.44                      -20.867473
                   233.7                      -20.841073
               233.96001                      -20.814972
                  234.22                      -20.789174
                  234.48                      -20.763678
               234.74001                      -20.738482
                     235                      -20.713588
               235.25999                      -20.688996
                  235.52                      -20.664705
                  235.78                      -20.640717
               236.03999                      -20.617029
                   236.3                      -20.593644
                  236.56                      -20.570561
               236.81999                      -20.547778
                  237.08                      -20.525297
                  237.34                      -20.503118
               237.60001                       -20.48124
                  237.86                      -20.459662
                  238.12                      -20.438386
                  238.38                       -20.41741
                  238.64                      -20.396735
               238.89999                      -20.376359
                  239.16                      -20.356282
                  239.42                      -20.336504
               239.67999                      -20.317025
                  239.94                      -20.297843
                   240.2                       -20.27896
               240.46001                      -20.260373
                  240.72                      -20.242083
                  240.98                      -20.224088
               241.24001                      -20.206391
                   241.5                      -20.188987
               241.75999                      -20.171879
                  242.02                      -20.155066
                  242.28                      -20.138545
               242.53999                      -20.122318
                   242.8                      -20.106384
                  243.06                      -20.090741
               243.31999                       -20.07539
                  243.58                      -20.060328
                  243.84                      -20.045557
               244.10001                      -20.031075
                  244.36                      -20.016881
                  244.62                      -20.002974
                  244.88                      -19.989354
                  245.14                       -19.97602
               245.39999                      -19.962971
                  245.66                      -19.950207
                  245.92                      -19.937727
               246.17999                      -19.925529
                  246.44                      -19.913614
                   246.7                      -19.901981
               246.96001                      -19.890628
                  247.22                      -19.879554
                  247.48                       -19.86876
               247.74001                      -19.858242
                     248                      -19.848003
               248.25999                      -19.838039
                  248.52                       -19.82835
                  248.78                      -19.818935
               249.03999                      -19.809792
                   249.3                      -19.800921
                  249.56                      -19.792321
               249.81999                      -19.783991
                  250.08                      -19.775929
                  250.34                      -19.768135
               250.60001                      -19.760608
                  250.86                      -19.753346
                  251.12                      -19.746349
                  251.38                      -19.739616
                  251.64                      -19.733144
               251.89999                      -19.726935
                  252.16                      -19.720984
                  252.42                      -19.715292
               252.67999                      -19.709859
                  252.94                       -19.70468
                   253.2                      -19.699756
               253.46001                      -19.695087
                  253.72                      -19.690668
                  253.98                      -19.686501
               254.24001                      -19.682583
                   254.5                      -19.678912
               254.75999                       -19.67549
                  255.02                      -19.672312
                  255.28                       -19.66938
               255.53999                      -19.666689
                   255.8                       -19.66424
                  256.06                      -19.662031
               256.32001                      -19.660061
               256.57999                      -19.658328
                  256.84                      -19.656831
               257.10001                      -19.655566
               257.35999                      -19.654535
                  257.62                      -19.653735
                  257.88                      -19.653163
               258.13998                      -19.652819
               258.39999                        -19.6527
                  258.66                      -19.652806
               258.92001                      -19.653134
               259.17999                      -19.653684
                  259.44                      -19.654453
               259.70001                      -19.655439
               259.95999                      -19.656642
                  260.22                      -19.658058
               260.48001                      -19.659688
               260.73999                      -19.661528
                     261                      -19.663577
               261.26001                      -19.665833
               261.51999                      -19.668294
                  261.78                      -19.670959
               262.04001                      -19.673824
               262.29999                      -19.676888
                  262.56                       -19.68015
               262.82001                      -19.683606
               263.07999                      -19.687255
                  263.34                      -19.691095
               263.60001                      -19.695123
               263.85999                      -19.699339
                  264.12                       -19.70374
                  264.38                      -19.708321
               264.63998                      -19.713084
               264.89999                      -19.718024
                  265.16                      -19.723139
               265.42001                      -19.728428
               265.67999                      -19.733887
                  265.94                      -19.739514
               266.20001                      -19.745306
               266.45999                       -19.75126
                  266.72                      -19.757374
               266.98001                      -19.763646
               267.23999                      -19.770071
                   267.5                      -19.776647
               267.76001                      -19.783372
               268.01999                      -19.790242
                  268.28                      -19.797254
               268.54001                      -19.804406
               268.79999                      -19.811695
                  269.06                      -19.819116
               269.32001                      -19.826666
               269.57999                      -19.834344
                  269.84                      -19.842144
               270.10001                      -19.850064
               270.35999                      -19.858099
                  270.62                      -19.866245
                  270.88                        -19.8745
               271.13998                      -19.882859
               271.39999                      -19.891318
                  271.66                      -19.899872
               271.92001                      -19.908518
               272.17999                      -19.917253
                  272.44                      -19.926069
               272.70001                      -19.934966
               272.95999                      -19.943937
                  273.22                      -19.952979
               273.48001                      -19.962086
               273.73999                      -19.971255
                     274                      -19.980481
               274.26001                      -19.989757
               274.51999                      -19.999082
                  274.78                      -20.008447
               275.04001                       -20.01785
               275.29999                      -20.027284
                  275.56                      -20.036745
               275.82001                      -20.046227
               276.07999                      -20.055725
                  276.34                      -20.065232
               276.60001                      -20.074745
               276.85999                      -20.084259
                  277.12                      -20.093765
                  277.38                      -20.103261
               277.63998                      -20.112742
               277.89999                      -20.122199
                  278.16                       -20.13163
               278.42001                      -20.141028
               278.67999                      -20.150386
                  278.94                      -20.159702
               279.20001                      -20.168966
               279.45999                      -20.178175
                  279.72                      -20.187323
               279.98001                      -20.196404
               280.23999                      -20.205412
                   280.5                      -20.214342
               280.76001                      -20.223187
               281.01999                      -20.231943
                  281.28                      -20.240604
               281.54001                      -20.249164
               281.79999                      -20.257618
                  282.06                      -20.265962
               282.32001                       -20.27419
               282.57999                      -20.282296
                  282.84                      -20.290275
               283.10001                      -20.298124
               283.35999                      -20.305835
                  283.62                      -20.313405
                  283.88                      -20.320829
               284.13998                      -20.328101
               284.39999                      -20.335218
                  284.66                      -20.342174
               284.92001                      -20.348963
               285.17999                      -20.355584
                  285.44                      -20.362031
               285.70001                        -20.3683
               285.95999                      -20.374387
                  286.22                      -20.380289
               286.48001                      -20.386001
               286.73999                      -20.391521
                     287                      -20.396845
               287.26001                       -20.40197
               287.51999                      -20.406892
                  287.78                      -20.411608
               288.04001                      -20.416117
               288.29999                      -20.420413
                  288.56                      -20.424496
               288.82001                      -20.428362
               289.07999                       -20.43201
                  289.34                      -20.435434
               289.60001                      -20.438635
               289.85999                      -20.441611
                  290.12                      -20.444359
                  290.38                      -20.446877
               290.63998                      -20.449165
               290.89999                      -20.451222
                  291.16                      -20.453045
               291.42001                      -20.454634
               291.67999                      -20.455987
                  291.94                      -20.457105
               292.20001                      -20.457987
               292.45999                      -20.458631
                  292.72                      -20.459036
               292.98001                      -20.459204
               293.23999                      -20.459131
                   293.5                      -20.458819
               293.76001                      -20.458266
               294.01999                      -20.457473
                  294.28                       -20.45644
               294.54001                      -20.455167
               294.79999                      -20.453654
                  295.06                      -20.451901
               295.32001                       -20.44991
               295.57999                      -20.447679
                  295.84                      -20.445211
               296.10001                      -20.442505
               296.35999                      -20.439562
                  296.62                      -20.436384
                  296.88                      -20.432969
               297.13998                      -20.429321
               297.39999                      -20.425437
                  297.66                      -20.421319
               297.92001                      -20.416969
               298.17999                      -20.412386
                  298.44                      -20.407571
               298.70001                      -20.402525
               298.95999                       -20.39725
                  299.22                      -20.391744
               299.48001                      -20.386012
               299.73999                      -20.380051
                     300                      -20.373865

