        Frequency / MHz                S1,1 (8)/arg,degrees
----------------------------------------------------------------------
                      40                       110.24887
               40.259998                        107.9162
                   40.52                       105.59119
               40.779999                       103.27368
               41.040001                       100.96349
               41.299999                       98.660457
               41.560001                       96.364441
                   41.82                       94.075303
               42.079998                       91.792941
                   42.34                       89.517258
               42.599998                       87.248215
               42.860001                       84.985783
               43.119999                       82.729956
               43.380001                       80.480761
               43.639999                       78.238231
               43.900002                       76.002425
                   44.16                       73.773386
               44.419998                       71.551177
                   44.68                       69.335838
               44.939999                       67.127386
               45.200001                       64.925861
               45.459999                       62.731229
               45.720001                       60.543486
                   45.98                        58.36258
               46.240002                        56.18847
                    46.5                       54.021084
               46.759998                       51.860368
                   47.02                       49.706269
               47.279999                       47.558747
               47.540001                       45.417775
               47.799999                       43.283365
               48.060001                       41.155533
                   48.32                       39.034332
               48.579998                       36.919847
                   48.84                       34.812176
               49.099998                       32.711431
               49.360001                       30.617745
               49.619999                       28.531243
               49.880001                       26.452043
               50.139999                       24.380254
               50.400002                       22.315969
                   50.66                       20.259242
               50.919998                       18.210117
                   51.18                       16.168595
               51.439999                       14.134649
               51.700001                       12.108234
               51.959999                       10.089283
               52.220001                       8.0777132
                   52.48                       6.0734428
               52.740002                       4.0763871
                      53                       2.0864724
               53.259998                      0.10364199
                   53.52                      -1.8721413
               53.779999                      -3.8408946
               54.040001                      -5.8026116
               54.299999                      -7.7572687
               54.560001                      -9.7048285
                   54.82                      -11.645251
               55.079998                      -13.578489
                   55.34                      -15.504515
               55.599998                      -17.423317
               55.860001                      -19.334907
               56.119999                      -21.239325
               56.380001                      -23.136696
               56.639999                      -25.027107
               56.900002                      -26.910713
                   57.16                      -28.787756
               57.419998                      -30.658422
                   57.68                      -32.523017
               57.939999                      -34.381783
               58.200001                      -36.234964
               58.459999                      -38.082863
               58.720001                      -39.925757
                   58.98                       -41.76386
               59.240002                      -43.597389
                    59.5                      -45.426581
               59.759998                      -47.251625
                   60.02                      -49.072671
               60.279999                      -50.889927
               60.540001                      -52.703538
               60.799999                      -54.513732
               61.060001                      -56.320701
                   61.32                      -58.124712
               61.579998                      -59.926052
                   61.84                      -61.725053
               62.099998                      -63.522118
               62.360001                      -65.317686
               62.619999                      -67.112242
               62.880001                      -68.906314
               63.139999                      -70.700478
               63.400002                      -72.495301
                   63.66                      -74.291408
               63.919998                      -76.089394
                   64.18                      -77.889885
               64.440002                      -79.693487
               64.699997                      -81.500795
               64.959999                        -83.3124
               65.220001                      -85.128889
               65.480003                      -86.950856
               65.739998                      -88.778901
                      66                      -90.613647
               66.260002                      -92.455763
               66.519997                      -94.305945
               66.779999                      -96.164979
               67.040001                      -98.033698
               67.300003                      -99.913025
               67.559998                      -101.80396
                   67.82                      -103.70757
               68.080002                      -105.62503
               68.339996                      -107.55756
               68.599998                      -109.50648
               68.860001                      -111.47311
               69.120003                      -113.45885
               69.379997                      -115.46515
               69.639999                      -117.49343
               69.900002                      -119.54521
               70.159996                      -121.62191
               70.419998                      -123.72508
                   70.68                      -125.85622
               70.940002                      -128.01687
               71.199997                      -130.20865
               71.459999                      -132.43315
               71.720001                       -134.6921
               71.980003                      -136.98723
               72.239998                       -139.3204
                    72.5                      -141.69352
               72.760002                      -144.10859
               73.019997                      -146.56772
               73.279999                      -149.07305
               73.540001                      -151.62677
               73.800003                      -154.23114
               74.059998                      -156.88838
                   74.32                      -159.60073
               74.580002                      -162.37032
               74.839996                      -165.19924
               75.099998                      -168.08949
               75.360001                      -171.04288
               75.620003                      -174.06106
               75.879997                       -177.1456
               76.139999                       179.70223
               76.400002                       176.48122
               76.659996                       173.19042
               76.919998                         169.829
                   77.18                       166.39623
               77.440002                       162.89152
               77.699997                       159.31437
               77.959999                       155.66429
               78.220001                        151.9408
               78.480003                       148.14334
               78.739998                       144.27134
                      79                       140.32409
               79.260002                       136.30073
               79.519997                       132.20025
               79.779999                        128.0215
               80.040001                        123.7631
               80.300003                       119.42366
               80.559998                       115.00166
                   80.82                       110.49559
               81.080002                       105.90415
               81.339996                       101.22632
               81.599998                       96.461713
               81.860001                       91.610558
               82.120003                       86.674353
               82.379997                       81.655939
               82.639999                       76.559936
               82.900002                        71.39306
               83.159996                       66.164305
               83.419998                       60.885171
                   83.68                       55.569644
               83.940002                       50.234065
               84.199997                       44.896845
               84.459999                       39.577794
               84.720001                       34.297483
               84.980003                       29.076624
               85.239998                       23.935077
                    85.5                       18.891226
               85.760002                       13.961362
               86.019997                       9.1591905
               86.279999                       4.4957023
               86.540001                    -0.020965037
               86.800003                       -4.385456
               87.059998                       -8.594929
                   87.32                      -12.648646
               87.580002                      -16.547863
               87.839996                      -20.295261
               88.099998                      -23.894798
               88.360001                      -27.351311
               88.620003                      -30.670266
               88.879997                       -33.85753
               89.139999                      -36.919284
               89.400002                      -39.861757
               89.659996                      -42.691231
               89.919998                       -45.41388
                   90.18                      -48.035692
               90.440002                      -50.562534
               90.699997                      -52.999901
               90.959999                      -55.353091
               91.220001                      -57.627108
               91.480003                      -59.826594
               91.739998                       -61.95589
                      92                      -64.019018
               92.260002                      -66.019635
               92.519997                      -67.961158
               92.779999                      -69.846645
               93.040001                       -71.67891
               93.300003                      -73.460607
               93.559998                      -75.193973
                   93.82                       -76.88122
               94.080002                      -78.524318
               94.339996                      -80.125151
               94.599998                      -81.685412
               94.860001                      -83.206713
               95.120003                       -84.69064
               95.379997                      -86.138585
               95.639999                      -87.551943
               95.900002                      -88.931996
               96.159996                      -90.279948
               96.419998                       -91.59689
                   96.68                      -92.883807
               96.940002                      -94.141682
               97.199997                       -95.37128
               97.459999                      -96.573175
               97.720001                       -97.74805
               97.980003                      -98.896204
               98.239998                      -100.01799
                    98.5                      -101.11367
               98.760002                      -102.18322
               99.019997                      -103.22682
               99.279999                       -104.2443
               99.540001                       -105.2356
               99.800003                      -106.20057
                  100.06                      -107.13899
                  100.32                      -108.05068
                  100.58                      -108.93527
                  100.84                      -109.79254
                   101.1                      -110.62216
                  101.36                       -111.4237
                  101.62                      -112.19666
                  101.88                       -112.9406
                  102.14                      -113.65482
                   102.4                      -114.33866
                  102.66                      -114.99119
                  102.92                      -115.61159
                  103.18                      -116.19871
                  103.44                      -116.75141
                   103.7                      -117.26843
                  103.96                      -117.74835
                  104.22                      -118.18974
                  104.48                      -118.59114
                  104.74                      -118.95095
                     105                       -119.2676
                  105.26                       -119.5395
                  105.52                      -119.76522
                  105.78                      -119.94324
                  106.04                      -120.07219
                   106.3                      -120.15077
                  106.56                      -120.17782
                  106.82                      -120.15225
                  107.08                      -120.07329
                  107.34                      -119.94029
                   107.6                      -119.75287
                  107.86                      -119.51097
                  108.12                      -119.21476
                  108.38                        -118.865
                  108.64                      -118.46273
                   108.9                      -118.00959
                  109.16                      -117.50792
                  109.42                      -116.96036
                  109.68                      -116.37051
                  109.94                      -115.74246
                   110.2                      -115.08097
                  110.46                       -114.3915
                  110.72                      -113.67985
                  110.98                       -112.9523
                  111.24                      -112.21556
                   111.5                      -111.47616
                  111.76                      -110.74096
                  112.02                      -110.01624
                  112.28                      -109.30836
                  112.54                      -108.62283
                   112.8                      -107.96467
                  113.06                      -107.33843
                  113.32                      -106.74753
                  113.58                      -106.19489
                  113.84                      -105.68257
                   114.1                      -105.21194
                  114.36                       -104.7835
                  114.62                      -104.39718
                  114.88                      -104.05234
                  115.14                      -103.74766
                   115.4                      -103.48128
                  115.66                      -103.25108
                  115.92                      -103.05431
                  116.18                      -102.88804
                  116.44                      -102.74898
                   116.7                      -102.63352
                  116.96                      -102.53779
                  117.22                      -102.45785
                  117.48                      -102.38949
                  117.74                      -102.32835
                     118                       -102.2701
                  118.26                      -102.21021
                  118.52                      -102.14431
                  118.78                      -102.06793
                  119.04                      -101.97646
                   119.3                      -101.86586
                  119.56                      -101.73172
                  119.82                      -101.57009
                  120.08                      -101.37704
                  120.34                      -101.14891
                   120.6                      -100.88237
                  120.86                      -100.57414
                  121.12                      -100.22137
                  121.38                      -99.821503
                  121.64                      -99.372297
                   121.9                      -98.871944
                  122.16                      -98.318808
                  122.42                      -97.712013
                  122.68                      -97.050741
                  122.94                      -96.335047
                   123.2                      -95.565285
                  123.46                       -94.74252
                  123.72                      -93.868365
                  123.98                      -92.945033
                  124.24                      -91.975665
                   124.5                       -90.96365
                  124.76                      -89.913358
                  125.02                      -88.829626
                  125.28                      -87.717807
                  125.54                      -86.583777
                   125.8                      -85.433737
                  126.06                      -84.274081
                  126.32                      -83.111227
                  126.58                      -81.951571
                  126.84                      -80.801558
                   127.1                      -79.666898
                  127.36                      -78.553388
                  127.62                      -77.465857
                  127.88                      -76.408898
                  128.14                      -75.386556
               128.39999                       -74.40219
                  128.66                       -73.45864
                  128.92                      -72.558147
               129.17999                      -71.702487
                  129.44                       -70.89292
                   129.7                      -70.130342
               129.96001                      -69.415004
                  130.22                      -68.747285
                  130.48                      -68.126748
               130.74001                      -67.552957
                     131                       -67.02523
               131.25999                      -66.542582
                  131.52                      -66.103867
                  131.78                      -65.707987
               132.03999                      -65.353364
                   132.3                      -65.038793
                  132.56                      -64.762607
               132.81999                      -64.523276
                  133.08                        -64.3193
                  133.34                       -64.14901
               133.60001                      -64.011014
                  133.86                      -63.903724
                  134.12                      -63.825641
                  134.38                      -63.775425
                  134.64                      -63.751684
               134.89999                      -63.753106
                  135.16                      -63.778486
                  135.42                      -63.826599
               135.67999                      -63.896375
                  135.94                      -63.986668
                   136.2                      -64.096528
               136.46001                       -64.22488
                  136.72                      -64.370855
                  136.98                       -64.53347
               137.24001                      -64.711955
                   137.5                      -64.905358
               137.75999                       -65.11294
                  138.02                      -65.333913
                  138.28                      -65.567585
               138.53999                      -65.813255
                   138.8                      -66.070234
                  139.06                      -66.337921
               139.31999                      -66.615772
                  139.58                      -66.903215
                  139.84                      -67.199754
               140.10001                      -67.504957
                  140.36                      -67.818324
                  140.62                      -68.139452
                  140.88                      -68.468013
                  141.14                      -68.803564
               141.39999                      -69.145785
                  141.66                      -69.494343
                  141.92                      -69.848913
               142.17999                      -70.209164
                  142.44                      -70.574796
                   142.7                      -70.945511
               142.96001                       -71.32112
                  143.22                      -71.701204
                  143.48                      -72.085608
               143.74001                      -72.474054
                     144                      -72.866328
               144.25999                      -73.262203
                  144.52                      -73.661495
                  144.78                      -74.064013
               145.03999                      -74.469671
                   145.3                      -74.878173
                  145.56                      -75.289432
               145.81999                      -75.703368
                  146.08                      -76.119791
                  146.34                      -76.538564
               146.60001                      -76.959659
                  146.86                      -77.382884
                  147.12                      -77.808104
                  147.38                      -78.235292
                  147.64                      -78.664282
               147.89999                      -79.094939
                  148.16                      -79.527209
                  148.42                      -79.961007
               148.67999                      -80.396145
                  148.94                      -80.832622
                   149.2                        -81.2703
               149.46001                      -81.709098
                  149.72                       -82.14899
                  149.98                      -82.589838
               150.24001                      -83.031642
                   150.5                      -83.474347
               150.75999                      -83.917873
                  151.02                      -84.362162
                  151.28                      -84.807218
               151.53999                      -85.252956
                   151.8                      -85.699377
                  152.06                      -86.146372
               152.31999                      -86.593913
                  152.58                      -87.041974
                  152.84                      -87.490444
               153.10001                      -87.939351
                  153.36                      -88.388586
                  153.62                      -88.838095
                  153.88                      -89.287849
                  154.14                      -89.737767
               154.39999                      -90.187795
                  154.66                      -90.637932
                  154.92                      -91.088069
               155.17999                      -91.538233
                  155.44                      -91.988342
                   155.7                      -92.438342
               155.96001                      -92.888288
                  156.22                      -93.337987
                  156.48                      -93.787496
               156.74001                      -94.236786
                     157                      -94.685693
               157.25999                      -95.134272
                  157.52                      -95.582415
                  157.78                      -96.030065
               158.03999                      -96.477088
                   158.3                      -96.923454
                  158.56                      -97.369083
               158.81999                      -97.813837
                  159.08                      -98.257636
                  159.34                      -98.700369
               159.60001                      -99.141926
                  159.86                      -99.582174
                  160.12                        -100.021
                  160.38                      -100.45835
                  160.64                      -100.89401
               160.89999                      -101.32775
                  161.16                      -101.75958
                  161.42                      -102.18923
               161.67999                      -102.61653
                  161.94                      -103.04131
                   162.2                      -103.46325
               162.46001                      -103.88219
                  162.72                      -104.29785
                  162.98                      -104.70995
               163.24001                      -105.11818
                   163.5                      -105.52214
               163.75999                      -105.92152
                  164.02                      -106.31598
                  164.28                      -106.70497
               164.53999                      -107.08817
                   164.8                      -107.46509
                  165.06                      -107.83523
               165.31999                      -108.19799
                  165.58                      -108.55294
                  165.84                      -108.89937
               166.10001                      -109.23667
                  166.36                       -109.5642
                  166.62                      -109.88123
                  166.88                        -110.187
                  167.14                      -110.48075
               167.39999                      -110.76166
                  167.66                      -111.02875
                  167.92                      -111.28119
               168.17999                      -111.51801
                  168.44                      -111.73816
                   168.7                      -111.94066
               168.96001                      -112.12448
                  169.22                       -112.2884
                  169.48                      -112.43151
               169.74001                       -112.5526
                     170                      -112.65057
               170.25999                      -112.72433
                  170.52                      -112.77285
                  170.78                      -112.79504
               171.03999                      -112.78996
                   171.3                      -112.75673
                  171.56                      -112.69433
               171.81999                      -112.60221
                  172.08                      -112.47959
                  172.34                        -112.326
               172.60001                      -112.14114
                  172.86                      -111.92471
                  173.12                       -111.6768
                  173.38                      -111.39758
                  173.64                      -111.08754
               173.89999                      -110.74729
                  174.16                      -110.37781
                  174.42                      -109.98029
               174.67999                      -109.55622
                  174.94                      -109.10728
                   175.2                      -108.63551
               175.46001                      -108.14308
                  175.72                      -107.63245
                  175.98                      -107.10631
               176.24001                      -106.56744
                   176.5                      -106.01873
               176.75999                      -105.46319
                  177.02                      -104.90382
                  177.28                      -104.34385
               177.53999                      -103.78618
                   177.8                      -103.23365
                  178.06                      -102.68925
               178.31999                      -102.15557
                  178.58                        -101.635
                  178.84                      -101.12995
               179.10001                      -100.64238
                  179.36                      -100.17421
                  179.62                      -99.726919
                  179.88                      -99.301972
                  180.14                      -98.900411
               180.39999                      -98.523166
                  180.66                      -98.170865
                  180.92                         -97.844
               181.17999                      -97.542761
                  181.44                      -97.267286
                   181.7                      -97.017438
               181.96001                      -96.792998
                  182.22                      -96.593611
                  182.48                      -96.418731
               182.74001                      -96.267866
                     183                      -96.140278
               183.25999                      -96.035284
                  183.52                      -95.952092
                  183.78                      -95.889883
               184.03999                      -95.847782
                   184.3                      -95.824969
                  184.56                       -95.82057
               184.81999                      -95.833684
                  185.08                      -95.863436
                  185.34                      -95.909007
               185.60001                      -95.969496
                  185.86                      -96.044108
                  186.12                      -96.131999
                  186.38                      -96.232403
                  186.64                        -96.3445
               186.89999                      -96.467608
                  187.16                      -96.600933
                  187.42                      -96.743793
               187.67999                      -96.895478
                  187.94                      -97.055386
                   188.2                      -97.222753
               188.46001                       -97.39706
                  188.72                      -97.577595
                  188.98                      -97.764004
               189.24001                      -97.955606
                   189.5                      -98.151877
               189.75999                       -98.35233
                  190.02                      -98.556553
                  190.28                      -98.763971
               190.53999                      -98.974287
                   190.8                      -99.187061
                  191.06                      -99.401747
               191.31999                      -99.618237
                  191.58                      -99.836038
                  191.84                      -100.05466
               192.10001                      -100.27404
                  192.36                      -100.49354
                  192.62                      -100.71303
                  192.88                      -100.93226
                  193.14                      -101.15077
               193.39999                      -101.36841
                  193.66                      -101.58473
                  193.92                      -101.79958
               194.17999                      -102.01274
                  194.44                      -102.22387
                   194.7                      -102.43271
               194.96001                      -102.63915
                  195.22                      -102.84274
                  195.48                       -103.0435
               195.74001                      -103.24113
                     196                      -103.43533
               196.25999                      -103.62603
                  196.52                      -103.81301
                  196.78                      -103.99601
               197.03999                      -104.17485
                   197.3                      -104.34926
                  197.56                       -104.5192
               197.81999                      -104.68443
                  198.08                       -104.8447
                  198.34                      -104.99977
               198.60001                      -105.14954
                  198.86                      -105.29385
                  199.12                      -105.43237
                  199.38                      -105.56504
                  199.64                      -105.69153
               199.89999                       -105.8118
                  200.16                      -105.92562
                  200.42                      -106.03288
               200.67999                      -106.13325
                  200.94                      -106.22669
                   201.2                      -106.31302
               201.46001                      -106.39198
                  201.72                      -106.46345
                  201.98                      -106.52733
               202.24001                      -106.58334
                   202.5                      -106.63137
               202.75999                       -106.6712
                  203.02                      -106.70267
                  203.28                      -106.72568
               203.53999                      -106.73994
                   203.8                       -106.7454
                  204.06                       -106.7418
               204.31999                      -106.72912
                  204.58                      -106.70699
                  204.84                      -106.67557
               205.10001                      -106.63448
                  205.36                      -106.58377
                  205.62                      -106.52329
                  205.88                      -106.45291
                  206.14                      -106.37253
               206.39999                      -106.28215
                  206.66                      -106.18167
                  206.92                      -106.07096
               207.17999                       -105.9501
                  207.44                      -105.81901
                   207.7                      -105.67765
               207.96001                      -105.52608
                  208.22                      -105.36423
                  208.48                      -105.19216
               208.74001                      -105.00999
                     209                       -104.8177
               209.25999                      -104.61542
                  209.52                      -104.40325
                  209.78                       -104.1814
               210.03999                      -103.94994
                   210.3                      -103.70919
                  210.56                      -103.45921
               210.81999                      -103.20037
                  211.08                       -102.9329
                  211.34                      -102.65712
               211.60001                      -102.37326
                  211.86                       -102.0817
                  212.12                      -101.78275
                  212.38                      -101.47676
                  212.64                      -101.16421
               212.89999                      -100.84538
                  213.16                      -100.52075
                  213.42                      -100.19066
               213.67999                      -99.855654
                  213.94                      -99.516112
                   214.2                      -99.172526
               214.46001                      -98.825334
                  214.72                      -98.475027
                  214.98                      -98.122071
               215.24001                      -97.767037
                   215.5                       -97.41031
               215.75999                      -97.052463
                  216.02                      -96.693932
                  216.28                      -96.335211
               216.53999                      -95.976735
                   216.8                      -95.618997
                  217.06                      -95.262434
               217.31999                      -94.907373
                  217.58                      -94.554335
                  217.84                      -94.203618
               218.10001                      -93.855579
                  218.36                      -93.510655
                  218.62                      -93.169063
                  218.88                      -92.831187
                  219.14                      -92.497246
               219.39999                      -92.167566
                  219.66                      -91.842367
                  219.92                      -91.521949
               220.17999                      -91.206449
                  220.44                      -90.896086
                   220.7                      -90.591022
               220.96001                      -90.291504
                  221.22                       -89.99756
                  221.48                      -89.709354
               221.74001                      -89.426994
                     222                      -89.150508
               222.25999                      -88.880005
                  222.52                      -88.615513
                  222.78                      -88.357031
               223.03999                       -88.10456
                   223.3                      -87.858154
                  223.56                      -87.617731
               223.81999                      -87.383319
                  224.08                      -87.154863
                  224.34                       -86.93239
               224.60001                      -86.715791
                  224.86                      -86.505066
                  225.12                      -86.300133
                  225.38                      -86.100992
                  225.64                      -85.907506
               225.89999                      -85.719676
                  226.16                       -85.53742
                  226.42                      -85.360654
               226.67999                      -85.189353
                  226.94                      -85.023379
                   227.2                      -84.862679
               227.46001                      -84.707087
                  227.72                      -84.556632
                  227.98                      -84.411203
               228.24001                      -84.270611
                   228.5                      -84.134854
               228.75999                      -84.003824
                  229.02                      -83.877465
                  229.28                      -83.755642
               229.53999                      -83.638326
                   229.8                      -83.525464
                  230.06                      -83.416919
               230.31999                      -83.312691
                  230.58                      -83.212669
                  230.84                      -83.116856
               231.10001                      -83.025112
                  231.36                       -82.93744
                  231.62                      -82.853729
                  231.88                      -82.773952
                  232.14                      -82.698027
               232.39999                      -82.625874
                  232.66                      -82.557463
                  232.92                       -82.49274
               233.17999                      -82.431622
                  233.44                      -82.374031
                   233.7                      -82.319936
               233.96001                      -82.269284
                  234.22                      -82.222072
                  234.48                      -82.178196
               234.74001                      -82.137653
                     235                      -82.100414
               235.25999                      -82.066399
                  235.52                      -82.035637
                  235.78                       -82.00807
               236.03999                      -81.983645
                   236.3                      -81.962335
                  236.56                      -81.944166
               236.81999                      -81.929003
                  237.08                        -81.9169
                  237.34                      -81.907775
               237.60001                        -81.9016
                  237.86                      -81.898322
                  238.12                      -81.897885
                  238.38                      -81.900316
                  238.64                      -81.905508
               238.89999                      -81.913513
                  239.16                      -81.924195
                  239.42                       -81.93761
               239.67999                      -81.953729
                  239.94                      -81.972471
                   240.2                      -81.993835
               240.46001                      -82.017851
                  240.72                      -82.044433
                  240.98                      -82.073585
               241.24001                      -82.105249
                   241.5                      -82.139428
               241.75999                       -82.17612
                  242.02                      -82.215215
                  242.28                      -82.256742
               242.53999                      -82.300621
                   242.8                      -82.346874
                  243.06                      -82.395423
               243.31999                      -82.446185
                  243.58                      -82.499243
                  243.84                      -82.554485
               244.10001                      -82.611913
                  244.36                      -82.671472
                  244.62                      -82.733135
                  244.88                      -82.796902
                  245.14                      -82.862745
               245.39999                       -82.93061
                  245.66                      -83.000524
                  245.92                      -83.072432
               246.17999                      -83.146252
                  246.44                      -83.222013
                   246.7                      -83.299686
               246.96001                      -83.379216
                  247.22                      -83.460578
                  247.48                       -83.54366
               247.74001                      -83.628518
                     248                      -83.715071
               248.25999                      -83.803262
                  248.52                      -83.893065
                  248.78                      -83.984426
               249.03999                      -84.077371
                   249.3                      -84.171792
                  249.56                       -84.26766
               249.81999                      -84.365031
                  250.08                      -84.463741
                  250.34                      -84.563871
               250.60001                      -84.665369
                  250.86                      -84.768149
                  251.12                      -84.872296
                  251.38                      -84.977617
                  251.64                      -85.084223
               251.89999                      -85.191976
                  252.16                      -85.300904
                  252.42                      -85.410952
               252.67999                      -85.522038
                  252.94                      -85.634135
                   253.2                      -85.747215
               253.46001                      -85.861225
                  253.72                      -85.976164
                  253.98                      -86.091949
               254.24001                      -86.208582
                   254.5                      -86.326061
               254.75999                      -86.444278
                  255.02                      -86.563232
                  255.28                      -86.682924
               255.53999                      -86.803327
                   255.8                      -86.924385
                  256.06                      -87.046072
               256.32001                      -87.168414
               256.57999                       -87.29133
                  256.84                      -87.414793
               257.10001                      -87.538747
               257.35999                      -87.663221
                  257.62                      -87.788104
                  257.88                      -87.913424
               258.13998                      -88.039099
               258.39999                      -88.165103
                  258.66                      -88.291379
               258.92001                      -88.417956
               259.17999                      -88.544807
                  259.44                      -88.671821
               259.70001                      -88.799081
               259.95999                      -88.926478
                  260.22                      -89.054038
               260.48001                      -89.181735
               260.73999                      -89.309542
                     261                      -89.437458
               261.26001                      -89.565455
               261.51999                      -89.693508
                  261.78                       -89.82156
               262.04001                      -89.949613
               262.29999                       -90.07761
                  262.56                      -90.205526
               262.82001                      -90.333415
               263.07999                      -90.461084
                  263.34                      -90.588645
               263.60001                      -90.716096
               263.85999                      -90.843302
                  264.12                      -90.970179
                  264.38                      -91.096893
               264.63998                      -91.223361
               264.89999                      -91.349446
                  265.16                      -91.475313
               265.42001                      -91.600934
               265.67999                      -91.726172
                  265.94                      -91.851055
               266.20001                      -91.975665
               266.45999                      -92.099811
                  266.72                      -92.223656
               266.98001                      -92.347064
               267.23999                      -92.470116
                   267.5                      -92.592623
               267.76001                      -92.714692
               268.01999                      -92.836269
                  268.28                        -92.9573
               268.54001                      -93.077784
               268.79999                      -93.197668
                  269.06                       -93.31706
               269.32001                      -93.435823
               269.57999                      -93.553931
                  269.84                      -93.671492
               270.10001                      -93.788288
               270.35999                       -93.90462
                  270.62                      -94.020242
                  270.88                      -94.135235
               271.13998                        -94.2496
               271.39999                      -94.363254
                  271.66                      -94.476225
               271.92001                       -94.58854
               272.17999                      -94.700091
                  272.44                      -94.810931
               272.70001                      -94.921061
               272.95999                      -95.030317
                  273.22                      -95.138835
               273.48001                      -95.246479
               273.73999                      -95.353413
                     274                      -95.459389
               274.26001                      -95.564547
               274.51999                      -95.668803
                  274.78                       -95.77224
               275.04001                      -95.874774
               275.29999                      -95.976462
                  275.56                      -96.077248
               275.82001                       -96.17716
               276.07999                      -96.276144
                  276.34                      -96.374307
               276.60001                      -96.471459
               276.85999                      -96.567793
                  277.12                      -96.663115
                  277.38                      -96.757481
               277.63998                      -96.850863
               277.89999                      -96.943262
                  278.16                      -97.034704
               278.42001                      -97.125027
               278.67999                      -97.214256
                  278.94                      -97.302531
               279.20001                      -97.389683
               279.45999                      -97.475689
                  279.72                      -97.560629
               279.98001                       -97.64453
               280.23999                      -97.727285
                   280.5                      -97.809002
               280.76001                      -97.889543
               281.01999                      -97.969048
                  281.28                      -98.047457
               281.54001                       -98.12472
               281.79999                      -98.200864
                  282.06                      -98.275859
               282.32001                       -98.34968
               282.57999                      -98.422298
                  282.84                      -98.493769
               283.10001                      -98.563928
               283.35999                      -98.632886
                  283.62                      -98.700588
                  283.88                      -98.766976
               284.13998                      -98.832109
               284.39999                      -98.895931
                  284.66                      -98.958387
               284.92001                      -99.019639
               285.17999                      -99.079581
                  285.44                      -99.138211
               285.70001                       -99.19553
               285.95999                      -99.251593
                  286.22                      -99.306343
               286.48001                      -99.359783
               286.73999                      -99.411965
                     287                      -99.462782
               287.26001                      -99.512232
               287.51999                      -99.560318
                  287.78                      -99.607036
               288.04001                      -99.652334
               288.29999                       -99.69621
                  288.56                      -99.738721
               288.82001                      -99.779704
               289.07999                      -99.819263
                  289.34                      -99.857404
               289.60001                      -99.894121
               289.85999                      -99.929311
                  290.12                      -99.963189
                  290.38                      -99.995591
               290.63998                      -100.02657
               290.89999                      -100.05613
                  291.16                      -100.08438
               291.42001                      -100.11121
               291.67999                      -100.13668
                  291.94                      -100.16072
               292.20001                      -100.18334
               292.45999                      -100.20454
                  292.72                      -100.22438
               292.98001                      -100.24274
               293.23999                      -100.25967
                   293.5                      -100.27514
               293.76001                      -100.28918
               294.01999                      -100.30175
                  294.28                      -100.31295
               294.54001                      -100.32268
               294.79999                      -100.33104
                  295.06                      -100.33803
               295.32001                      -100.34366
               295.57999                      -100.34797
                  295.84                      -100.35103
               296.10001                      -100.35278
               296.35999                      -100.35327
                  296.62                      -100.35251
                  296.88                      -100.35049
               297.13998                      -100.34726
               297.39999                      -100.34273
                  297.66                      -100.33699
               297.92001                      -100.33005
               298.17999                       -100.3218
                  298.44                      -100.31229
               298.70001                      -100.30158
               298.95999                      -100.28962
                  299.22                       -100.2765
               299.48001                      -100.26219
               299.73999                      -100.24672
                     300                      -100.23017

