        Frequency / MHz                S1,1 (Mesh Pass=8)/abs,dB
----------------------------------------------------------------------
                      40                      -5.3149628
               40.259998                      -5.3616254
                   40.52                      -5.4088899
               40.779999                      -5.4567887
               41.040001                      -5.5053545
               41.299999                       -5.554616
               41.560001                      -5.6046003
                   41.82                      -5.6553298
               42.079998                      -5.7068269
                   42.34                       -5.759109
               42.599998                      -5.8121931
               42.860001                       -5.866088
               43.119999                       -5.920801
               43.380001                      -5.9763319
               43.639999                      -6.0326801
               43.900002                      -6.0898362
                   44.16                      -6.1477899
               44.419998                      -6.2065241
                   44.68                       -6.266015
               44.939999                      -6.3262338
               45.200001                      -6.3871437
               45.459999                      -6.4486997
               45.720001                      -6.5108533
                   45.98                      -6.5735466
               46.240002                      -6.6367156
                    46.5                      -6.7002885
               46.759998                      -6.7641853
                   47.02                      -6.8283154
               47.279999                      -6.8925793
               47.540001                      -6.9568705
               47.799999                       -7.021071
               48.060001                      -7.0850576
                   48.32                      -7.1486997
               48.579998                      -7.2118536
                   48.84                      -7.2743718
               49.099998                      -7.3360947
               49.360001                      -7.3968587
               49.619999                      -7.4564921
               49.880001                      -7.5148217
               50.139999                      -7.5716735
               50.400002                      -7.6268707
                   50.66                      -7.6802404
               50.919998                      -7.7316113
                   51.18                      -7.7808227
               51.439999                      -7.8277227
               51.700001                      -7.8721801
               51.959999                      -7.9140857
               52.220001                      -7.9533573
                   52.48                      -7.9899482
               52.740002                      -8.0238511
                      53                      -8.0551062
               53.259998                      -8.0838062
                   53.52                      -8.1101068
               53.779999                      -8.1342353
               54.040001                      -8.1564958
               54.299999                       -8.177276
               54.560001                      -8.1970521
                   54.82                      -8.2163886
               55.079998                      -8.2359444
                   55.34                      -8.2564661
               55.599998                      -8.2787881
               55.860001                      -8.3038314
               56.119999                      -8.3325898
               56.380001                      -8.3661119
               56.639999                      -8.4054937
               56.900002                      -8.4518499
                   57.16                      -8.5062876
               57.419998                      -8.5698864
                   57.68                      -8.6436659
               57.939999                      -8.7285663
               58.200001                      -8.8254238
               58.459999                      -8.9349482
               58.720001                      -9.0577109
                   58.98                      -9.1941332
               59.240002                      -9.3444826
                    59.5                      -9.5088709
               59.759998                       -9.687269
                   60.02                      -9.8795152
               60.279999                      -10.085338
               60.540001                      -10.304371
               60.799999                      -10.536179
               61.060001                      -10.780278
                   61.32                      -11.036156
               61.579998                      -11.303287
                   61.84                      -11.581163
               62.099998                      -11.869292
               62.360001                      -12.167226
               62.619999                      -12.474562
               62.880001                      -12.790956
               63.139999                      -13.116123
               63.400002                       -13.44984
                   63.66                      -13.791957
               63.919998                       -14.14238
                   64.18                      -14.501094
               64.440002                      -14.868151
               64.699997                      -15.243678
               64.959999                      -15.627872
               65.220001                      -16.021008
               65.480003                      -16.423434
               65.739998                      -16.835569
                      66                      -17.257913
               66.260002                       -17.69105
               66.519997                      -18.135654
               66.779999                      -18.592497
               67.040001                      -19.062454
               67.300003                      -19.546518
               67.559998                      -20.045803
                   67.82                      -20.561558
               68.080002                      -21.095192
               68.339996                      -21.648282
               68.599998                      -22.222604
               68.860001                      -22.820148
               69.120003                      -23.443136
               69.379997                      -24.094035
               69.639999                      -24.775553
               69.900002                      -25.490618
               70.159996                      -26.242305
               70.419998                      -27.033673
                   70.68                      -27.867431
               70.940002                      -28.745286
               71.199997                      -29.666731
               71.459999                      -30.626868
               71.720001                      -31.612668
               71.980003                       -32.59707
               72.239998                      -33.531224
                    72.5                      -34.338543
               72.760002                       -34.92078
               73.019997                      -35.188329
               73.279999                      -35.106577
               73.540001                      -34.718078
               73.800003                       -34.11566
               74.059998                      -33.396252
                   74.32                      -32.633444
               74.580002                      -31.873388
               74.839996                      -31.141325
               75.099998                      -30.449224
               75.360001                      -29.801439
               75.620003                      -29.198231
               75.879997                      -28.637806
               76.139999                      -28.117451
               76.400002                      -27.634135
               76.659996                      -27.184835
               76.919998                      -26.766685
                   77.18                      -26.377057
               77.440002                      -26.013563
               77.699997                      -25.674058
               77.959999                      -25.356615
               78.220001                      -25.059505
               78.480003                      -24.781183
               78.739998                      -24.520266
                      79                       -24.27552
               79.260002                      -24.045844
               79.519997                       -23.83025
               79.779999                       -23.62785
               80.040001                      -23.437833
               80.300003                      -23.259467
               80.559998                      -23.092086
                   80.82                      -22.935086
               81.080002                      -22.787923
               81.339996                      -22.650104
               81.599998                       -22.52118
               81.860001                      -22.400737
               82.120003                      -22.288392
               82.379997                       -22.18379
               82.639999                      -22.086607
               82.900002                      -21.996546
               83.159996                      -21.913342
               83.419998                      -21.836746
                   83.68                      -21.766531
               83.940002                      -21.702484
               84.199997                      -21.644405
               84.459999                      -21.592105
               84.720001                      -21.545416
               84.980003                      -21.504183
               85.239998                      -21.468269
                    85.5                      -21.437545
               85.760002                      -21.411888
               86.019997                      -21.391185
               86.279999                      -21.375328
               86.540001                      -21.364218
               86.800003                      -21.357769
               87.059998                      -21.355903
                   87.32                      -21.358555
               87.580002                       -21.36566
               87.839996                      -21.377157
               88.099998                      -21.392992
               88.360001                      -21.413112
               88.620003                      -21.437476
               88.879997                      -21.466049
               89.139999                      -21.498806
               89.400002                      -21.535726
               89.659996                      -21.576792
               89.919998                      -21.621983
                   90.18                      -21.671288
               90.440002                      -21.724696
               90.699997                      -21.782213
               90.959999                      -21.843845
               91.220001                      -21.909609
               91.480003                       -21.97952
               91.739998                      -22.053598
                      92                      -22.131864
               92.260002                      -22.214342
               92.519997                       -22.30107
               92.779999                      -22.392089
               93.040001                      -22.487452
               93.300003                      -22.587214
               93.559998                      -22.691432
                   93.82                      -22.800162
               94.080002                      -22.913472
               94.339996                       -23.03143
               94.599998                      -23.154121
               94.860001                      -23.281639
               95.120003                      -23.414083
               95.379997                      -23.551552
               95.639999                      -23.694153
               95.900002                      -23.841991
               96.159996                      -23.995184
               96.419998                      -24.153861
                   96.68                      -24.318164
               96.940002                       -24.48824
               97.199997                       -24.66424
               97.459999                      -24.846318
               97.720001                      -25.034626
               97.980003                      -25.229323
               98.239998                      -25.430576
                    98.5                      -25.638562
               98.760002                      -25.853459
               99.019997                      -26.075442
               99.279999                       -26.30467
               99.540001                      -26.541285
               99.800003                       -26.78541
                  100.06                       -27.03715
                  100.32                       -27.29658
                  100.58                      -27.563736
                  100.84                      -27.838587
                   101.1                       -28.12101
                  101.36                       -28.41076
                  101.62                      -28.707441
                  101.88                      -29.010478
                  102.14                      -29.319081
                   102.4                      -29.632185
                  102.66                      -29.948374
                  102.92                      -30.265798
                  103.18                      -30.582072
                  103.44                      -30.894192
                   103.7                      -31.198474
                  103.96                      -31.490504
                  104.22                      -31.765141
                  104.48                      -32.016581
                  104.74                      -32.238512
                     105                      -32.424399
                  105.26                      -32.567907
                  105.52                      -32.663429
                  105.78                      -32.706642
                  106.04                      -32.694987
                   106.3                      -32.627972
                  106.56                      -32.507223
                  106.82                      -32.336286
                  107.08                      -32.120234
                  107.34                      -31.865142
                   107.6                      -31.577554
                  107.86                      -31.263997
                  108.12                      -30.930623
                  108.38                      -30.582969
                  108.64                       -30.22586
                   108.9                      -29.863385
                  109.16                      -29.498946
                  109.42                      -29.135324
                  109.68                      -28.774756
                  109.94                      -28.419015
                   110.2                      -28.069498
                  110.46                      -27.727288
                  110.72                      -27.393237
                  110.98                      -27.068023
                  111.24                      -26.752193
                   111.5                      -26.446197
                  111.76                      -26.150415
                  112.02                      -25.865172
                  112.28                      -25.590768
                  112.54                      -25.327485
                   112.8                       -25.07561
                  113.06                      -24.835435
                  113.32                      -24.607269
                  113.58                      -24.391421
                  113.84                      -24.188207
                   114.1                      -23.997937
                  114.36                      -23.820909
                  114.62                      -23.657405
                  114.88                      -23.507677
                  115.14                      -23.371934
                   115.4                      -23.250316
                  115.66                       -23.14288
                  115.92                      -23.049575
                  116.18                      -22.970227
                  116.44                       -22.90453
                   116.7                      -22.852032
                  116.96                      -22.812137
                  117.22                       -22.78409
                  117.48                      -22.766985
                  117.74                      -22.759772
                     118                      -22.761269
                  118.26                      -22.770189
                  118.52                      -22.785177
                  118.78                       -22.80483
                  119.04                      -22.827737
                   119.3                      -22.852511
                  119.56                      -22.877808
                  119.82                      -22.902365
                  120.08                      -22.925028
                  120.34                      -22.944768
                   120.6                      -22.960705
                  120.86                      -22.972119
                  121.12                      -22.978441
                  121.38                      -22.979262
                  121.64                      -22.974306
                   121.9                      -22.963437
                  122.16                      -22.946643
                  122.42                      -22.924021
                  122.68                      -22.895765
                  122.94                      -22.862145
                   123.2                      -22.823483
                  123.46                      -22.780142
                  123.72                      -22.732505
                  123.98                      -22.680975
                  124.24                      -22.625961
                   124.5                      -22.567879
                  124.76                       -22.50713
                  125.02                      -22.444105
                  125.28                      -22.379167
                  125.54                      -22.312655
                   125.8                      -22.244884
                  126.06                      -22.176147
                  126.32                      -22.106722
                  126.58                       -22.03686
                  126.84                      -21.966792
                   127.1                      -21.896721
                  127.36                      -21.826827
                  127.62                      -21.757268
                  127.88                      -21.688187
                  128.14                      -21.619713
               128.39999                      -21.551967
                  128.66                      -21.485053
                  128.92                      -21.419059
               129.17999                       -21.35406
                  129.44                      -21.290116
                   129.7                      -21.227281
               129.96001                      -21.165605
                  130.22                      -21.105133
                  130.48                      -21.045906
               130.74001                      -20.987954
                     131                      -20.931304
               131.25999                      -20.875968
                  131.52                       -20.82196
                  131.78                      -20.769292
               132.03999                      -20.717975
                   132.3                      -20.668025
                  132.56                      -20.619449
               132.81999                      -20.572251
                  133.08                      -20.526426
                  133.34                      -20.481972
               133.60001                      -20.438885
                  133.86                      -20.397167
                  134.12                      -20.356818
                  134.38                       -20.31784
                  134.64                       -20.28023
               134.89999                       -20.24398
                  135.16                       -20.20908
                  135.42                      -20.175522
               135.67999                      -20.143303
                  135.94                      -20.112422
                   136.2                      -20.082877
               136.46001                      -20.054665
                  136.72                      -20.027778
                  136.98                      -20.002205
               137.24001                      -19.977938
                   137.5                      -19.954971
               137.75999                      -19.933302
                  138.02                      -19.912931
                  138.28                      -19.893855
               138.53999                      -19.876071
                   138.8                      -19.859563
                  139.06                      -19.844327
               139.31999                      -19.830353
                  139.58                      -19.817642
                  139.84                      -19.806192
               140.10001                      -19.796003
                  140.36                      -19.787072
                  140.62                      -19.779386
                  140.88                      -19.772939
                  141.14                      -19.767721
               141.39999                       -19.76373
                  141.66                      -19.760967
                  141.92                      -19.759431
               142.17999                       -19.75912
                  142.44                      -19.760024
                   142.7                      -19.762132
               142.96001                      -19.765437
                  143.22                      -19.769933
                  143.48                      -19.775619
               143.74001                      -19.782496
                     144                      -19.790562
               144.25999                      -19.799807
                  144.52                      -19.810219
                  144.78                      -19.821787
               145.03999                      -19.834503
                   145.3                      -19.848366
                  145.56                      -19.863375
               145.81999                      -19.879526
                  146.08                      -19.896811
                  146.34                      -19.915214
               146.60001                      -19.934724
                  146.86                      -19.955327
                  147.12                       -19.97702
                  147.38                      -19.999797
                  147.64                      -20.023657
               147.89999                      -20.048588
                  148.16                      -20.074573
                  148.42                      -20.101595
               148.67999                      -20.129638
                  148.94                      -20.158691
                   149.2                      -20.188749
               149.46001                      -20.219805
                  149.72                      -20.251846
                  149.98                      -20.284852
               150.24001                        -20.3188
                   150.5                      -20.353671
               150.75999                      -20.389444
                  151.02                      -20.426109
                  151.28                      -20.463658
               151.53999                      -20.502073
                   151.8                      -20.541331
                  152.06                      -20.581402
               152.31999                      -20.622257
                  152.58                      -20.663869
                  152.84                      -20.706223
               153.10001                      -20.749302
                  153.36                      -20.793086
                  153.62                      -20.837546
                  153.88                      -20.882643
                  154.14                      -20.928339
               154.39999                      -20.974599
                  154.66                      -21.021396
                  154.92                      -21.068707
               155.17999                      -21.116509
                  155.44                      -21.164761
                   155.7                       -21.21342
               155.96001                      -21.262434
                  156.22                      -21.311756
                  156.48                       -21.36135
               156.74001                      -21.411182
                     157                      -21.461221
               157.25999                      -21.511425
                  157.52                      -21.561736
                  157.78                      -21.612092
               158.03999                      -21.662431
                   158.3                      -21.712702
                  158.56                      -21.762868
               158.81999                      -21.812887
                  159.08                       -21.86271
                  159.34                      -21.912272
               159.60001                      -21.961497
                  159.86                      -22.010309
                  160.12                      -22.058647
                  160.38                      -22.106462
                  160.64                      -22.153708
               160.89999                      -22.200333
                  161.16                      -22.246265
                  161.42                      -22.291417
               161.67999                      -22.335701
                  161.94                      -22.379045
                   162.2                      -22.421393
               162.46001                      -22.462703
                  162.72                      -22.502923
                  162.98                      -22.541979
               163.24001                       -22.57978
                   163.5                      -22.616229
               163.75999                      -22.651246
                  164.02                      -22.684778
                  164.28                      -22.716791
               164.53999                      -22.747246
                   164.8                      -22.776079
                  165.06                        -22.8032
               165.31999                      -22.828509
                  165.58                      -22.851923
                  165.84                      -22.873402
               166.10001                      -22.892932
                  166.36                      -22.910507
                  166.62                      -22.926081
                  166.88                      -22.939579
                  167.14                      -22.950894
               167.39999                      -22.959948
                  167.66                      -22.966715
                  167.92                      -22.971226
               168.17999                      -22.973527
                  168.44                      -22.973621
                   168.7                      -22.971437
               168.96001                      -22.966839
                  169.22                      -22.959709
                  169.48                      -22.950019
               169.74001                      -22.937885
                     170                      -22.923541
               170.25999                      -22.907237
                  170.52                      -22.889124
                  170.78                      -22.869168
               171.03999                      -22.847161
                   171.3                       -22.82282
                  171.56                      -22.795911
               171.81999                      -22.766369
                  172.08                      -22.734307
                  172.34                      -22.699968
               172.60001                      -22.663604
                  172.86                      -22.625386
                  173.12                      -22.585367
                  173.38                      -22.543521
                  173.64                      -22.499809
               173.89999                      -22.454252
                  174.16                      -22.406939
                  174.42                      -22.358005
               174.67999                      -22.307579
                  174.94                      -22.255745
                   175.2                      -22.202546
               175.46001                      -22.148006
                  175.72                      -22.092174
                  175.98                      -22.035133
               176.24001                      -21.977006
                   176.5                      -21.917913
               176.75999                      -21.857954
                  177.02                      -21.797196
                  177.28                      -21.735693
               177.53999                      -21.673506
                   177.8                      -21.610723
                  178.06                      -21.547451
               178.31999                       -21.48381
                  178.58                      -21.419904
                  178.84                      -21.355814
               179.10001                      -21.291606
                  179.36                      -21.227346
                  179.62                      -21.163119
                  179.88                      -21.099029
                  180.14                      -21.035183
               180.39999                      -20.971684
                  180.66                      -20.908616
                  180.92                      -20.846045
               181.17999                      -20.784036
                  181.44                      -20.722665
                   181.7                      -20.662015
               181.96001                      -20.602179
                  182.22                      -20.543247
                  182.48                      -20.485283
               182.74001                      -20.428344
                     183                      -20.372472
               183.25999                      -20.317715
                  183.52                      -20.264127
                  183.78                      -20.211762
               184.03999                      -20.160671
                   184.3                      -20.110889
                  184.56                      -20.062428
               184.81999                      -20.015296
                  185.08                      -19.969489
                  185.34                      -19.925009
               185.60001                      -19.881861
                  185.86                      -19.840042
                  186.12                      -19.799535
                  186.38                      -19.760308
                  186.64                      -19.722316
               186.89999                      -19.685509
                  187.16                      -19.649839
                  187.42                      -19.615263
               187.67999                      -19.581735
                  187.94                      -19.549203
                   188.2                      -19.517606
               188.46001                      -19.486871
                  188.72                      -19.456926
                  188.98                      -19.427703
               189.24001                      -19.399144
                   189.5                      -19.371195
               189.75999                      -19.343803
                  190.02                      -19.316907
                  190.28                      -19.290448
               190.53999                      -19.264363
                   190.8                        -19.2386
                  191.06                      -19.213116
               191.31999                      -19.187877
                  191.58                      -19.162853
                  191.84                      -19.138011
               192.10001                      -19.113319
                  192.36                      -19.088743
                  192.62                      -19.064256
                  192.88                      -19.039843
                  193.14                      -19.015494
               193.39999                      -18.991205
                  193.66                      -18.966972
                  193.92                      -18.942786
               194.17999                      -18.918639
                  194.44                      -18.894524
                   194.7                      -18.870443
               194.96001                      -18.846404
                  195.22                      -18.822421
                  195.48                      -18.798503
               195.74001                      -18.774658
                     196                      -18.750891
               196.25999                      -18.727204
                  196.52                      -18.703607
                  196.78                      -18.680118
               197.03999                      -18.656753
                   197.3                      -18.633528
                  197.56                      -18.610456
               197.81999                      -18.587541
                  198.08                      -18.564789
                  198.34                      -18.542211
               198.60001                       -18.51982
                  198.86                      -18.497636
                  199.12                      -18.475674
                  199.38                       -18.45395
                  199.64                      -18.432472
               199.89999                      -18.411244
                  200.16                      -18.390275
                  200.42                      -18.369574
               200.67999                      -18.349158
                  200.94                      -18.329039
                   201.2                       -18.30923
               201.46001                      -18.289737
                  201.72                      -18.270563
                  201.98                       -18.25171
               202.24001                      -18.233187
                   202.5                      -18.215002
               202.75999                       -18.19717
                  203.02                      -18.179697
                  203.28                      -18.162587
               203.53999                      -18.145842
                   203.8                      -18.129461
                  204.06                      -18.113446
               204.31999                      -18.097805
                  204.58                      -18.082544
                  204.84                       -18.06767
               205.10001                      -18.053184
                  205.36                      -18.039085
                  205.62                      -18.025367
                  205.88                      -18.012032
                  206.14                      -17.999079
               206.39999                      -17.986512
                  206.66                      -17.974336
                  206.92                      -17.962548
               207.17999                      -17.951145
                  207.44                      -17.940119
                   207.7                      -17.929462
               207.96001                      -17.919176
                  208.22                      -17.909259
                  208.48                      -17.899709
               208.74001                      -17.890524
                     209                      -17.881697
               209.25999                      -17.873217
                  209.52                      -17.865076
                  209.78                      -17.857266
               210.03999                       -17.84978
                   210.3                      -17.842622
                  210.56                      -17.835779
               210.81999                      -17.829246
                  211.08                      -17.823009
                  211.34                      -17.817053
               211.60001                      -17.811372
                  211.86                      -17.805956
                  212.12                      -17.800801
                  212.38                      -17.795899
                  212.64                       -17.79124
               212.89999                      -17.786809
                  213.16                      -17.782592
                  213.42                      -17.778579
               213.67999                      -17.774756
                  213.94                      -17.771121
                   214.2                      -17.767666
               214.46001                      -17.764379
                  214.72                      -17.761249
                  214.98                      -17.758258
               215.24001                      -17.755398
                   215.5                      -17.752657
               215.75999                      -17.750031
                  216.02                      -17.747513
                  216.28                      -17.745096
               216.53999                      -17.742768
                   216.8                      -17.740518
                  217.06                      -17.738333
               217.31999                      -17.736208
                  217.58                      -17.734139
                  217.84                      -17.732122
               218.10001                      -17.730153
                  218.36                      -17.728226
                  218.62                      -17.726331
                  218.88                      -17.724461
                  219.14                      -17.722609
               219.39999                      -17.720778
                  219.66                      -17.718967
                  219.92                      -17.717176
               220.17999                      -17.715401
                  220.44                      -17.713639
                   220.7                      -17.711887
               220.96001                      -17.710138
                  221.22                      -17.708397
                  221.48                       -17.70667
               221.74001                      -17.704958
                     222                      -17.703265
               222.25999                      -17.701587
                  222.52                      -17.699924
                  222.78                      -17.698274
               223.03999                      -17.696644
                   223.3                      -17.695039
                  223.56                      -17.693466
               223.81999                      -17.691927
                  224.08                      -17.690426
                  224.34                      -17.688961
               224.60001                      -17.687535
                  224.86                      -17.686153
                  225.12                      -17.684819
                  225.38                      -17.683542
                  225.64                      -17.682329
               225.89999                      -17.681182
                  226.16                        -17.6801
                  226.42                      -17.679085
               226.67999                      -17.678141
                  226.94                      -17.677275
                   227.2                      -17.676493
               227.46001                      -17.675803
                  227.72                      -17.675206
                  227.98                      -17.674701
               228.24001                       -17.67429
                   228.5                      -17.673974
               228.75999                      -17.673757
                  229.02                      -17.673649
                  229.28                       -17.67365
               229.53999                      -17.673766
                   229.8                      -17.673993
                  230.06                      -17.674332
               230.31999                      -17.674781
                  230.58                      -17.675342
                  230.84                      -17.676022
               231.10001                      -17.676823
                  231.36                      -17.677746
                  231.62                       -17.67879
                  231.88                      -17.679951
                  232.14                      -17.681225
               232.39999                      -17.682613
                  232.66                      -17.684119
                  232.92                      -17.685744
               233.17999                      -17.687487
                  233.44                      -17.689346
                   233.7                      -17.691315
               233.96001                       -17.69339
                  234.22                      -17.695568
                  234.48                      -17.697848
               234.74001                      -17.700234
                     235                      -17.702725
               235.25999                      -17.705314
                  235.52                      -17.707995
                  235.78                      -17.710763
               236.03999                      -17.713611
                   236.3                      -17.716539
                  236.56                      -17.719546
               236.81999                      -17.722631
                  237.08                       -17.72579
                  237.34                      -17.729014
               237.60001                      -17.732295
                  237.86                      -17.735624
                  238.12                      -17.739002
                  238.38                      -17.742425
                  238.64                      -17.745894
               238.89999                        -17.7494
                  239.16                      -17.752936
                  239.42                      -17.756494
               239.67999                      -17.760063
                  239.94                      -17.763642
                   240.2                      -17.767228
               240.46001                      -17.770817
                  240.72                      -17.774405
                  240.98                      -17.777985
               241.24001                      -17.781543
                   241.5                      -17.785073
               241.75999                       -17.78857
                  242.02                      -17.792031
                  242.28                      -17.795451
               242.53999                      -17.798829
                   242.8                      -17.802156
                  243.06                      -17.805419
               243.31999                      -17.808613
                  243.58                      -17.811728
                  243.84                      -17.814763
               244.10001                      -17.817714
                  244.36                       -17.82058
                  244.62                      -17.823352
                  244.88                       -17.82602
                  245.14                      -17.828573
               245.39999                      -17.831009
                  245.66                      -17.833319
                  245.92                      -17.835504
               246.17999                      -17.837561
                  246.44                      -17.839485
                   246.7                      -17.841266
               246.96001                      -17.842894
                  247.22                      -17.844362
                  247.48                      -17.845666
               247.74001                      -17.846807
                     248                      -17.847781
               248.25999                      -17.848586
                  248.52                      -17.849212
                  248.78                       -17.84965
               249.03999                      -17.849893
                   249.3                      -17.849937
                  249.56                      -17.849784
               249.81999                      -17.849432
                  250.08                      -17.848878
                  250.34                      -17.848114
               250.60001                      -17.847134
                  250.86                      -17.845931
                  251.12                        -17.8445
                  251.38                      -17.842841
                  251.64                      -17.840957
               251.89999                      -17.838845
                  252.16                      -17.836501
                  252.42                      -17.833917
               252.67999                      -17.831087
                  252.94                      -17.828007
                   253.2                       -17.82468
               253.46001                      -17.821105
                  253.72                      -17.817284
                  253.98                      -17.813214
               254.24001                      -17.808888
                   254.5                      -17.804301
               254.75999                      -17.799451
                  255.02                      -17.794337
                  255.28                      -17.788963
               255.53999                      -17.783332
                   255.8                      -17.777443
                  256.06                       -17.77129
               256.32001                      -17.764869
               256.57999                      -17.758177
                  256.84                      -17.751217
               257.10001                       -17.74399
               257.35999                      -17.736502
                  257.62                      -17.728756
                  257.88                      -17.720746
               258.13998                      -17.712468
               258.39999                       -17.70392
                  258.66                      -17.695106
               258.92001                       -17.68603
               259.17999                      -17.676697
                  259.44                      -17.667112
               259.70001                       -17.65727
               259.95999                      -17.647171
                  260.22                      -17.636812
               260.48001                      -17.626197
               260.73999                      -17.615329
                     261                      -17.604218
               261.26001                      -17.592868
               261.51999                       -17.58128
                  261.78                      -17.569451
               262.04001                       -17.55738
               262.29999                       -17.54507
                  262.56                      -17.532528
               262.82001                      -17.519761
               263.07999                      -17.506777
                  263.34                      -17.493578
               263.60001                      -17.480162
               263.85999                      -17.466529
                  264.12                      -17.452684
                  264.38                      -17.438631
               264.63998                      -17.424379
               264.89999                      -17.409938
                  265.16                      -17.395311
               265.42001                      -17.380498
               265.67999                      -17.365499
                  265.94                      -17.350316
               266.20001                      -17.334957
               266.45999                       -17.31943
                  266.72                      -17.303746
               266.98001                      -17.287909
               267.23999                      -17.271921
                   267.5                      -17.255779
               267.76001                       -17.23949
               268.01999                      -17.223055
                  268.28                      -17.206487
               268.54001                      -17.189795
               268.79999                      -17.172986
                  269.06                       -17.15606
               269.32001                      -17.139019
               269.57999                      -17.121863
                  269.84                      -17.104597
               270.10001                      -17.087231
               270.35999                      -17.069774
                  270.62                      -17.052234
                  270.88                      -17.034614
               271.13998                      -17.016914
               271.39999                      -16.999132
                  271.66                      -16.981273
               271.92001                      -16.963346
               272.17999                       -16.94536
                  272.44                      -16.927325
               272.70001                      -16.909241
               272.95999                       -16.89111
                  273.22                       -16.87293
               273.48001                      -16.854704
               273.73999                      -16.836439
                     274                      -16.818144
               274.26001                       -16.79983
               274.51999                      -16.781498
                  274.78                      -16.763147
               275.04001                      -16.744779
               275.29999                      -16.726392
                  275.56                      -16.707993
               275.82001                      -16.689591
               276.07999                      -16.671196
                  276.34                       -16.65281
               276.60001                      -16.634436
               276.85999                      -16.616071
                  277.12                      -16.597712
                  277.38                      -16.579368
               277.63998                      -16.561045
               277.89999                      -16.542752
                  278.16                      -16.524496
               278.42001                      -16.506276
               278.67999                      -16.488093
                  278.94                      -16.469941
               279.20001                      -16.451826
               279.45999                      -16.433757
                  279.72                      -16.415741
               279.98001                      -16.397785
               280.23999                      -16.379892
                   280.5                      -16.362058
               280.76001                      -16.344282
               281.01999                      -16.326565
                  281.28                      -16.308912
               281.54001                      -16.291339
               281.79999                      -16.273848
                  282.06                      -16.256442
               282.32001                      -16.239121
               282.57999                      -16.221879
                  282.84                      -16.204719
               283.10001                      -16.187646
               283.35999                      -16.170669
                  283.62                      -16.153798
                  283.88                      -16.137034
               284.13998                      -16.120377
               284.39999                       -16.10382
                  284.66                      -16.087366
               284.92001                      -16.071019
               285.17999                      -16.054786
                  285.44                      -16.038676
               285.70001                      -16.022695
               285.95999                       -16.00684
                  286.22                      -15.991106
               286.48001                      -15.975494
               286.73999                      -15.960004
                     287                      -15.944644
               287.26001                      -15.929426
               287.51999                      -15.914353
                  287.78                      -15.899423
               288.04001                      -15.884633
               288.29999                      -15.869978
                  288.56                      -15.855462
               288.82001                      -15.841088
               289.07999                      -15.826869
                  289.34                      -15.812809
               289.60001                      -15.798907
               289.85999                      -15.785161
                  290.12                      -15.771564
                  290.38                      -15.758115
               290.63998                      -15.744821
               290.89999                       -15.73169
                  291.16                      -15.718729
               291.42001                      -15.705938
               291.67999                      -15.693313
                  291.94                      -15.680849
               292.20001                      -15.668541
               292.45999                      -15.656395
                  292.72                      -15.644418
               292.98001                      -15.632618
               293.23999                      -15.620996
                   293.5                       -15.60955
               293.76001                      -15.598271
               294.01999                      -15.587153
                  294.28                      -15.576201
               294.54001                       -15.56542
               294.79999                      -15.554819
                  295.06                        -15.5444
               295.32001                      -15.534161
               295.57999                      -15.524091
                  295.84                      -15.514186
               296.10001                      -15.504445
               296.35999                      -15.494873
                  296.62                      -15.485479
                  296.88                      -15.476265
               297.13998                      -15.467229
               297.39999                      -15.458363
                  297.66                      -15.449657
               297.92001                      -15.441108
               298.17999                      -15.432722
                  298.44                      -15.424504
               298.70001                      -15.416459
               298.95999                      -15.408586
                  299.22                      -15.400873
               299.48001                      -15.393311
               299.73999                      -15.385893
                     300                      -15.378623

