        Frequency / MHz                S1,1 (Mesh Pass=5)/arg,degrees
----------------------------------------------------------------------
                      40                       75.754707
               40.259998                       73.908971
                   40.52                       72.065374
               40.779999                       70.223948
               41.040001                       68.384714
               41.299999                       66.547707
               41.560001                       64.712961
                   41.82                       62.880511
               42.079998                       61.050381
                   42.34                       59.222614
               42.599998                       57.397235
               42.860001                       55.574271
               43.119999                       53.753771
               43.380001                       51.935754
               43.639999                       50.120258
               43.900002                       48.307322
                   44.16                       46.496971
               44.419998                       44.689248
                   44.68                       42.884183
               44.939999                       41.081817
               45.200001                       39.282182
               45.459999                       37.485328
               45.720001                       35.691283
                   45.98                       33.900096
               46.240002                       32.111794
                    46.5                       30.326429
               46.759998                       28.544035
                   47.02                       26.764652
               47.279999                       24.988314
               47.540001                        23.21506
               47.799999                       21.444927
               48.060001                        19.67794
                   48.32                       17.914129
               48.579998                       16.153517
                   48.84                       14.396132
               49.099998                       12.641986
               49.360001                       10.891096
               49.619999                        9.143473
               49.880001                       7.3991207
               50.139999                       5.6580459
               50.400002                       3.9202467
                   50.66                       2.1857208
               50.919998                      0.45446265
                   51.18                      -1.2735357
               51.439999                      -2.9982845
               51.700001                      -4.7197948
               51.959999                      -6.4380803
               52.220001                      -8.1531539
                   52.48                      -9.8650343
               52.740002                      -11.573735
                      53                      -13.279277
               53.259998                      -14.981676
                   53.52                      -16.680957
               53.779999                      -18.377148
               54.040001                      -20.070263
               54.299999                       -21.76034
               54.560001                      -23.447411
                   54.82                      -25.131511
               55.079998                      -26.812692
                   55.34                       -28.49098
               55.599998                      -30.166456
               55.860001                      -31.839151
               56.119999                      -33.509166
               56.380001                      -35.176527
               56.639999                      -36.841319
               56.900002                      -38.503677
                   57.16                      -40.163613
               57.419998                      -41.821301
                   57.68                      -43.476754
               57.939999                      -45.130138
               58.200001                      -46.781537
               58.459999                       -48.43107
               58.720001                      -50.078839
                   58.98                      -51.724926
               59.240002                      -53.369487
                    59.5                      -55.012614
               59.759998                       -56.65443
                   60.02                      -58.294997
               60.279999                      -59.934494
               60.540001                      -61.572973
               60.799999                       -63.21058
               61.060001                      -64.847414
                   61.32                      -66.483579
               61.579998                      -68.119205
                   61.84                      -69.754372
               62.099998                      -71.389227
               62.360001                      -73.023882
               62.619999                      -74.658448
               62.880001                       -76.29307
               63.139999                      -77.927868
               63.400002                      -79.562995
                   63.66                      -81.198586
               63.919998                      -82.834792
                   64.18                      -84.471778
               64.440002                      -86.109705
               64.699997                      -87.748731
               64.959999                      -89.389049
               65.220001                      -91.030808
               65.480003                       -92.67422
               65.739998                      -94.319441
                      66                      -95.966678
               66.260002                      -97.616086
               66.519997                      -99.267886
               66.779999                      -100.92223
               67.040001                      -102.57931
               67.300003                      -104.23932
               67.559998                      -105.90242
                   67.82                      -107.56879
               68.080002                      -109.23859
               68.339996                        -110.912
               68.599998                      -112.58919
               68.860001                      -114.27031
               69.120003                      -115.95554
               69.379997                      -117.64501
               69.639999                       -119.3389
               69.900002                      -121.03737
               70.159996                       -122.7406
               70.419998                      -124.44875
                   70.68                      -126.16197
               70.940002                      -127.88044
               71.199997                      -129.60436
               71.459999                      -131.33389
               71.720001                      -133.06924
               71.980003                      -134.81062
               72.239998                      -136.55821
                    72.5                      -138.31224
               72.760002                      -140.07294
               73.019997                      -141.84053
               73.279999                      -143.61525
               73.540001                      -145.39737
               73.800003                      -147.18712
               74.059998                       -148.9848
                   74.32                      -150.79066
               74.580002                      -152.60501
               74.839996                      -154.42814
               75.099998                      -156.26037
               75.360001                      -158.10204
               75.620003                      -159.95343
               75.879997                      -161.81495
               76.139999                      -163.68694
               76.400002                       -165.5698
               76.659996                      -167.46392
               76.919998                      -169.36972
                   77.18                      -171.28766
               77.440002                      -173.21821
               77.699997                      -175.16188
               77.959999                      -177.11918
               78.220001                      -179.09069
               78.480003                       178.92304
               78.739998                       176.92131
                      79                        174.9035
               79.260002                       172.86888
               79.519997                        170.8167
               79.779999                       168.74614
               80.040001                       166.65635
               80.300003                       164.54643
               80.559998                       162.41543
                   80.82                       160.26228
               81.080002                       158.08595
               81.339996                       155.88528
               81.599998                       153.65906
               81.860001                       151.40601
               82.120003                       149.12482
               82.379997                       146.81404
               82.639999                       144.47222
               82.900002                       142.09781
               83.159996                       139.68922
               83.419998                       137.24473
                   83.68                       134.76267
               83.940002                       132.24121
               84.199997                       129.67856
               84.459999                       127.07285
               84.720001                       124.42224
               84.980003                       121.72486
               85.239998                       118.97888
                    85.5                       116.18255
               85.760002                       113.33417
               86.019997                       110.43218
               86.279999                       107.47531
               86.540001                       104.46232
               86.800003                       101.39243
               87.059998                       98.265129
                   87.32                       95.080348
               87.580002                       91.838522
               87.839996                       88.540579
               88.099998                       85.188213
               88.360001                       81.783609
               88.620003                       78.329775
               88.879997                       74.830532
               89.139999                       71.290446
               89.400002                       67.714731
               89.659996                       64.109458
               89.919998                       60.481315
                   90.18                       56.837546
               90.440002                       53.185879
               90.699997                       49.534241
               90.959999                       45.890802
               91.220001                       42.263724
               91.480003                       38.660938
               91.739998                        35.09006
                      92                        31.55825
               92.260002                       28.072094
               92.519997                        24.63741
               92.779999                       21.259473
               93.040001                       17.942595
               93.300003                       14.690388
               93.559998                       11.505743
                   93.82                       8.3907402
               94.080002                       5.3468264
               94.339996                       2.3748195
               94.599998                     -0.52500567
               94.860001                      -3.3528682
               95.120003                      -6.1093952
               95.379997                      -8.7955994
               95.639999                      -11.412683
               95.900002                      -13.962228
               96.159996                      -16.445822
               96.419998                      -18.865294
                   96.68                      -21.222556
               96.940002                      -23.519521
               97.199997                      -25.758213
               97.459999                      -27.940563
               97.720001                      -30.068554
               97.980003                      -32.144111
               98.239998                      -34.169124
                    98.5                      -36.145482
               98.760002                      -38.074899
               99.019997                       -39.95913
               99.279999                      -41.799812
               99.540001                      -43.598501
               99.800003                      -45.356783
                  100.06                      -47.076024
                  100.32                      -48.757616
                  100.58                      -50.402953
                  100.84                      -52.013156
                   101.1                      -53.589484
                  101.36                      -55.133025
                  101.62                      -56.644874
                  101.88                       -58.12604
                  102.14                      -59.577428
                   102.4                      -60.999995
                  102.66                      -62.394554
                  102.92                      -63.761956
                  103.18                      -65.102968
                  103.44                      -66.418272
                   103.7                      -67.708548
                  103.96                      -68.974484
                  104.22                      -70.216622
                  104.48                      -71.435618
                  104.74                      -72.631943
                     105                      -73.806133
                  105.26                      -74.958632
                  105.52                      -76.089902
                  105.78                      -77.200436
                  106.04                      -78.290534
                   106.3                      -79.360661
                  106.56                      -80.411062
                  106.82                      -81.442175
                  107.08                      -82.454245
                  107.34                      -83.447573
                   107.6                       -84.42246
                  107.86                      -85.379151
                  108.12                      -86.317864
                  108.38                      -87.238902
                  108.64                      -88.142344
                   108.9                      -89.028493
                  109.16                      -89.897485
                  109.42                       -90.74951
                  109.68                      -91.584678
                  109.94                       -92.40318
                   110.2                      -93.205099
                  110.46                      -93.990571
                  110.72                      -94.759705
                  110.98                      -95.512583
                  111.24                      -96.249233
                   111.5                       -96.96979
                  111.76                      -97.674255
                  112.02                      -98.362712
                  112.28                      -99.035103
                  112.54                      -99.691566
                   112.8                      -100.33207
                  113.06                      -100.95657
                  113.32                      -101.56511
                  113.58                      -102.15765
                  113.84                      -102.73417
                   114.1                      -103.29457
                  114.36                      -103.83902
                  114.62                      -104.36724
                  114.88                      -104.87923
                  115.14                      -105.37499
                   115.4                      -105.85436
                  115.66                      -106.31734
                  115.92                      -106.76376
                  116.18                      -107.19363
                  116.44                      -107.60672
                   116.7                      -108.00298
                  116.96                       -108.3823
                  117.22                      -108.74446
                  117.48                      -109.08947
                  117.74                       -109.4171
                     118                      -109.72714
                  118.26                      -110.01952
                  118.52                      -110.29404
                  118.78                      -110.55064
                  119.04                      -110.78898
                   119.3                      -111.00892
                  119.56                      -111.21043
                  119.82                      -111.39321
                  120.08                      -111.55708
                  120.34                      -111.70199
                   120.6                      -111.82761
                  120.86                      -111.93383
                  121.12                      -112.02049
                  121.38                      -112.08738
                  121.64                      -112.13448
                   121.9                      -112.16147
                  122.16                       -112.1683
                  122.42                       -112.1548
                  122.68                      -112.12092
                  122.94                      -112.06645
                   123.2                      -111.99137
                  123.46                      -111.89553
                  123.72                      -111.77892
                  123.98                      -111.64145
                  124.24                      -111.48315
                   124.5                      -111.30398
                  124.76                      -111.10405
                  125.02                      -110.88335
                  125.28                        -110.642
                  125.54                       -110.3801
                   125.8                      -110.09788
                  126.06                      -109.79544
                  126.32                      -109.47316
                  126.58                      -109.13133
                  126.84                       -108.7702
                   127.1                      -108.39017
                  127.36                      -107.99172
                  127.62                       -107.5753
                  127.88                      -107.14144
                  128.14                      -106.69076
               128.39999                      -106.22385
                  128.66                      -105.74136
                  128.92                      -105.24407
               129.17999                      -104.73263
                  129.44                      -104.20796
                   129.7                      -103.67089
               129.96001                      -103.12229
                  130.22                      -102.56298
                  130.48                      -101.99405
               130.74001                      -101.41644
                     131                      -100.83106
               131.25999                      -100.23918
                  131.52                      -99.641515
                  131.78                      -99.039311
               132.03999                      -98.433609
                   132.3                      -97.825477
                  132.56                      -97.215977
               132.81999                      -96.606097
                  133.08                      -95.996925
                  133.34                      -95.389449
               133.60001                      -94.784594
                  133.86                      -94.183401
                  134.12                      -93.586797
                  134.38                      -92.995604
                  134.64                      -92.410694
               134.89999                      -91.832887
                  135.16                      -91.262839
                  135.42                      -90.701316
               135.67999                      -90.148999
                  135.94                      -89.606382
                   136.2                      -89.074092
               136.46001                      -88.552593
                  136.72                      -88.042296
                  136.98                      -87.543665
               137.24001                         -87.057
                   137.5                       -86.58263
               137.75999                      -86.120827
                  138.02                      -85.671756
                  138.28                      -85.235662
               138.53999                      -84.812627
                   138.8                      -84.402789
                  139.06                      -84.006228
               139.31999                      -83.622945
                  139.58                      -83.253022
                  139.84                       -82.89635
               140.10001                      -82.552982
                  140.36                      -82.222784
                  140.62                      -81.905672
                  140.88                      -81.601564
                  141.14                      -81.310324
               141.39999                      -81.031789
                  141.66                      -80.765877
                  141.92                      -80.512285
               142.17999                      -80.270962
                  142.44                      -80.041658
                   142.7                      -79.824186
               142.96001                      -79.618323
                  143.22                      -79.423882
                  143.48                      -79.240669
               143.74001                      -79.068383
                     144                       -78.90689
               144.25999                      -78.755944
                  144.52                      -78.615324
                  144.78                      -78.484839
               145.03999                      -78.364191
                   145.3                      -78.253242
                  145.56                      -78.151772
               145.81999                       -78.05951
                  146.08                      -77.976292
                  146.34                      -77.901897
               146.60001                      -77.836081
                  146.86                      -77.778707
                  147.12                      -77.729585
                  147.38                      -77.688411
                  147.64                      -77.655081
               147.89999                      -77.629427
                  148.16                      -77.611177
                  148.42                      -77.600221
               148.67999                      -77.596342
                  148.94                      -77.599401
                   149.2                      -77.609183
               149.46001                      -77.625574
                  149.72                      -77.648414
                  149.98                      -77.677512
               150.24001                      -77.712727
                   150.5                      -77.753955
               150.75999                      -77.801055
                  151.02                       -77.85384
                  151.28                      -77.912224
               151.53999                      -77.976073
                   151.8                      -78.045222
                  152.06                      -78.119617
               152.31999                      -78.199092
                  152.58                      -78.283567
                  152.84                      -78.372934
               153.10001                      -78.467053
                  153.36                      -78.565846
                  153.62                      -78.669227
                  153.88                      -78.777062
                  154.14                      -78.889269
               154.39999                      -79.005791
                  154.66                      -79.126522
                  154.92                      -79.251378
               155.17999                      -79.380277
                  155.44                       -79.51311
                   155.7                      -79.649906
               155.96001                      -79.790471
                  156.22                      -79.934779
                  156.48                      -80.082804
               156.74001                      -80.234433
                     157                      -80.389615
               157.25999                      -80.548349
                  157.52                       -80.71047
                  157.78                      -80.876007
               158.03999                      -81.044904
                   158.3                      -81.217052
                  158.56                      -81.392451
               158.81999                      -81.571047
                  159.08                      -81.752757
                  159.34                      -81.937554
               159.60001                      -82.125439
                  159.86                      -82.316302
                  160.12                       -82.51017
                  160.38                      -82.706907
                  160.64                      -82.906513
               160.89999                      -83.109015
                  161.16                      -83.314275
                  161.42                      -83.522295
               161.67999                      -83.733075
                  161.94                      -83.946505
                   162.2                      -84.162557
               162.46001                       -84.38126
                  162.72                      -84.602531
                  162.98                      -84.826342
               163.24001                      -85.052667
                   163.5                      -85.281424
               163.75999                      -85.512639
                  164.02                       -85.74626
                  164.28                      -85.982174
               164.53999                      -86.220411
                   164.8                      -86.460916
                  165.06                      -86.703634
               165.31999                      -86.948509
                  165.58                      -87.195489
                  165.84                      -87.444545
               166.10001                      -87.695623
                  166.36                      -87.948613
                  166.62                      -88.203516
                  166.88                      -88.460249
                  167.14                      -88.718676
               167.39999                      -88.978824
                  167.66                      -89.240557
                  167.92                       -89.50382
               168.17999                      -89.768503
                  168.44                      -90.034525
                   168.7                       -90.30175
               168.96001                      -90.570122
                  169.22                      -90.839477
                  169.48                      -91.109734
               169.74001                      -91.380756
                     170                      -91.652433
               170.25999                      -91.924521
                  170.52                      -92.196963
                  170.78                      -92.469543
               171.03999                      -92.742067
                   171.3                      -93.014373
                  171.56                      -93.286215
               171.81999                      -93.557455
                  172.08                      -93.827849
                  172.34                      -94.097067
               172.60001                      -94.364947
                  172.86                      -94.631188
                  173.12                      -94.895517
                  173.38                      -95.157631
                  173.64                      -95.417206
               173.89999                      -95.673912
                  174.16                      -95.927449
                  174.42                      -96.177461
               174.67999                      -96.423512
                  174.94                        -96.6653
                   175.2                      -96.902445
               175.46001                      -97.134425
                  175.72                      -97.360969
                  175.98                      -97.581584
               176.24001                      -97.795834
                   176.5                      -98.003308
               176.75999                      -98.203513
                  177.02                       -98.39607
                  177.28                       -98.58054
               177.53999                      -98.756432
                   177.8                      -98.923361
                  178.06                      -99.080947
               178.31999                      -99.228698
                  178.58                      -99.366285
                  178.84                      -99.493272
               179.10001                       -99.60944
                  179.36                      -99.714461
                  179.62                      -99.808007
                  179.88                      -99.889915
                  180.14                      -99.959911
               180.39999                      -100.01794
                  180.66                      -100.06389
                  180.92                      -100.09777
               181.17999                      -100.11952
                  181.44                       -100.1293
                   181.7                      -100.12722
               181.96001                      -100.11356
                  182.22                      -100.08848
                  182.48                      -100.05242
               182.74001                      -100.00565
                     183                      -99.948764
               183.25999                      -99.882156
                  183.52                      -99.806478
                  183.78                       -99.72233
               184.03999                      -99.630368
                   184.3                      -99.531138
                  184.56                      -99.425571
               184.81999                      -99.314375
                  185.08                      -99.198208
                  185.34                      -99.077943
               185.60001                      -98.954288
                  185.86                      -98.828175
                  186.12                      -98.700205
                  186.38                      -98.571306
                  186.64                      -98.442133
               186.89999                      -98.313315
                  187.16                      -98.185755
                  187.42                      -98.059916
               187.67999                      -97.936563
                  187.94                      -97.816132
                   188.2                      -97.699254
               188.46001                      -97.586338
                  188.72                      -97.477929
                  188.98                      -97.374355
               189.24001                      -97.275974
                   189.5                      -97.183138
               189.75999                      -97.096094
                  190.02                      -97.014979
                  190.28                      -96.940093
               190.53999                       -96.87149
                   190.8                      -96.809363
                  191.06                      -96.753683
               191.31999                      -96.704615
                  191.58                      -96.662022
                  191.84                      -96.626013
               192.10001                      -96.596534
                  192.36                      -96.573449
                  192.62                      -96.556728
                  192.88                      -96.546236
                  193.14                      -96.541974
               193.39999                      -96.543668
                  193.66                      -96.551236
                  193.92                      -96.564541
               194.17999                      -96.583338
                  194.44                      -96.607626
                   194.7                      -96.637188
               194.96001                      -96.671721
                  195.22                      -96.711145
                  195.48                      -96.755268
               195.74001                      -96.803926
                     196                      -96.856901
               196.25999                      -96.914165
                  196.52                      -96.975254
                  196.78                      -97.040195
               197.03999                      -97.108798
                   197.3                      -97.180816
                  197.56                      -97.256139
               197.81999                      -97.334577
                  198.08                      -97.415993
                  198.34                      -97.500141
               198.60001                      -97.586938
                  198.86                      -97.676305
                  199.12                      -97.767966
                  199.38                       -97.86184
                  199.64                      -97.957737
               199.89999                      -98.055571
                  200.16                      -98.155183
                  200.42                      -98.256489
               200.67999                      -98.359406
                  200.94                      -98.463662
                   201.2                      -98.569229
               201.46001                      -98.675944
                  201.72                      -98.783862
                  201.98                      -98.892598
               202.24001                      -99.002373
                   202.5                      -99.112748
               202.75999                      -99.223889
                  203.02                      -99.335576
                  203.28                       -99.44792
               203.53999                      -99.560481
                   203.8                      -99.673479
                  204.06                      -99.786643
               204.31999                      -99.900078
                  204.58                      -100.01346
                  204.84                        -100.127
               205.10001                      -100.24039
                  205.36                      -100.35371
                  205.62                      -100.46687
                  205.88                      -100.57976
                  206.14                      -100.69233
               206.39999                      -100.80456
                  206.66                      -100.91636
                  206.92                      -101.02766
               207.17999                      -101.13847
                  207.44                      -101.24863
                   207.7                      -101.35824
               207.96001                      -101.46709
                  208.22                      -101.57528
                  208.48                      -101.68259
               208.74001                       -101.7892
                     209                      -101.89488
               209.25999                      -101.99962
                  209.52                      -102.10344
                  209.78                      -102.20628
               210.03999                      -102.30813
                   210.3                      -102.40883
                  210.56                       -102.5085
               210.81999                      -102.60702
                  211.08                      -102.70439
                  211.34                      -102.80056
               211.60001                      -102.89547
                  211.86                      -102.98913
                  212.12                      -103.08153
                  212.38                      -103.17261
                  212.64                      -103.26233
               212.89999                      -103.35075
                  213.16                      -103.43773
                  213.42                       -103.5233
               213.67999                      -103.60739
                  213.94                      -103.69007
                   214.2                      -103.77127
               214.46001                      -103.85093
                  214.72                      -103.92907
                  214.98                      -104.00562
               215.24001                      -104.08065
                   215.5                      -104.15408
               215.75999                      -104.22594
                  216.02                       -104.2961
                  216.28                      -104.36467
               216.53999                      -104.43155
                   216.8                       -104.4968
                  217.06                      -104.56034
               217.31999                      -104.62214
                  217.58                       -104.6823
                  217.84                      -104.74071
               218.10001                      -104.79738
                  218.36                      -104.85229
                  218.62                      -104.90546
                  218.88                      -104.95682
                  219.14                      -105.00649
               219.39999                       -105.0543
                  219.66                      -105.10031
                  219.92                      -105.14457
               220.17999                      -105.18697
                  220.44                      -105.22757
                   220.7                      -105.26637
               220.96001                       -105.3033
                  221.22                      -105.33838
                  221.48                      -105.37166
               221.74001                      -105.40308
                     222                      -105.43264
               222.25999                      -105.46034
                  222.52                      -105.48624
                  222.78                      -105.51023
               223.03999                      -105.53236
                   223.3                      -105.55263
                  223.56                       -105.5711
               223.81999                       -105.5876
                  224.08                       -105.6023
                  224.34                       -105.6152
               224.60001                      -105.62618
                  224.86                      -105.63536
                  225.12                      -105.64268
                  225.38                      -105.64809
                  225.64                      -105.65175
               225.89999                       -105.6535
                  226.16                      -105.65345
                  226.42                      -105.65159
               226.67999                      -105.64787
                  226.94                      -105.64235
                   227.2                      -105.63503
               227.46001                      -105.62591
                  227.72                      -105.61498
                  227.98                      -105.60219
               228.24001                      -105.58771
                   228.5                      -105.57143
               228.75999                       -105.5534
                  229.02                      -105.53362
                  229.28                      -105.51209
               229.53999                      -105.48881
                   229.8                      -105.46384
                  230.06                      -105.43718
               230.31999                      -105.40882
                  230.58                      -105.37876
                  230.84                      -105.34713
               231.10001                      -105.31374
                  231.36                      -105.27877
                  231.62                      -105.24216
                  231.88                      -105.20397
                  232.14                      -105.16413
               232.39999                      -105.12277
                  232.66                      -105.07987
                  232.92                       -105.0354
               233.17999                      -104.98939
                  233.44                       -104.9419
                   233.7                      -104.89289
               233.96001                      -104.84246
                  234.22                      -104.79055
                  234.48                      -104.73716
               234.74001                      -104.68241
                     235                       -104.6263
               235.25999                      -104.56881
                  235.52                      -104.50991
                  235.78                      -104.44975
               236.03999                      -104.38828
                   236.3                      -104.32555
                  236.56                      -104.26151
               236.81999                      -104.19627
                  237.08                      -104.12982
                  237.34                      -104.06218
               237.60001                      -103.99338
                  237.86                       -103.9235
                  238.12                      -103.85246
                  238.38                      -103.78039
                  238.64                      -103.70717
               238.89999                      -103.63297
                  239.16                      -103.55778
                  239.42                      -103.48156
               239.67999                       -103.4044
                  239.94                      -103.32632
                   240.2                      -103.24736
               240.46001                      -103.16748
                  240.72                      -103.08677
                  240.98                      -103.00525
               241.24001                      -102.92296
                   241.5                       -102.8399
               241.75999                      -102.75608
                  242.02                      -102.67161
                  242.28                      -102.58647
               242.53999                      -102.50069
                   242.8                       -102.4143
                  243.06                      -102.32731
               243.31999                      -102.23983
                  243.58                      -102.15175
                  243.84                      -102.06323
               244.10001                      -101.97427
                  244.36                      -101.88482
                  244.62                      -101.79499
                  244.88                      -101.70478
                  245.14                      -101.61424
               245.39999                      -101.52342
                  245.66                      -101.43228
                  245.92                      -101.34087
               246.17999                      -101.24929
                  246.44                      -101.15749
                   246.7                      -101.06553
               246.96001                      -100.97346
                  247.22                      -100.88128
                  247.48                      -100.78904
               247.74001                      -100.69675
                     248                      -100.60446
               248.25999                      -100.51217
                  248.52                      -100.41999
                  248.78                      -100.32787
               249.03999                      -100.23585
                   249.3                        -100.144
                  249.56                      -100.05225
               249.81999                      -99.960785
                  250.08                      -99.869533
                  250.34                      -99.778446
               250.60001                      -99.687686
                  250.86                      -99.597309
                  251.12                      -99.507206
                  251.38                       -99.41743
                  251.64                      -99.328091
               251.89999                      -99.239135
                  252.16                      -99.150616
                  252.42                      -99.062587
               252.67999                      -98.974998
                  252.94                      -98.887953
                   253.2                      -98.801456
               253.46001                      -98.715505
                  253.72                      -98.630155
                  253.98                       -98.54546
               254.24001                      -98.461312
                   254.5                      -98.377875
               254.75999                      -98.295174
                  255.02                      -98.213131
                  255.28                      -98.131797
               255.53999                      -98.051228
                   255.8                      -97.971424
                  256.06                      -97.892412
               256.32001                       -97.81422
               256.57999                       -97.73682
                  256.84                      -97.660267
               257.10001                      -97.584589
               257.35999                      -97.509758
                  257.62                      -97.435855
                  257.88                      -97.362827
               258.13998                      -97.290754
               258.39999                      -97.219584
                  258.66                      -97.149397
               258.92001                      -97.080166
               259.17999                      -97.011973
                  259.44                      -96.944737
               259.70001                      -96.878539
               259.95999                      -96.813352
                  260.22                      -96.749257
               260.48001                      -96.686146
               260.73999                      -96.624155
                     261                       -96.56323
               261.26001                      -96.503425
               261.51999                      -96.444712
                  261.78                      -96.387093
               262.04001                      -96.330621
               262.29999                       -96.27527
                  262.56                      -96.221065
               262.82001                      -96.167981
               263.07999                      -96.116017
                  263.34                      -96.065254
               263.60001                      -96.015613
               263.85999                      -95.967173
                  264.12                      -95.919854
                  264.38                      -95.873791
               264.63998                      -95.828848
               264.89999                      -95.785162
                  265.16                      -95.742542
               265.42001                      -95.701287
               265.67999                      -95.661126
                  265.94                      -95.622193
               266.20001                      -95.584464
               266.45999                      -95.547964
                  266.72                      -95.512692
               266.98001                      -95.478651
               267.23999                      -95.445811
                   267.5                      -95.414174
               267.76001                      -95.383793
               268.01999                      -95.354614
                  268.28                      -95.326666
               268.54001                      -95.299864
               268.79999                      -95.274346
                  269.06                      -95.249949
               269.32001                      -95.226863
               269.57999                      -95.204896
                  269.84                      -95.184133
               270.10001                      -95.164599
               270.35999                      -95.146294
                  270.62                      -95.129163
                  270.88                      -95.113209
               271.13998                      -95.098455
               271.39999                      -95.084904
                  271.66                      -95.072446
               271.92001                      -95.061217
               272.17999                      -95.051218
                  272.44                      -95.042311
               272.70001                      -95.034606
               272.95999                      -95.028022
                  273.22                       -95.02264
               273.48001                      -95.018378
               273.73999                      -95.015209
                     274                      -95.013241
               274.26001                       -95.01234
               274.51999                      -95.012586
                  274.78                      -95.013925
               275.04001                      -95.016356
               275.29999                      -95.019772
                  275.56                      -95.024416
               275.82001                      -95.030017
               276.07999                      -95.036737
                  276.34                      -95.044497
               276.60001                      -95.053294
               276.85999                      -95.063183
                  277.12                      -95.073976
                  277.38                      -95.085805
               277.63998                      -95.098756
               277.89999                      -95.112607
                  278.16                      -95.127497
               278.42001                       -95.14337
               278.67999                      -95.160145
                  278.94                      -95.177985
               279.20001                      -95.196646
               279.45999                      -95.216317
                  279.72                      -95.236917
               279.98001                      -95.258391
               280.23999                      -95.280794
                   280.5                      -95.304071
               280.76001                      -95.328222
               281.01999                      -95.353248
                  281.28                      -95.379094
               281.54001                      -95.405759
               281.79999                      -95.433298
                  282.06                      -95.461603
               282.32001                      -95.490727
               282.57999                      -95.520642
                  282.84                      -95.551297
               283.10001                      -95.582743
               283.35999                      -95.614899
                  283.62                       -95.64782
                  283.88                      -95.681452
               284.13998                      -95.715822
               284.39999                      -95.750902
                  284.66                      -95.786665
               284.92001                      -95.823084
               285.17999                      -95.860158
                  285.44                      -95.897888
               285.70001                      -95.936246
               285.95999                       -95.97526
                  286.22                      -96.014794
               286.48001                      -96.054954
               286.73999                       -96.09569
                     287                      -96.136999
               287.26001                      -96.178799
               287.51999                      -96.221174
                  287.78                      -96.264013
               288.04001                      -96.307371
               288.29999                      -96.351194
                  288.56                      -96.395508
               288.82001                       -96.44026
               289.07999                      -96.485475
                  289.34                      -96.531074
               289.60001                      -96.577109
               289.85999                      -96.623554
                  290.12                       -96.67041
                  290.38                      -96.717619
               290.63998                       -96.76524
               290.89999                      -96.813132
                  291.16                      -96.861409
               291.42001                      -96.910012
               291.67999                      -96.958862
                  291.94                      -97.008067
               292.20001                       -97.05749
               292.45999                      -97.107214
                  292.72                      -97.157129
               292.98001                      -97.207316
               293.23999                      -97.257697
                   293.5                      -97.308295
               293.76001                      -97.359029
               294.01999                      -97.409982
                  294.28                      -97.461072
               294.54001                      -97.512299
               294.79999                      -97.563661
                  295.06                      -97.615162
               295.32001                      -97.666743
               295.57999                      -97.718489
                  295.84                      -97.770262
               296.10001                      -97.822143
               296.35999                       -97.87408
                  296.62                      -97.926099
                  296.88                      -97.978117
               297.13998                      -98.030218
               297.39999                      -98.082319
                  297.66                      -98.134419
               297.92001                      -98.186547
               298.17999                      -98.238621
                  298.44                      -98.290722
               298.70001                      -98.342713
               298.95999                      -98.394705
                  299.22                      -98.446614
               299.48001                      -98.498468
               299.73999                      -98.550214
                     300                       -98.60185

