        Frequency / MHz                Port 1 [1] (6)/abs,linear
----------------------------------------------------------------------
                      40                       96.950022
                   40.26                       100.80619
                   40.52                       104.76572
                   40.78                       108.83205
                   41.04                       113.00787
                    41.3                        117.2949
                   41.56                       121.69393
                   41.82                        126.2053
                   42.08                       130.82949
                   42.34                       135.56799
                    42.6                       140.42395
                   42.86                       145.40274
                   43.12                        150.5121
                   43.38                       155.76203
                   43.64                       161.16415
                    43.9                       166.73099
                   44.16                       172.47505
                   44.42                       178.40809
                   44.68                       184.54055
                   44.94                       190.88158
                    45.2                       197.43941
                   45.46                       204.22219
                   45.72                       211.23916
                   45.98                       218.50192
                   46.24                       226.02553
                    46.5                        233.8292
                   46.76                       241.93647
                   47.02                       250.37459
                   47.28                       259.17335
                   47.54                        268.3633
                    47.8                       277.97376
                   48.06                       288.03085
                   48.32                       298.55586
                   48.58                       309.56399
                   48.84                       321.06364
                    49.1                       333.05568
                   49.36                        345.5322
                   49.62                       358.47356
                   49.88                       371.84223
                   50.14                       385.57168
                    50.4                       399.54843
                   50.66                       413.58603
                   50.92                       427.39123
                   51.18                       440.52575
                   51.44                       452.37275
                    51.7                         462.125
                   51.96                       468.81893
                   52.22                       471.43946
                   52.48                       469.10158
                   52.74                       461.27518
                      53                       447.97311
                   53.26                       429.81213
                   53.52                       407.90673
                   53.78                       383.64099
                   54.04                       358.41768
                    54.3                       333.47095
                   54.56                       309.77539
                   54.82                       288.03591
                   55.08                        268.7231
                   55.34                       252.12247
                    55.6                       238.37827
                   55.86                       227.52503
                   56.12                       219.50785
                   56.38                       214.19668
                   56.64                       211.40028
                    56.9                       210.88311
                   57.16                       212.38548
                   57.42                       215.64411
                   57.68                       220.41015
                   57.94                       226.46212
                    58.2                        233.6133
                   58.46                       241.71395
                   58.72                       250.64973
                   58.98                       260.33767
                   59.24                       270.72086
                    59.5                       281.76293
                   59.76                       293.44294
                   60.02                       305.75128
                   60.28                       318.68682
                   60.54                       332.25534
                    60.8                       346.46922
                   61.06                       361.34819
                   61.32                       376.92063
                   61.58                       393.22526
                   61.84                       410.31255
                    62.1                       428.24582
                   62.36                       447.10148
                   62.62                       466.96868
                   62.88                       487.94821
                   63.14                       510.15111
                    63.4                       533.69723
                   63.66                       558.71412
                   63.92                       585.33672
                   64.18                       613.70771
                   64.44                       643.97889
                    64.7                       676.31287
                   64.96                       710.88474
                   65.22                       747.88247
                   65.48                       787.50476
                   65.74                       829.95438
                      66                       875.42474
                   66.26                       924.07708
                   66.52                       976.00503
                   66.78                       1031.1835
                   67.04                       1089.3994
                    67.3                       1150.1625
                   67.56                        1212.602
                   67.82                       1275.3603
                   68.08                       1336.5105
                   68.34                        1393.543
                    68.6                       1443.4738
                   68.86                       1483.1221
                   69.12                        1509.556
                   69.38                       1520.6234
                   69.64                       1515.4069
                    69.9                       1494.4293
                   70.16                       1459.5242
                   70.42                       1413.4291
                   70.68                       1359.2627
                   70.94                       1300.0563
                    71.2                        1238.439
                   71.46                       1176.4915
                   71.72                       1115.7323
                   71.98                       1057.1816
                   72.24                        1001.458
                    72.5                       948.87855
                   72.76                       899.54735
                   73.02                       853.42667
                   73.28                       810.39098
                   73.54                       770.26584
                    73.8                        732.8546
                   74.06                       697.95582
                   74.32                       665.37378
                   74.58                       634.92427
                   74.84                       606.43697
                    75.1                         579.756
                   75.36                       554.73926
                   75.62                       531.25738
                   75.88                        509.1926
                   76.14                       488.43781
                    76.4                       468.89595
                   76.66                       450.47956
                   76.92                        433.1106
                   77.18                       416.72032
                   77.44                       401.24909
                    77.7                       386.64623
                   77.96                       372.86954
                   78.22                       359.88484
                   78.48                       347.66525
                   78.74                       336.19039
                      79                        325.4455
                   79.26                       315.42059
                   79.52                       306.10952
                   79.78                       297.50914
                   80.04                       289.61842
                    80.3                       282.43761
                   80.56                       275.96726
                   80.82                       270.20725
                   81.08                       265.15564
                   81.34                       260.80739
                    81.6                       257.15301
                   81.86                       254.17719
                   82.12                       251.85741
                   82.38                       250.16283
                   82.64                        249.0535
                    82.9                       248.48001
                   83.16                       248.38373
                   83.42                       248.69773
                   83.68                       249.34822
                   83.94                       250.25661
                    84.2                       251.34183
                   84.46                        252.5229
                   84.72                       253.72133
                   84.98                       254.86338
                   85.24                       255.88176
                    85.5                       256.71693
                   85.76                       257.31777
                   86.02                        257.6419
                   86.28                       257.65553
                   86.54                       257.33312
                    86.8                       256.65689
                   87.06                       255.61629
                   87.32                       254.20742
                   87.58                        252.4325
                   87.84                       250.29919
                    88.1                       247.81996
                   88.36                       245.01129
                   88.62                       241.89282
                   88.88                       238.48653
                   89.14                       234.81585
                    89.4                       230.90494
                   89.66                       226.77808
                   89.92                       222.45921
                   90.18                       217.97168
                   90.44                       213.33816
                    90.7                       208.58062
                   90.96                        203.7204
                   91.22                       198.77829
                   91.48                       193.77459
                   91.74                       188.72909
                      92                       183.66104
                   92.26                       178.58905
                   92.52                       173.53099
                   92.78                       168.50398
                   93.04                       163.52431
                    93.3                       158.60756
                   93.56                       153.76873
                   93.82                       149.02245
                   94.08                       144.38328
                   94.34                       139.86599
                    94.6                       135.48587
                   94.86                       131.25901
                   95.12                       127.20244
                   95.38                       123.33433
                   95.64                       119.67392
                    95.9                       116.24151
                   96.16                       113.05827
                   96.42                       110.14596
                   96.68                       107.52662
                   96.94                       105.22212
                    97.2                       103.25368
                   97.46                       101.64131
                   97.72                       100.40314
                   97.98                       99.554799
                   98.24                       99.108726
                    98.5                       99.073582
                   98.76                        99.45378
                   99.02                       100.24921
                   99.28                       101.45519
                   99.54                       103.06272
                    99.8                        105.0589
                  100.06                        107.4276
                  100.32                       110.15024
                  100.58                       113.20662
                  100.84                       116.57565
                   101.1                       120.23603
                  101.36                       124.16676
                  101.62                        128.3475
                  101.88                       132.75871
                  102.14                       137.38171
                   102.4                       142.19851
                  102.66                       147.19171
                  102.92                       152.34422
                  103.18                       157.63905
                  103.44                       163.05912
                   103.7                       168.58707
                  103.96                       174.20516
                  104.22                       179.89519
                  104.48                       185.63844
                  104.74                       191.41564
                     105                       197.20688
                  105.26                       202.99155
                  105.52                       208.74825
                  105.78                       214.45467
                  106.04                       220.08751
                   106.3                       225.62243
                  106.56                       231.03413
                  106.82                       236.29647
                  107.08                       241.38279
                  107.34                       246.26628
                   107.6                       250.92051
                  107.86                       255.31998
                  108.12                       259.44065
                  108.38                       263.26051
                  108.64                          266.76
                   108.9                       269.92234
                  109.16                       272.73377
                  109.42                       275.18369
                  109.68                       277.26476
                  109.94                       278.97291
                   110.2                       280.30742
                  110.46                       281.27093
                  110.72                       281.86947
                  110.98                       282.11243
                  111.24                       282.01243
                   111.5                       281.58512
                  111.76                       280.84884
                  112.02                       279.82417
                  112.28                       278.53338
                  112.54                       276.99993
                   112.8                       275.24786
                  113.06                       273.30135
                  113.32                       271.18435
                  113.58                       268.92031
                  113.84                       266.53208
                   114.1                       264.04181
                  114.36                       261.47099
                  114.62                       258.84042
                  114.88                       256.17018
                  115.14                       253.47964
                   115.4                       250.78726
                  115.66                       248.11052
                  115.92                       245.46577
                  116.18                       242.86806
                  116.44                       240.33109
                   116.7                        237.8672
                  116.96                       235.48735
                  117.22                       233.20125
                  117.48                       231.01746
                  117.74                       228.94347
                     118                       226.98585
                  118.26                       225.15026
                  118.52                       223.44146
                  118.78                       221.86331
                  119.04                       220.41869
                   119.3                       219.10951
                  119.56                       217.93662
                  119.82                       216.89998
                  120.08                       215.99868
                  120.34                       215.23122
                   120.6                        214.5957
                  120.86                       214.09016
                  121.12                       213.71284
                  121.38                       213.46247
                  121.64                        213.3384
                   121.9                        213.3408
                  122.16                       213.47063
                  122.42                       213.72964
                  122.68                       214.12029
                  122.94                       214.64561
                   123.2                       215.30909
                  123.46                       216.11462
                  123.72                       217.06635
                  123.98                        218.1687
                  124.24                       219.42627
                   124.5                       220.84385
                  124.76                       222.42637
                  125.02                       224.17877
                  125.28                       226.10596
                  125.54                       228.21262
                   125.8                        230.5031
                  126.06                       232.98124
                  126.32                       235.65027
                  126.58                       238.51274
                  126.84                       241.57048
                   127.1                       244.82466
                  127.36                       248.27583
                  127.62                       251.92407
                  127.88                       255.76906
                  128.14                       259.81018
                   128.4                       264.04652
                  128.66                       268.47693
                  128.92                       273.09989
                  129.18                       277.91345
                  129.44                       282.91507
                   129.7                       288.10157
                  129.96                       293.46892
                  130.22                       299.01226
                  130.48                       304.72584
                  130.74                       310.60302
                     131                       316.63631
                  131.26                       322.81734
                  131.52                       329.13691
                  131.78                        335.5848
                  132.04                       342.14973
                   132.3                       348.81904
                  132.56                       355.57849
                  132.82                       362.41191
                  133.08                       369.30089
                  133.34                       376.22456
                   133.6                       383.15938
                  133.86                       390.07906
                  134.12                       396.95453
                  134.38                       403.75402
                  134.64                        410.4432
                   134.9                       416.98535
                  135.16                       423.34151
                  135.42                       429.47067
                  135.68                       435.33001
                  135.94                       440.87517
                   136.2                       446.06059
                  136.46                        450.8401
                  136.72                       455.16763
                  136.98                       458.99815
                  137.24                       462.28881
                   137.5                       465.00016
                  137.76                       467.09746
                  138.02                       468.55182
                  138.28                       469.34128
                  138.54                       469.45152
                   138.8                       468.87634
                  139.06                       467.61775
                  139.32                       465.68588
                  139.58                       463.09863
                  139.84                       459.88109
                   140.1                       456.06504
                  140.36                       451.68817
                  140.62                       446.79344
                  140.88                       441.42824
                  141.14                       435.64358
                   141.4                       429.49321
                  141.66                       423.03273
                  141.92                       416.31865
                  142.18                       409.40761
                  142.44                       402.35559
                   142.7                       395.21744
                  142.96                       388.04643
                  143.22                       380.89415
                  143.48                        373.8105
                  143.74                        366.8439
                     144                       360.04156
                  144.26                       353.44985
                  144.52                       347.11464
                  144.78                       341.08162
                  145.04                       335.39656
                   145.3                       330.10552
                  145.56                       325.25489
                  145.82                       320.89144
                  146.08                       317.06216
                  146.34                       313.81411
                   146.6                       311.19405
                  146.86                         309.248
                  147.12                       308.02062
                  147.38                       307.55434
                  147.64                       307.88841
                   147.9                       309.05754
                  148.16                       311.09049
                  148.42                       314.00828
                  148.68                       317.82223
                  148.94                       322.53184
                   149.2                       328.12238
                  149.46                       334.56245
                  149.72                       341.80142
                  149.98                       349.76691
                  150.24                       358.36247
                   150.5                       367.46573
                  150.76                       376.92736
                  151.02                       386.57128
                  151.28                       396.19663
                  151.54                       405.58198
                   151.8                       414.49215
                  152.06                       422.68762
                  152.32                       429.93621
                  152.58                       436.02608
                  152.84                       440.77875
                   153.1                       444.06038
                  153.36                       445.78988
                  153.62                        445.9425
                  153.88                       444.54863
                  154.14                       441.68793
                   154.4                       437.48007
                  154.66                       432.07343
                  154.92                       425.63333
                  155.18                       418.33106
                  155.44                        410.3348
                   155.7                        401.8027
                  155.96                       392.87822
                  156.22                       383.68762
                  156.48                        374.3391
                  156.74                       364.92324
                     157                       355.51419
                  157.26                       346.17146
                  157.52                        336.9418
                  157.78                       327.86119
                  158.04                        318.9566
                   158.3                       310.24758
                  158.56                       301.74767
                  158.82                       293.46551
                  159.08                       285.40582
                  159.34                       277.57013
                   159.6                        269.9575
                  159.86                         262.565
                  160.12                       255.38825
                  160.38                       248.42184
                  160.64                       241.65963
                   160.9                       235.09515
                  161.16                       228.72178
                  161.42                       222.53296
                  161.68                       216.52234
                  161.94                        210.6838
                   162.2                       205.01149
                  162.46                       199.49983
                  162.72                       194.14343
                  162.98                       188.93713
                  163.24                        183.8759
                   163.5                       178.95495
                  163.76                       174.16966
                  164.02                       169.51576
                  164.28                       164.98931
                  164.54                       160.58683
                   164.8                       156.30537
                  165.06                       152.14252
                  165.32                       148.09641
                  165.58                       144.16573
                  165.84                       140.34965
                   166.1                       136.64776
                  166.36                       133.06002
                  166.62                       129.58675
                  166.88                       126.22856
                  167.14                       122.98639
                   167.4                       119.86158
                  167.66                       116.85586
                  167.92                       113.97145
                  168.18                       111.21104
                  168.44                        108.5778
                   168.7                       106.07525
                  168.96                       103.70721
                  169.22                       101.47756
                  169.48                       99.390053
                  169.74                        97.44813
                     170                       95.654696
                  170.26                        94.01197
                  170.52                       92.521369
                  170.78                       91.183425
                  171.04                       89.997745
                   171.3                       88.962966
                  171.56                        88.07672
                  171.82                       87.335554
                  172.08                       86.734838
                  172.34                        86.26865
                   172.6                       85.929667
                  172.86                       85.709099
                  173.12                       85.596695
                  173.38                        85.58084
                  173.64                       85.648765
                   173.9                       85.786859
                  174.16                       85.981045
                  174.42                       86.217215
                  174.68                       86.481654
                  174.94                       86.761471
                   175.2                       87.044995
                  175.46                       87.322189
                  175.72                         87.5851
                  175.98                       87.828424
                  176.24                       88.050205
                   176.5                       88.252736
                  176.76                       88.443611
                  177.02                       88.636884
                  177.28                       88.854177
                  177.54                       89.125552
                   177.8                       89.489899
                  178.06                       89.994579
                  178.32                        90.69415
                  178.58                       91.648046
                  178.84                       92.917332
                   179.1                       94.560788
                  179.36                       96.630828
                  179.62                       99.169826
                  179.88                        102.2074
                  180.14                       105.75901
                   180.4                       109.82603
                  180.66                       114.39695
                  180.92                       119.44948
                  181.18                       124.95309
                  181.44                        130.8715
                   181.7                       137.16495
                  181.96                       143.79212
                  182.22                       150.71159
                  182.48                       157.88296
                  182.74                        165.2676
                     183                       172.82925
                  183.26                       180.53432
                  183.52                       188.35211
                  183.78                       196.25487
                  184.04                        204.2178
                   184.3                       212.21893
                  184.56                       220.23892
                  184.82                       228.26093
                  185.08                       236.27033
                  185.34                       244.25462
                   185.6                       252.20325
                  185.86                       260.10761
                  186.12                       267.96106
                  186.38                        275.7589
                  186.64                       283.49852
                   186.9                       291.17931
                  187.16                       298.80264
                  187.42                       306.37169
                  187.68                        313.8912
                  187.94                       321.36715
                   188.2                       328.80644
                  188.46                       336.21661
                  188.72                       343.60562
                  188.98                       350.98183
                  189.24                       358.35402
                   189.5                       365.73166
                  189.76                       373.12518
                  190.02                       380.54637
                  190.28                        388.0087
                  190.54                       395.52759
                   190.8                       403.12058
                  191.06                       410.80739
                  191.32                       418.60977
                  191.58                       426.55143
                  191.84                       434.65774
                   192.1                       442.95566
                  192.36                       451.47352
                  192.62                         460.241
                  192.88                       469.28914
                  193.14                       478.65035
                   193.4                       488.35839
                  193.66                       498.44826
                  193.92                       508.95587
                  194.18                       519.91755
                  194.44                       531.36918
                   194.7                       543.34503
                  194.96                       555.87633
                  195.22                       568.98935
                  195.48                        582.7033
                  195.74                       597.02765
                     196                       611.95908
                  196.26                       627.47778
                  196.52                       643.54304
                  196.78                       660.08795
                  197.04                       677.01317
                   197.3                       694.17987
                  197.56                       711.40205
                  197.82                       728.43921
                  198.08                       744.99063
                  198.34                       760.69314
                   198.6                       775.12528
                  198.86                       787.82025
                  199.12                       798.29015
                  199.38                       806.06192
                  199.64                        810.7225
                   199.9                       811.96752
                  200.16                       809.64442
                  200.42                       803.78062
                  200.68                       794.58923
                  200.94                       782.45025
                   201.2                       767.87129
                  201.46                       751.43634
                  201.72                       733.75294
                  201.98                       715.40626
                  202.24                       696.92536
                   202.5                       678.76295
                  202.76                       661.28721
                  203.02                       644.78276
                  203.28                        629.4575
                  203.54                       615.45263
                   203.8                       602.85365
                  204.06                       591.70112
                  204.32                       582.00034
                  204.58                       573.72967
                  204.84                       566.84741
                   205.1                       561.29722
                  205.36                       557.01232
                  205.62                       553.91839
                  205.88                       551.93555
                  206.14                       550.97932
                   206.4                       550.96084
                  206.66                       551.78657
                  206.92                       553.35744
                  207.18                       555.56795
                  207.44                       558.30524
                   207.7                       561.44844
                  207.96                       564.86852
                  208.22                       568.42883
                  208.48                       571.98643
                  208.74                       575.39429
                     209                       578.50427
                  209.26                       581.17092
                  209.52                       583.25566
                  209.78                       584.63129
                  210.04                       585.18639
                   210.3                       584.82917
                  210.56                       583.49073
                  210.82                       581.12714
                  211.08                        577.7204
                  211.34                       573.27804
                   211.6                       567.83153
                  211.86                       561.43357
                  212.12                        554.1545
                  212.38                       546.07813
                  212.64                       537.29741
                   212.9                       527.91012
                  213.16                       518.01493
                  213.42                       507.70805
                  213.68                       497.08056
                  213.94                       486.21643
                   214.2                       475.19137
                  214.46                       464.07214
                  214.72                       452.91656
                  214.98                       441.77376
                  215.24                       430.68481
                   215.5                       419.68342
                  215.76                       408.79674
                  216.02                       398.04619
                  216.28                       387.44821
                  216.54                       377.01497
                   216.8                       366.75498
                  217.06                       356.67371
                  217.32                       346.77407
                  217.58                       337.05689
                  217.84                       327.52137
                   218.1                       318.16543
                  218.36                       308.98611
                  218.62                       299.97982
                  218.88                       291.14264
                  219.14                       282.47055
                   219.4                       273.95956
                  219.66                       265.60588
                  219.92                       257.40598
                  220.18                       249.35671
                  220.44                        241.4553
                   220.7                       233.69946
                  220.96                        226.0874
                  221.22                       218.61791
                  221.48                       211.29044
                  221.74                       204.10521
                     222                       197.06333
                  222.26                       190.16694
                  222.52                        183.4194
                  222.78                       176.82544
                  223.04                       170.39142
                   223.3                       164.12551
                  223.56                       158.03801
                  223.82                       152.14157
                  224.08                       146.45153
                  224.34                       140.98624
                   224.6                       135.76736
                  224.86                       130.82015
                  225.12                       126.17372
                  225.38                        121.8611
                  225.64                       117.91914
                   225.9                       114.38807
                  226.16                       111.31071
                  226.42                       108.73112
                  226.68                       106.69277
                  226.94                       105.23627
                   227.2                       104.39678
                  227.46                       104.20148
                  227.72                       104.66742
                  227.98                       105.80021
                  228.24                       107.59357
                   228.5                       110.03009
                  228.76                       113.08267
                  229.02                       116.71663
                  229.28                       120.89183
                  229.54                       125.56475
                   229.8                       130.69017
                  230.06                       136.22234
                  230.32                       142.11579
                  230.58                       148.32561
                  230.84                       154.80757
                   231.1                       161.51786
                  231.36                       168.41275
                  231.62                       175.44819
                  231.88                       182.57922
                  232.14                       189.75955
                   232.4                       196.94102
                  232.66                        204.0732
                  232.92                         211.103
                  233.18                       217.97448
                  233.44                       224.62883
                   233.7                       231.00454
                  233.96                       237.03792
                  234.22                       242.66399
                  234.48                       247.81766
                  234.74                        252.4354
                     235                        256.4572
                  235.26                       259.82873
                  235.52                       262.50362
                  235.78                       264.44565
                  236.04                       265.63053
                   236.3                       266.04725
                  236.56                       265.69869
                  236.82                       264.60154
                  237.08                       262.78542
                  237.34                        260.2914
                   237.6                       257.16992
                  237.86                       253.47853
                  238.12                       249.27941
                  238.38                       244.63708
                  238.64                       239.61618
                   238.9                       234.27977
                  239.16                       228.68782
                  239.42                       222.89621
                  239.68                       216.95602
                  239.94                       210.91318
                   240.2                       204.80834
                  240.46                       198.67701
                  240.72                       192.54981
                  240.98                       186.45286
                  241.24                       180.40825
                   241.5                       174.43455
                  241.76                       168.54733
                  242.02                        162.7597
                  242.28                       157.08281
                  242.54                        151.5264
                   242.8                       146.09927
                  243.06                       140.80971
                  243.32                       135.66601
                  243.58                       130.67684
                  243.84                        125.8517
                   244.1                       121.20132
                  244.36                       116.73805
                  244.62                       112.47631
                  244.88                       108.43288
                  245.14                       104.62726
                   245.4                       101.08186
                  245.66                       97.822153
                  245.92                       94.876491
                  246.18                       92.275787
                  246.44                       90.052791
                   246.7                       88.241035
                  246.96                         86.8734
                  247.22                       85.980432
                  247.48                       85.588537
                  247.74                       85.718319
                     248                       86.383313
                  248.26                       87.589338
                  248.52                        89.33458
                  248.78                       91.610379
                  249.04                       94.402555
                   249.3                       97.693034
                  249.56                       101.46153
                  249.82                       105.68706
                  250.08                       110.34925
                  250.34                       115.42923
                   250.6                       120.91028
                  250.86                       126.77817
                  251.12                       133.02131
                  251.38                       139.63068
                  251.64                       146.59965
                   251.9                       153.92376
                  252.16                       161.60032
                  252.42                       169.62802
                  252.68                       178.00645
                  252.94                       186.73553
                   253.2                       195.81487
                  253.46                       205.24308
                  253.72                       215.01688
                  253.98                       225.13018
                  254.24                         235.573
                   254.5                       246.33035
                  254.76                       257.38086
                  255.02                       268.69548
                  255.28                        280.2361
                  255.54                        291.9541
                   255.8                        303.7892
                  256.06                       315.66835
                  256.32                       327.50512
                  256.58                       339.19955
                  256.84                       350.63873
                   257.1                       361.69822
                  257.36                       372.24444
                  257.62                       382.13809
                  257.88                       391.23853
                  258.14                       399.40892
                   258.4                       406.52192
                  258.66                       412.46534
                  258.92                       417.14743
                  259.18                       420.50124
                  259.44                       422.48755
                   259.7                       423.09629
                  259.96                        422.3462
                  260.22                       420.28294
                  260.48                       416.97584
                  260.74                        412.5138
                     261                       407.00068
                  261.26                       400.55058
                  261.52                       393.28337
                  261.78                       385.32069
                  262.04                       376.78255
                   262.3                       367.78461
                  262.56                       358.43606
                  262.82                       348.83818
                  263.08                       339.08339
                  263.34                       329.25473
                   263.6                       319.42584
                  263.86                       309.66112
                  264.12                        300.0162
                  264.38                       290.53861
                  264.64                        281.2685
                   264.9                       272.23956
                  265.16                       263.47983
                  265.42                       255.01261
                  265.68                       246.85732
                  265.94                       239.03029
                   266.2                       231.54551
                  266.46                       224.41527
                  266.72                       217.65081
                  266.98                        211.2628
                  267.24                       205.26181
                   267.5                       199.65877
                  267.76                       194.46525
                  268.02                       189.69379
                  268.28                       185.35811
                  268.54                       181.47329
                   268.8                       178.05585
                  269.06                       175.12374
                  269.32                       172.69625
                  269.58                       170.79378
                  269.84                       169.43759
                   270.1                        168.6494
                  270.36                         168.451
                  270.62                        168.8638
                  270.88                       169.90844
                  271.14                       171.60448
                   271.4                       173.97014
                  271.66                       177.02219
                  271.92                       180.77596
                  272.18                       185.24538
                  272.44                       190.44315
                   272.7                       196.38086
                  272.96                       203.06914
                  273.22                       210.51767
                  273.48                       218.73513
                  273.74                       227.72891
                     274                       237.50472
                  274.26                       248.06588
                  274.52                       259.41251
                  274.78                       271.54031
                  275.04                       284.43914
                   275.3                       298.09143
                  275.56                       312.47024
                  275.82                       327.53726
                  276.08                       343.24075
                  276.34                       359.51358
                   276.6                        376.2716
                  276.86                        393.4126
                  277.12                       410.81605
                  277.38                       428.34391
                  277.64                       445.84276
                   277.9                       463.14719
                  278.16                       480.08449
                  278.42                       496.48023
                  278.68                       512.16446
                  278.94                       526.97769
                   279.2                       540.77625
                  279.46                       553.43633
                  279.72                       564.85633
                  279.98                       574.95746
                  280.24                       583.68263
                   280.5                       590.99416
                  280.76                       596.87074
                  281.02                       601.30433
                  281.28                       604.29758
                  281.54                       605.86218
                   281.8                       606.01831
                  282.06                       604.79523
                  282.32                       602.23259
                  282.58                       598.38228
                  282.84                       593.30994
                   283.1                       587.09591
                  283.36                       579.83509
                  283.62                       571.63557
                  283.88                       562.61596
                  284.14                       552.90187
                   284.4                       542.62171
                  284.66                       531.90238
                  284.92                       520.86528
                  285.18                       509.62287
                  285.44                        498.2761
                   285.7                       486.91273
                  285.96                       475.60646
                  286.22                        464.4169
                  286.48                       453.39008
                  286.74                       442.55941
                     287                       431.94699
                  287.26                       421.56511
                  287.52                       411.41779
                  287.78                       401.50244
                  288.04                       391.81141
                   288.3                       382.33357
                  288.56                       373.05575
                  288.82                       363.96402
                  289.08                       355.04489
                  289.34                       346.28623
                   289.6                       337.67803
                  289.86                       329.21286
                  290.12                       320.88609
                  290.38                         312.696
                  290.64                       304.64352
                   290.9                       296.73196
                  291.16                       288.96659
                  291.42                       281.35419
                  291.68                       273.90263
                  291.94                       266.62047
                   292.2                       259.51661
                  292.46                       252.60009
                  292.72                       245.87989
                  292.98                       239.36484
                  293.24                       233.06355
                   293.5                       226.98442
                  293.76                       221.13558
                  294.02                       215.52496
                  294.28                       210.16025
                  294.54                       205.04898
                   294.8                        200.1985
                  295.06                       195.61611
                  295.32                       191.30915
                  295.58                       187.28515
                  295.84                       183.55196
                   296.1                       180.11801
                  296.36                       176.99239
                  296.62                       174.18505
                  296.88                       171.70682
                  297.14                        169.5694
                   297.4                       167.78522
                  297.66                       166.36727
                  297.92                       165.32876
                  298.18                       164.68281
                  298.44                       164.44214
                   298.7                       164.61879
                  298.96                        165.2239
                  299.22                       166.26771
                  299.48                       167.75947
                  299.74                       169.70765
                     300                       172.11998

