        Frequency / MHz                S1,1 (6)/arg,degrees
----------------------------------------------------------------------
                      40                       144.56597
               40.259998                       142.89741
                   40.52                       141.21581
               40.779999                       139.52052
               41.040001                        137.8113
               41.299999                       136.08847
               41.560001                       134.35262
                   41.82                       132.60446
               42.080002                       130.84463
                   42.34                       129.07335
               42.599998                       127.29037
               42.860001                       125.49477
               43.119999                       123.68514
               43.380001                       121.85965
               43.639999                       120.01629
               43.900002                       118.15322
                   44.16                       116.26892
               44.419998                       114.36245
                   44.68                       112.43345
               44.939999                       110.48209
               45.200001                       108.50885
               45.459999                       106.51425
               45.720001                       104.49855
                   45.98                        102.4614
               46.240002                        100.4017
                    46.5                       98.317506
               46.759998                        96.20611
                   47.02                       94.064245
               47.279999                       91.888461
               47.540001                       89.675398
               47.799999                       87.422139
               48.060001                       85.126369
                   48.32                       82.786388
               48.580002                       80.400964
                   48.84                        77.96898
               49.099998                       75.489006
               49.360001                       72.958831
               49.619999                       70.375113
               49.880001                       67.733163
               50.139999                       65.027082
               50.400002                       62.250181
                   50.66                       59.395789
               50.919998                       56.458352
                   51.18                       53.434841
               51.439999                       50.326328
               51.700001                       47.139783
               51.959999                       43.890097
               52.220001                       40.602685
                   52.48                       37.317063
               52.740002                       34.092503
                      53                        31.01778
               53.259998                        28.22906
                   53.52                       25.945146
               53.779999                       24.541611
               54.040001                       24.719459
               54.299999                       27.914327
               54.560001                         37.2371
                   54.82                       57.964299
               55.080002                       87.407188
                   55.34                       108.19401
               55.599998                       117.62069
               55.860001                       120.96115
               56.119999                       121.32375
               56.380001                       120.13923
               56.639999                       118.10185
               56.900002                       115.57908
                   57.16                       112.78054
               57.419998                       109.83253
                   57.68                       106.81388
               57.939999                       103.77437
               58.200001                       100.74509
               58.459999                        97.74483
               58.720001                       94.784051
                   58.98                       91.867868
               59.240002                       88.998041
                    59.5                       86.174509
               59.759998                       83.396398
                   60.02                       80.662683
               60.279999                       77.972497
               60.540001                       75.325191
               60.799999                       72.720206
               61.060001                       70.156944
                   61.32                        67.63439
               61.580002                       65.151085
                   61.84                       62.705037
               62.099998                       60.293666
               62.360001                       57.913966
               62.619999                       55.562858
               62.880001                       53.237203
               63.139999                       50.934257
               63.400002                       48.651723
                   63.66                       46.387869
               63.919998                       44.141562
                   64.18                       41.912133
               64.440002                       39.699179
               64.699997                       37.502497
               64.959999                       35.321769
               65.220001                       33.156425
               65.480003                       31.005728
               65.739998                       28.868523
                      66                       26.743453
               66.260002                       24.629054
               66.519997                       22.523876
               66.779999                       20.426637
               67.040001                         18.3363
               67.300003                       16.252155
               67.559998                        14.17379
                   67.82                       12.101035
               68.080002                       10.033848
               68.339996                       7.9722004
               68.599998                       5.9159554
               68.860001                       3.8647772
               69.120003                       1.8180934
               69.379997                      -0.2249026
               69.639999                      -2.2651931
               69.900002                      -4.3038479
               70.160004                       -6.341921
               70.419998                      -8.3803518
                   70.68                      -10.419892
               70.940002                      -12.461074
               71.199997                      -14.504209
               71.459999                      -16.549452
               71.720001                      -18.596862
               71.980003                      -20.646492
               72.239998                      -22.698476
                    72.5                      -24.753075
               72.760002                      -26.810707
               73.019997                      -28.871925
               73.279999                      -30.937369
               73.540001                      -33.007702
               73.800003                      -35.083518
               74.059998                      -37.165245
                   74.32                      -39.253117
               74.580002                      -41.347108
               74.839996                      -43.446962
               75.099998                       -45.55216
               75.360001                      -47.662039
               75.620003                      -49.775768
               75.879997                      -51.892418
               76.139999                       -54.01098
               76.400002                      -56.130344
               76.660004                      -58.249252
               76.919998                      -60.366243
                   77.18                      -62.479503
               77.440002                      -64.586801
               77.699997                      -66.685349
               77.959999                        -68.7717
               78.220001                      -70.841671
               78.480003                      -72.890249
               78.739998                      -74.911631
                      79                      -76.899098
               79.260002                      -78.845157
               79.519997                      -80.741442
               79.779999                      -82.578797
               80.040001                      -84.347345
               80.300003                      -86.036485
               80.559998                      -87.635009
                   80.82                      -89.131202
               81.080002                      -90.513052
               81.339996                      -91.768516
               81.599998                      -92.885914
               81.860001                      -93.854483
               82.120003                      -94.665029
               82.379997                      -95.310789
               82.639999                      -95.788301
               82.900002                      -96.098302
               83.160004                      -96.246565
               83.419998                      -96.244421
                   83.68                      -96.108869
               83.940002                      -95.862231
               84.199997                      -95.531165
               84.459999                      -95.145307
               84.720001                      -94.735482
               84.980003                      -94.331934
               85.239998                      -93.962694
                    85.5                      -93.652337
               85.760002                      -93.421238
               86.019997                      -93.285289
               86.279999                      -93.256022
               86.540001                      -93.341017
               86.800003                      -93.544454
               87.059998                      -93.867727
                   87.32                      -94.309982
               87.580002                       -94.86865
               87.839996                      -95.539894
               88.099998                      -96.318979
               88.360001                      -97.200579
               88.620003                      -98.179079
               88.879997                      -99.248796
               89.139999                      -100.40416
               89.400002                      -101.63987
               89.660004                      -102.95096
               89.919998                      -104.33289
                   90.18                      -105.78151
               90.440002                      -107.29306
               90.699997                      -108.86408
               90.959999                      -110.49136
               91.220001                      -112.17183
               91.480003                      -113.90259
               91.739998                      -115.68074
                      92                      -117.50351
               92.260002                      -119.36816
               92.519997                      -121.27205
               92.779999                      -123.21268
               93.040001                      -125.18772
               93.300003                      -127.19509
               93.559998                      -129.23284
                   93.82                      -131.29928
               94.080002                      -133.39291
               94.339996                      -135.51237
               94.599998                      -137.65644
               94.860001                       -139.8239
               95.120003                      -142.01364
               95.379997                      -144.22454
               95.639999                      -146.45543
               95.900002                      -148.70518
               96.160004                      -150.97268
               96.419998                      -153.25688
                   96.68                      -155.55677
               96.940002                      -157.87145
               97.199997                      -160.20011
               97.459999                       -162.5421
               97.720001                      -164.89678
               97.980003                      -167.26364
               98.239998                      -169.64213
                    98.5                      -172.03178
               98.760002                      -174.43199
               99.019997                       -176.8422
               99.279999                       -179.2617
               99.540001                       178.31019
               99.800003                       175.87425
                  100.06                        173.4312
                  100.32                       170.98174
                  100.58                       168.52651
                  100.84                       166.06596
                   101.1                       163.60057
                  101.36                        161.1306
                  101.62                        158.6563
                  101.88                       156.17778
                  102.14                       153.69517
                   102.4                       151.20866
                  102.66                       148.71835
                  102.92                       146.22443
                  103.18                       143.72718
                  103.44                       141.22683
                   103.7                       138.72359
                  103.96                       136.21773
                  104.22                       133.70925
                  104.48                        131.1982
                  104.74                       128.68441
                     105                       126.16749
                  105.26                       123.64704
                  105.52                       121.12249
                  105.78                       118.59311
                  106.04                       116.05824
                   106.3                       113.51711
                  106.56                       110.96895
                  106.82                       108.41299
                  107.08                       105.84828
                  107.34                       103.27382
                   107.6                       100.68823
                  107.86                       98.089894
                  108.12                       95.476554
                  108.38                       92.845374
                  108.64                       90.192665
                   108.9                       87.513756
                  109.16                       84.802799
                  109.42                       82.052473
                  109.68                       79.253489
                  109.94                       76.394044
                   110.2                       73.458894
                  110.46                       70.427682
                  110.72                       67.272517
                  110.98                       63.954002
                  111.24                       60.414216
                   111.5                       56.564421
                  111.76                       52.262248
                  112.02                       47.265174
                  112.28                       41.129503
                  112.54                       32.969997
                   112.8                       20.847202
                  113.06                      0.42652165
                  113.32                      -33.653172
                  113.58                      -70.254981
                  113.84                      -93.504152
                   114.1                      -107.03101
                  114.36                      -115.88026
                  114.62                      -122.39397
                  114.88                       -127.6225
                  115.14                      -132.08071
                   115.4                      -136.04456
                  115.66                      -139.67342
                  115.92                      -143.06502
                  116.18                      -146.28242
                  116.44                      -149.36781
                   116.7                      -152.35058
                  116.96                      -155.25193
                  117.22                      -158.08733
                  117.48                      -160.86859
                  117.74                      -163.60465
                     118                      -166.30258
                  118.26                      -168.96744
                  118.52                      -171.60357
                  118.78                      -174.21401
                  119.04                      -176.80096
                   119.3                      -179.36616
                  119.56                       178.08891
                  119.82                       175.56316
                  120.08                       173.05534
                  120.34                       170.56401
                   120.6                       168.08755
                  120.86                       165.62393
                  121.12                        163.1709
                  121.38                       160.72591
                  121.64                       158.28628
                   121.9                       155.84916
                  122.16                       153.41193
                  122.42                       150.97202
                  122.68                       148.52709
                  122.94                       146.07505
                   123.2                       143.61422
                  123.46                       141.14294
                  123.72                       138.66014
                  123.98                       136.16472
                  124.24                       133.65591
                   124.5                       131.13289
                  124.76                       128.59534
                  125.02                       126.04287
                  125.28                       123.47549
                  125.54                       120.89324
                   125.8                       118.29667
                  126.06                        115.6865
                  126.32                       113.06371
                  126.58                       110.42955
                  126.84                       107.78534
                   127.1                       105.13266
                  127.36                       102.47303
                  127.62                       99.808004
                  127.88                        97.13904
                  128.14                       94.467507
               128.39999                       91.794717
                  128.66                       89.121873
                  128.92                       86.450012
               129.17999                       83.780064
                  129.44                       81.113285
                   129.7                       78.450494
               129.96001                       75.792841
                  130.22                       73.141361
                  130.48                       70.497149
               130.74001                       67.861079
                     131                       65.234241
               131.25999                       62.617296
                  131.52                       60.011061
                  131.78                       57.416024
               132.03999                       54.832463
                   132.3                       52.260708
                  132.56                       49.700864
               132.82001                       47.152929
                  133.08                       44.617072
                  133.34                       42.093071
               133.60001                         39.5812
                  133.86                       37.081185
                  134.12                        34.59325
                  134.38                       32.117387
                  134.64                       29.653548
               134.89999                       27.201673
                  135.16                       24.761656
                  135.42                       22.333279
               135.67999                         19.9161
                  135.94                       17.509852
                   136.2                       15.114096
               136.46001                       12.728338
                  136.72                       10.352306
                  136.98                       7.9856185
               137.24001                       5.6278919
                   137.5                       3.2789076
               137.75999                      0.93866647
                  138.02                      -1.3929415
                  138.28                      -3.7160253
               138.53999                      -6.0305855
                   138.8                      -8.3365663
                  139.06                      -10.634024
               139.32001                      -12.922956
                  139.58                       -15.20342
                  139.84                      -17.475195
               140.10001                      -19.738285
                  140.36                      -21.992299
                  140.62                        -24.2367
                  140.88                      -26.470884
                  141.14                      -28.693865
               141.39999                      -30.904276
                  141.66                      -33.100702
                  141.92                      -35.281226
               142.17999                       -37.44361
                  142.44                      -39.585008
                   142.7                      -41.702368
               142.96001                      -43.791859
                  143.22                      -45.848949
                  143.48                      -47.868117
               143.74001                      -49.842756
                     144                       -51.76504
               144.25999                      -53.625148
                  144.52                      -55.411375
                  144.78                      -57.109634
               145.03999                       -58.70249
                   145.3                      -60.169453
                  145.56                      -61.485273
               145.82001                      -62.620121
                  146.08                      -63.537828
                  146.34                      -64.195984
               146.60001                       -64.54449
                  146.86                      -64.526126
                  147.12                      -64.077358
                  147.38                      -63.131949
                  147.64                      -61.628216
               147.89999                      -59.521347
                  148.16                      -56.801838
                  148.42                      -53.517174
               148.67999                      -49.789202
                  148.94                      -45.814743
                   149.2                       -41.84056
               149.46001                      -38.116901
                  149.72                      -34.849286
                  149.98                      -32.169937
               150.24001                      -30.134107
                   150.5                       -28.73632
               150.75999                      -27.931944
                  151.02                      -27.656602
                  151.28                      -27.839596
               151.53999                      -28.412242
                   151.8                      -29.311586
                  152.06                      -30.482168
               152.32001                      -31.876292
                  152.58                       -33.45314
                  152.84                      -35.178392
               153.10001                      -37.023197
                  153.36                      -38.963135
                  153.62                      -40.977931
                  153.88                      -43.050535
                  154.14                      -45.166749
               154.39999                      -47.314598
                  154.66                       -49.48403
                  154.92                      -51.666687
               155.17999                      -53.855844
                  155.44                      -56.045656
                   155.7                      -58.231593
               155.96001                      -60.409656
                  156.22                      -62.577067
                  156.48                      -64.731472
               156.74001                       -66.87096
                     157                      -68.994275
               157.25999                      -71.100543
                  157.52                      -73.188886
                  157.78                      -75.259142
               158.03999                      -77.310931
                   158.3                      -79.344142
                  158.56                      -81.358774
               158.82001                      -83.354884
                  159.08                      -85.332743
                  159.34                      -87.292624
               159.60001                      -89.234693
                  159.86                       -91.15955
                  160.12                      -93.067577
                  160.38                      -94.959266
                  160.64                      -96.835382
               160.89999                      -98.696307
                  161.16                      -100.54259
                  161.42                      -102.37488
               161.67999                      -104.19363
                  161.94                      -105.99926
                   162.2                      -107.79215
               162.46001                      -109.57276
                  162.72                      -111.34145
                  162.98                      -113.09855
               163.24001                      -114.84457
                   163.5                      -116.57987
               163.75999                      -118.30491
                  164.02                      -120.02032
                  164.28                       -121.7265
               164.53999                        -123.424
                   164.8                      -125.11324
                  165.06                      -126.79456
               165.32001                      -128.46839
                  165.58                      -130.13485
                  165.84                      -131.79426
               166.10001                      -133.44662
                  166.36                      -135.09209
                  166.62                      -136.73085
                  166.88                      -138.36277
                  167.14                      -139.98802
               167.39999                      -141.60662
                  167.66                      -143.21865
                  167.92                      -144.82391
               168.17999                       -146.4225
                  168.44                      -148.01405
                   168.7                      -149.59816
               168.96001                      -151.17445
                  169.22                      -152.74228
                  169.48                      -154.30104
               169.74001                       -155.8498
                     170                      -157.38791
               170.25999                      -158.91437
                  170.52                      -160.42854
                  170.78                      -161.92965
               171.03999                      -163.41683
                   171.3                      -164.88947
                  171.56                      -166.34676
               171.82001                      -167.78799
                  172.08                      -169.21222
                  172.34                      -170.61869
               172.60001                      -172.00653
                  172.86                      -173.37492
                  173.12                       -174.7232
                  173.38                      -176.05082
                  173.64                      -177.35747
               173.89999                      -178.64351
                  174.16                       -179.9095
                  174.42                       178.84342
               174.67999                        177.6136
                  174.94                       176.39859
                   175.2                       175.19561
               175.46001                       174.00103
                  175.72                       172.81023
                  175.98                       171.61812
               176.24001                       170.41852
                   176.5                       169.20416
               176.75999                       167.96659
                  177.02                       166.69672
                  177.28                       165.38423
               177.53999                       164.01825
                   177.8                       162.58801
                  178.06                       161.08241
               178.32001                       159.49213
                  178.58                        157.8084
                  178.84                       156.02512
               179.10001                        154.1378
                  179.36                       152.14536
                  179.62                       150.04876
                  179.88                       147.85195
                  180.14                       145.56149
               180.39999                       143.18546
                  180.66                       140.73435
                  180.92                        138.2192
               181.17999                       135.65258
                  181.44                       133.04706
                   181.7                       130.41552
               181.96001                       127.77021
                  182.22                       125.12273
                  182.48                       122.48408
               182.74001                       119.86381
                     183                       117.27052
               183.25999                       114.71133
                  183.52                       112.19236
                  183.78                       109.71797
               184.03999                       107.29189
                   184.3                        104.9164
                  184.56                       102.59315
               184.82001                       100.32302
                  185.08                       98.105993
                  185.34                       95.941752
               185.60001                        93.82942
                  185.86                       91.767796
                  186.12                       89.755568
                  186.38                       87.791096
                  186.64                       85.872086
               186.89999                       83.996789
                  187.16                       82.162582
                  187.42                       80.367281
               187.67999                        78.60848
                  187.94                       76.883557
                   188.2                       75.190544
               188.46001                       73.527038
                  188.72                       71.891071
                  188.98                       70.280676
               189.24001                       68.694325
                   189.5                       67.130265
               189.75999                        65.58719
                  190.02                       64.063348
                  190.28                       62.557208
               190.53999                       61.066914
                   190.8                       59.591047
                  191.06                       58.127423
               191.32001                       56.674064
                  191.58                       55.229014
                  191.84                       53.789649
               192.10001                       52.354325
                  192.36                       50.920641
                  192.62                       49.486301
                  192.88                        48.04934
                  193.14                        46.60735
               193.39999                       45.158258
                  193.66                       43.699658
                  193.92                       42.229688
               194.17999                       40.745845
                  194.44                       39.245935
                   194.7                       37.727668
               194.96001                       36.189182
                  195.22                       34.628291
                  195.48                       33.043359
               195.74001                       31.432746
                     196                        29.79514
               196.25999                       28.129448
                  196.52                       26.434687
                  196.78                       24.710311
               197.03999                       22.955881
                   197.3                       21.171178
                  197.56                       19.356207
               197.82001                         17.5114
                  198.08                       15.637414
                  198.34                       13.735454
               198.60001                       11.807373
                  198.86                       9.8555776
                  199.12                       7.8834565
                  199.38                       5.8951608
                  199.64                       3.8960465
               199.89999                       1.8923422
                  200.16                     -0.10841149
                  200.42                      -2.0979089
               200.67999                       -4.066424
                  200.94                      -6.0037935
                   201.2                        -7.89898
               201.46001                      -9.7403991
                  201.72                      -11.516138
                  201.98                      -13.214725
               202.24001                      -14.824902
                   202.5                      -16.336176
               202.75999                       -17.73915
                  203.02                      -19.025849
                  203.28                      -20.190806
               203.53999                       -21.22987
                   203.8                      -22.142163
                  204.06                      -22.929329
               204.32001                      -23.595301
                  204.58                      -24.147179
                  204.84                      -24.594803
               205.10001                      -24.949864
                  205.36                      -25.226241
                  205.62                      -25.439124
                  205.88                      -25.605016
                  206.14                      -25.740526
               206.39999                      -25.862158
                  206.66                      -25.986413
                  206.92                      -26.128261
               207.17999                      -26.301587
                  207.44                      -26.518732
                   207.7                      -26.790082
               207.96001                      -27.124049
                  208.22                      -27.527304
                  208.48                      -28.004433
               208.74001                      -28.558281
                     209                      -29.189937
               209.25999                      -29.899294
                  209.52                      -30.684929
                  209.78                       -31.54455
               210.03999                      -32.474985
                   210.3                      -33.472737
                  210.56                      -34.534096
               210.82001                      -35.654794
                  211.08                      -36.830785
                  211.34                      -38.058038
               211.60001                      -39.332383
                  211.86                      -40.650119
                  212.12                      -42.007526
                  212.38                      -43.400991
                  212.64                      -44.827244
               212.89999                      -46.283329
                  213.16                       -47.76641
                  213.42                       -49.27397
               213.67999                      -50.803716
                  213.94                      -52.353784
                   214.2                      -53.922324
               214.46001                      -55.508129
                  214.72                      -57.110113
                  214.98                      -58.727279
               215.24001                      -60.358769
                   215.5                      -62.004353
               215.75999                      -63.663484
                  216.02                      -65.336061
                  216.28                      -67.022079
               216.53999                      -68.721543
                   216.8                      -70.434772
                  217.06                       -72.16188
               217.32001                      -73.903415
                  217.58                      -75.659812
                  217.84                      -77.431508
               218.10001                      -79.219379
                  218.36                       -81.02375
                  218.62                      -82.845716
                  218.88                      -84.685715
                  219.14                      -86.544401
               219.39999                      -88.422648
                  219.66                      -90.320676
                  219.92                      -92.239248
               220.17999                      -94.178913
                  220.44                      -96.139997
                   220.7                      -98.122938
               220.96001                      -100.12784
                  221.22                      -102.15515
                  221.48                      -104.20498
               221.74001                       -106.2772
                     222                      -108.37205
               222.25999                      -110.48951
                  222.52                      -112.62906
                  222.78                      -114.79057
               223.03999                      -116.97349
                   223.3                       -119.1773
                  223.56                       -121.4012
               223.82001                      -123.64446
                  224.08                      -125.90585
                  224.34                      -128.18418
               224.60001                      -130.47825
                  224.86                       -132.7862
                  225.12                      -135.10672
                  225.38                      -137.43762
                  225.64                      -139.77682
               225.89999                      -142.12214
                  226.16                      -144.47107
                  226.42                      -146.82066
               226.67999                      -149.16816
                  226.94                      -151.51021
                   227.2                      -153.84329
               227.46001                      -156.16348
                  227.72                      -158.46651
                  227.98                      -160.74812
               228.24001                      -163.00318
                   228.5                       -165.2261
               228.75999                      -167.41089
                  229.02                      -169.55076
                  229.28                      -171.63807
               229.53999                      -173.66417
                   229.8                      -175.61881
                  230.06                      -177.48984
               230.32001                      -179.26285
                  230.58                       179.08009
                  230.84                       177.56138
               231.10001                       176.20988
                  231.36                       175.06284
                  231.62                       174.17055
                  231.88                       173.60151
                  232.14                       173.45114
               232.39999                       173.85592
                  232.66                       175.01421
                  232.92                       177.21911
               233.17999                      -179.09816
                  233.44                      -173.33163
                   233.7                      -164.76198
               233.96001                      -152.96116
                  234.22                       -138.7147
                  234.48                      -124.43435
               234.74001                      -112.56108
                     235                      -103.92521
               235.25999                      -98.116162
                  235.52                      -94.413872
                  235.78                      -92.205808
               236.03999                      -91.054949
                   236.3                      -90.663169
                  236.56                      -90.828295
               236.82001                      -91.410446
                  237.08                      -92.311485
                  237.34                      -93.461142
               237.60001                        -94.8074
                  237.86                      -96.311025
                  238.12                      -97.942621
                  238.38                        -99.6788
                  238.64                       -101.5012
               238.89999                      -103.39541
                  239.16                      -105.34939
                  239.42                      -107.35342
               239.67999                      -109.39942
                  239.94                      -111.48093
                   240.2                       -113.5925
               240.46001                      -115.72952
                  240.72                      -117.88819
                  240.98                      -120.06555
               241.24001                       -122.2593
                   241.5                      -124.46725
               241.75999                      -126.68832
                  242.02                      -128.92141
                  242.28                      -131.16586
               242.53999                      -133.42136
                   242.8                      -135.68799
                  243.06                      -137.96589
               243.32001                      -140.25559
                  243.58                      -142.55785
                  243.84                      -144.87334
               244.10001                      -147.20304
                  244.36                      -149.54792
                  244.62                      -151.90942
                  244.88                      -154.28862
                  245.14                      -156.68651
               245.39999                      -159.10473
                  245.66                      -161.54436
                  245.92                      -164.00661
               246.17999                      -166.49269
                  246.44                      -169.00369
                   246.7                       -171.5407
               246.96001                      -174.10448
                  247.22                      -176.69601
                  247.48                      -179.31618
               247.74001                       178.03447
                     248                       175.35518
               248.25999                       172.64561
                  248.52                       169.90501
                  248.78                       167.13283
               249.03999                       164.32852
                   249.3                       161.49153
                  249.56                       158.62143
               249.82001                       155.71745
                  250.08                       152.77905
                  250.34                       149.80557
               250.60001                       146.79635
                  250.86                       143.75064
                  251.12                       140.66776
                  251.38                       137.54686
                  251.64                       134.38737
               251.89999                       131.18811
                  252.16                       127.94875
                  252.42                       124.66807
               252.67999                       121.34554
                  252.94                        117.9805
                   253.2                       114.57174
               253.46001                       111.11905
                  253.72                       107.62156
                  253.98                        104.0786
               254.24001                       100.48986
                   254.5                       96.854665
               254.75999                       93.172592
                  255.02                         89.4432
                  255.28                       85.666159
               255.53999                       81.841035
                   255.8                        77.96728
                  256.06                       74.044566
               256.32001                       70.072018
               256.57999                       66.049091
                  256.84                       61.975131
               257.10001                       57.849038
               257.35999                       53.669837
                  257.62                       49.436649
                  257.88                       45.148386
               258.14001                       40.804059
               258.39999                       36.402684
                  258.66                       31.943717
               258.92001                       27.426395
               259.17999                       22.850712
                  259.44                       18.216893
               259.70001                       13.525482
               259.95999                       8.7777915
                  260.22                       3.9756761
               260.48001                     -0.87845704
               260.73999                      -5.7816586
                     261                      -10.730103
               261.26001                      -15.719747
               261.51999                      -20.745566
                  261.78                      -25.802855
               262.04001                       -30.88572
               262.29999                      -35.988796
                  262.56                      -41.106194
               262.82001                      -46.232551
               263.07999                      -51.362297
                  263.34                      -56.490621
               263.60001                      -61.612719
               263.85999                      -66.724761
                  264.12                       -71.82314
                  264.38                      -76.905238
               264.64001                      -81.968976
               264.89999                      -87.012607
                  265.16                      -92.035364
               265.42001                      -97.037138
               265.67999                      -102.01782
                  265.94                      -106.97829
               266.20001                      -111.91941
               266.45999                      -116.84272
                  266.72                      -121.74986
               266.98001                      -126.64246
               267.23999                      -131.52271
                   267.5                      -136.39258
               267.76001                      -141.25403
               268.01999                      -146.10926
                  268.28                      -150.96023
               268.54001                      -155.80879
               268.79999                      -160.65702
                  269.06                      -165.50591
               269.32001                      -170.35709
               269.57999                      -175.21144
                  269.84                       179.93016
               270.10001                       175.06751
               270.35999                       170.20037
                  270.62                       165.32897
                  270.88                       160.45407
               271.14001                       155.57666
               271.39999                       150.69772
                  271.66                       145.81922
               271.92001                       140.94268
               272.17999                        136.0703
                  272.44                        131.2048
               272.70001                       126.34891
               272.95999                       121.50571
                  273.22                       116.67901
               273.48001                        111.8723
               273.73999                       107.09029
                     274                       102.33736
               274.26001                       97.618625
               274.51999                       92.939344
                  274.78                       88.305198
               275.04001                       83.721977
               275.29999                       79.195474
                  275.56                       74.731701
               275.82001                       70.336773
               276.07999                       66.016268
                  276.34                       61.775541
               276.60001                       57.619726
               276.85999                       53.553306
                  277.12                       49.580103
                  277.38                       45.703177
               277.64001                       41.925041
               277.89999                       38.247126
                  278.16                       34.669854
               278.42001                       31.193012
               278.67999                       27.815294
                  278.94                       24.534837
               279.20001                       21.348363
               279.45999                        18.25259
                  279.72                       15.242718
               279.98001                       12.313934
               280.23999                       9.4611004
                   280.5                       6.6780987
               280.76001                       3.9594653
               281.01999                       1.2988606
                  281.28                      -1.3092881
               281.54001                      -3.8709914
               281.79999                      -6.3911675
                  282.06                      -8.8746238
               282.32001                      -11.325733
               282.57999                      -13.747882
                  282.84                      -16.144023
               283.10001                      -18.516338
               283.35999                      -20.866469
                  283.62                      -23.195071
                  283.88                      -25.502583
               284.14001                      -27.788783
               284.39999                      -30.053677
                  284.66                      -32.296381
               284.92001                      -34.516464
               285.17999                      -36.713056
                  285.44                      -38.885818
               285.70001                       -41.03454
               285.95999                      -43.159223
                  286.22                      -45.260517
               286.48001                      -47.339082
               286.73999                      -49.396224
                     287                      -51.433693
               287.26001                      -53.453687
               287.51999                      -55.458591
                  287.78                      -57.451692
               288.04001                      -59.435618
               288.29999                      -61.414297
                  288.56                      -63.390788
               288.82001                      -65.368813
               289.07999                      -67.351863
                  289.34                      -69.342562
               289.60001                      -71.344409
               289.85999                      -73.359368
                  290.12                      -75.389631
                  290.38                      -77.436938
               290.64001                      -79.502386
               290.89999                      -81.586414
                  291.16                      -83.689893
               291.42001                      -85.812388
               291.67999                      -87.953899
                  291.94                      -90.114424
               292.20001                      -92.292872
               292.45999                      -94.488806
                  292.72                      -96.702005
               292.98001                      -98.931378
               293.23999                      -101.17649
                   293.5                      -103.43712
               293.76001                      -105.71283
               294.01999                      -108.00318
                  294.28                      -110.30861
               294.54001                      -112.62913
               294.79999                      -114.96495
                  295.06                      -117.31759
               295.32001                       -119.6875
               295.57999                      -122.07665
                  295.84                      -124.48678
               296.10001                      -126.92008
               296.35999                      -129.37938
                  296.62                      -131.86732
                  296.88                      -134.38716
               297.14001                      -136.94264
               297.39999                      -139.53746
                  297.66                      -142.17598
               297.92001                       -144.8626
               298.17999                      -147.60276
                  298.44                      -150.40215
               298.70001                      -153.26756
               298.95999                      -156.20661
                  299.22                      -159.22873
               299.48001                      -162.34438
               299.73999                      -165.56649
                     300                      -168.90989

