        Frequency / MHz                Port 1 [1] (Mesh Pass=7)/arg,degrees
----------------------------------------------------------------------
                      40                        86.97229
                   40.26                       86.972575
                   40.52                       85.416997
                   40.78                       77.177483
                   41.04                      -0.3019194
                    41.3                      -68.051193
                   41.56                      -78.628006
                   41.82                      -83.692029
                   42.08                      -86.402173
                   42.34                      -87.414771
                    42.6                      -87.355544
                   42.86                      -86.908679
                   43.12                      -86.642578
                   43.38                      -86.844563
                   43.64                      -87.435752
                    43.9                       -88.06833
                   44.16                      -88.394374
                   44.42                       -88.29968
                   44.68                      -87.936338
                   44.94                      -87.589631
                    45.2                      -87.491315
                   45.46                      -87.671424
                   45.72                      -87.935487
                   45.98                      -88.000964
                   46.24                      -87.693647
                    46.5                      -87.055145
                   46.76                      -86.315311
                   47.02                      -85.776298
                   47.28                      -85.663539
                   47.54                      -86.004082
                    47.8                      -86.612715
                   48.06                      -87.215689
                   48.32                      -87.619711
                   48.58                      -87.795872
                   48.84                      -87.843519
                    49.1                      -87.890035
                   49.36                      -87.999122
                   49.62                       -88.13983
                   49.88                      -88.228395
                   50.14                      -88.203667
                    50.4                       -88.07622
                   50.66                      -87.919852
                   50.92                      -87.817586
                   51.18                      -87.801549
                   51.44                      -87.830151
                    51.7                      -87.820724
                   51.96                      -87.712388
                   52.22                      -87.511185
                   52.48                      -87.286007
                   52.74                      -87.117407
                      53                      -87.031042
                   53.26                      -86.962796
                   53.52                      -86.785846
                   53.78                      -86.384339
                   54.04                      -85.727765
                    54.3                      -84.907901
                   54.56                      -84.117635
                   54.82                      -83.564286
                   55.08                      -83.346889
                   55.34                      -83.376852
                    55.6                      -83.404171
                   55.86                      -83.118334
                   56.12                      -82.242445
                   56.38                      -80.581718
                   56.64                        -78.0353
                    56.9                      -74.560648
                   57.16                      -70.012729
                   57.42                      -63.718519
                   57.68                      -53.492799
                   57.94                      -33.438665
                    58.2                       3.2428468
                   58.46                       36.942879
                   58.72                          53.699
                   58.98                       61.690508
                   59.24                        66.17068
                    59.5                       69.284579
                   59.76                        71.87258
                   60.02                       74.130096
                   60.28                       75.941853
                   60.54                       77.136271
                    60.8                       77.649916
                   61.06                       77.600452
                   61.32                       77.293058
                   61.58                       77.136576
                   61.84                       77.438764
                    62.1                       78.184007
                   62.36                       78.991017
                   62.62                       79.283268
                   62.88                       78.519567
                   63.14                       76.422095
                    63.4                       73.280592
                   63.66                       70.176143
                   63.92                        68.54179
                   64.18                        69.10609
                   64.44                       71.415134
                    64.7                       74.349571
                   64.96                       76.814928
                   65.22                        78.04512
                   65.48                       77.640671
                   65.74                       75.610597
                      66                       72.400912
                   66.26                        68.62138
                   66.52                       64.503852
                   66.78                       59.730347
                   67.04                       54.053489
                    67.3                       48.294995
                   67.56                       44.391485
                   67.82                       43.849615
                   68.08                        46.60022
                   68.34                       51.401328
                    68.6                       56.653701
                   68.86                       60.801228
                   69.12                       62.211556
                   69.38                       58.742807
                   69.64                       48.024612
                    69.9                        31.22233
                   70.16                       15.361923
                   70.42                       3.6287782
                   70.68                      -6.8517385
                   70.94                      -18.662563
                    71.2                      -30.702277
                   71.46                      -39.876269
                   71.72                      -45.179758
                   71.98                       -47.77266
                   72.24                      -49.215687
                    72.5                      -50.619573
                   72.76                      -52.382661
                   73.02                      -54.235424
                   73.28                      -55.629875
                   73.54                      -56.216325
                    73.8                      -56.033552
                   74.06                      -55.395591
                   74.32                      -54.669165
                   74.58                      -54.072415
                   74.84                       -53.57352
                    75.1                      -52.943328
                   75.36                      -51.922599
                   75.62                      -50.377238
                   75.88                      -48.348721
                   76.14                      -45.999113
                    76.4                      -43.497761
                   76.66                      -40.910245
                   76.92                      -38.153255
                   77.18                      -35.046812
                   77.44                      -31.430623
                    77.7                      -27.271008
                   77.96                      -22.696439
                   78.22                      -17.940272
                   78.48                      -13.221518
                   78.74                      -8.6420342
                      79                      -4.1749647
                   79.26                      0.25001548
                   79.52                       4.6347299
                   79.78                       8.8609036
                   80.04                       12.735318
                    80.3                       16.093714
                   80.56                       18.887497
                   80.82                        21.19835
                   81.08                       23.176624
                   81.34                       24.944813
                    81.6                       26.527808
                   81.86                       27.853075
                   82.12                       28.815574
                   82.38                       29.361387
                   82.64                       29.535903
                    82.9                       29.463766
                   83.16                       29.269197
                   83.42                       28.989848
                   83.68                       28.547823
                   83.94                       27.800869
                    84.2                       26.640906
                   84.46                       25.076369
                   84.72                       23.238458
                   84.98                       21.294345
                   85.24                       19.324657
                    85.5                       17.262736
                   85.76                       14.946257
                   86.02                       12.245592
                   86.28                       9.1792909
                   86.54                       5.9258876
                    86.8                       2.7080216
                   87.06                     -0.36123367
                   87.32                      -3.3375535
                   87.58                         -6.3669
                   87.84                      -9.5404049
                    88.1                      -12.796406
                   88.36                      -15.947663
                   88.62                       -18.81178
                   88.88                      -21.331227
                   89.14                      -23.588078
                    89.4                      -25.719198
                   89.66                      -27.807341
                   89.92                      -29.825583
                   90.18                      -31.668006
                   90.44                      -33.234372
                    90.7                      -34.498229
                   90.96                      -35.511808
                   91.22                      -36.356847
                   91.48                      -37.085831
                   91.74                      -37.696664
                      92                      -38.155191
                   92.26                      -38.443457
                   92.52                      -38.593322
                   92.78                      -38.678408
                   93.04                      -38.768502
                    93.3                       -38.87741
                   93.56                      -38.942329
                   93.82                      -38.853097
                   94.08                       -38.51354
                   94.34                      -37.893842
                    94.6                      -37.041703
                   94.86                      -36.048265
                   95.12                      -34.990622
                   95.38                      -33.885312
                   95.64                      -32.681443
                    95.9                       -31.29725
                   96.16                      -29.674852
                   96.42                      -27.816958
                   96.68                      -25.783149
                   96.94                      -23.649735
                    97.2                      -21.460067
                   97.46                      -19.198995
                   97.72                       -16.80967
                   97.98                      -14.241439
                   98.24                      -11.495477
                    98.5                       -8.636373
                   98.76                      -5.7613142
                   99.02                      -2.9479058
                   99.28                      -0.2170235
                   99.54                       2.4634195
                    99.8                       5.1374132
                  100.06                       7.8128675
                  100.32                        10.44141
                  100.58                        12.93988
                  100.84                       15.237374
                   101.1                       17.314504
                  101.36                       19.208257
                  101.62                       20.979973
                  101.88                       22.668909
                  102.14                       24.263441
                   102.4                       25.709127
                  102.66                       26.946929
                  102.92                       27.954876
                  103.18                       28.765048
                  103.44                       29.443944
                   103.7                       30.048514
                  103.96                        30.58778
                  104.22                       31.017191
                  104.48                       31.270027
                  104.74                       31.304693
                     105                        31.13603
                  105.26                       30.827948
                  105.52                       30.449611
                  105.78                       30.024621
                  106.04                       29.510609
                   106.3                       28.825612
                  106.56                       27.904313
                  106.82                       26.745945
                  107.08                       25.418214
                  107.34                       24.009135
                   107.6                       22.559026
                  107.86                       21.025166
                  108.12                       19.308899
                  108.38                       17.328348
                  108.64                       15.085796
                   108.9                       12.676808
                  109.16                        10.22593
                  109.42                       7.7952302
                  109.68                       5.3413978
                  109.94                       2.7587012
                   110.2                    -0.023394189
                  110.46                      -2.9619112
                  110.72                      -5.9075916
                  110.98                       -8.700251
                  111.24                      -11.275708
                   111.5                      -13.696397
                  111.76                      -16.087238
                  112.02                       -18.53121
                  112.28                      -21.002345
                  112.54                      -23.385301
                   112.8                      -25.563929
                  113.06                      -27.504066
                  113.32                      -29.265733
                  113.58                      -30.943328
                  113.84                      -32.585238
                   114.1                      -34.154032
                  114.36                      -35.556496
                  114.62                      -36.717999
                  114.88                      -37.641112
                  115.14                      -38.405375
                   115.4                      -39.111819
                  115.66                      -39.812391
                  115.92                      -40.473333
                  116.18                      -40.999392
                  116.44                      -41.301397
                   116.7                      -41.357079
                  116.96                      -41.223242
                  117.22                      -40.994115
                  117.48                      -40.734706
                  117.74                      -40.433059
                     118                      -40.004491
                  118.26                      -39.345503
                  118.52                      -38.398817
                  118.78                       -37.18455
                  119.04                      -35.777578
                   119.3                      -34.245407
                  119.56                      -32.586226
                  119.82                      -30.710303
                  120.08                      -28.481348
                  120.34                      -25.792417
                   120.6                      -22.626163
                  120.86                      -19.057989
                  121.12                      -15.194601
                  121.38                      -11.084688
                  121.64                      -6.6687254
                   121.9                      -1.8188725
                  122.16                       3.5436451
                  122.42                       9.3339777
                  122.68                       15.289844
                  122.94                       21.091408
                   123.2                       26.534031
                  123.46                       31.621038
                  123.72                       36.506596
                  123.98                        41.32446
                  124.24                        46.01135
                   124.5                       50.230468
                  124.76                       53.396979
                  125.02                       54.688818
                  125.28                       52.945049
                  125.54                        46.65844
                   125.8                       35.191396
                  126.06                       21.967855
                  126.32                       13.102457
                  126.58                       10.714915
                  126.84                       13.210765
                   127.1                       18.304893
                  127.36                       24.061897
                  127.62                        29.14344
                  127.88                       32.876724
                  128.14                        35.18307
                   128.4                       36.404353
                  128.66                       37.029185
                  128.92                       37.362395
                  129.18                       37.304018
                  129.44                       36.348305
                   129.7                       33.743703
                  129.96                       28.738584
                  130.22                       20.898912
                  130.48                       10.312709
                  130.74                      -2.6960387
                     131                       -17.91042
                  131.26                      -34.351044
                  131.52                      -49.379442
                  131.78                      -60.678411
                  132.04                      -68.147186
                   132.3                      -72.970599
                  132.56                      -76.359597
                  132.82                      -79.093918
                  133.08                      -81.480869
                  133.34                      -83.493666
                   133.6                      -85.002442
                  133.86                      -85.968317
                  134.12                      -86.503758
                  134.38                      -86.816115
                  134.64                       -87.10224
                   134.9                       -87.45175
                  135.16                      -87.807222
                  135.42                       -88.00839
                  135.68                      -87.891719
                  135.94                      -87.378817
                   136.2                      -86.513619
                  136.46                      -85.453144
                  136.72                      -84.425348
                  136.98                      -83.656168
                  137.24                      -83.278269
                   137.5                      -83.266717
                  137.76                       -83.44961
                  138.02                      -83.585817
                  138.28                      -83.447334
                  138.54                      -82.854729
                   138.8                      -81.660685
                  139.06                      -79.698541
                  139.32                      -76.699139
                  139.58                      -72.144812
                  139.84                      -64.969013
                   140.1                      -52.934482
                  140.36                      -32.111528
                  140.62                      -1.8606436
                  140.88                       25.447835
                  141.14                        42.24001
                   141.4                       51.845156
                  141.66                       57.651424
                  141.92                       61.408396
                  142.18                       63.981741
                  142.44                       65.821102
                   142.7                       67.171504
                  142.96                       68.172414
                  143.22                       68.908661
                  143.48                       69.437798
                  143.74                       69.803522
                     144                       70.040324
                  144.26                       70.173686
                  144.52                       70.219716
                  144.78                       70.186653
                  145.04                       70.078301
                   145.3                       69.897634
                  145.56                       69.648479
                  145.82                       69.334631
                  146.08                       68.957673
                  146.34                       68.515747
                   146.6                       68.004607
                  146.86                       67.420232
                  147.12                        66.76069
                  147.38                       66.025253
                  147.64                       65.210946
                   147.9                       64.309122
                  148.16                       63.305209
                  148.42                       62.182632
                  148.68                       60.928395
                  148.94                       59.535725
                   149.2                       58.000542
                  149.46                       56.313054
                  149.72                       54.450419
                  149.98                       52.377003
                  150.24                       50.053969
                   150.5                       47.452578
                  150.76                       44.561088
                  151.02                       41.378208
                  151.28                         37.8966
                  151.54                       34.090885
                   151.8                       29.925131
                  152.06                       25.381275
                  152.32                        20.49051
                  152.58                       15.340738
                  152.84                       10.048393
                   153.1                       4.7156508
                  153.36                     -0.58914375
                  153.62                      -5.8124855
                  153.88                      -10.882531
                  154.14                      -15.700695
                   154.4                      -20.171342
                  154.66                      -24.243545
                  154.92                      -27.927469
                  155.18                      -31.273156
                  155.44                      -34.331092
                   155.7                      -37.124152
                  155.96                      -39.647842
                  156.22                      -41.893317
                  156.48                      -43.871938
                  156.74                      -45.622316
                     157                      -47.196382
                  157.26                      -48.636255
                  157.52                      -49.958557
                  157.78                      -51.156378
                  158.04                      -52.216247
                   158.3                      -53.137189
                  158.56                      -53.938527
                  158.82                      -54.652162
                  159.08                      -55.305893
                  159.34                       -55.90975
                   159.6                      -56.454593
                  159.86                      -56.923435
                  160.12                      -57.307102
                  160.38                      -57.613243
                  160.64                      -57.863008
                   160.9                      -58.078352
                  161.16                      -58.268994
                  161.42                      -58.427903
                  161.68                      -58.538174
                  161.94                      -58.586217
                   162.2                      -58.571975
                  162.46                      -58.509375
                  162.72                      -58.417109
                  162.98                      -58.306258
                  163.24                      -58.173224
                   163.5                      -58.002704
                  163.76                      -57.778483
                  164.02                      -57.494488
                  164.28                      -57.158571
                  164.54                      -56.786672
                   164.8                      -56.391465
                  165.06                      -55.973219
                  165.32                      -55.519097
                  165.58                      -55.011333
                  165.84                      -54.438618
                   166.1                      -53.802904
                  166.36                      -53.117073
                  166.62                      -52.395086
                  166.88                      -51.641257
                  167.14                      -50.845976
                   167.4                      -49.990911
                  167.66                        -49.0602
                  167.92                      -48.050017
                  168.18                      -46.969993
                  168.44                      -45.835417
                   168.7                       -44.65539
                  168.96                      -43.425025
                  169.22                      -42.127259
                  169.48                      -40.743371
                  169.74                      -39.265128
                     170                       -37.70024
                  170.26                      -36.067148
                  170.52                      -34.382424
                  170.78                      -32.649398
                  171.04                      -30.856222
                   171.3                      -28.985247
                  171.56                      -27.027539
                  171.82                       -24.99241
                  172.08                      -22.904952
                  172.34                      -20.792753
                   172.6                      -18.670862
                  172.86                       -16.53579
                  173.12                      -14.373259
                  173.38                      -12.174484
                  173.64                      -9.9493452
                   173.9                      -7.7266374
                  174.16                      -5.5406175
                  174.42                      -3.4130116
                  174.68                      -1.3432538
                  174.94                      0.68590387
                   175.2                       2.6911838
                  175.46                       4.6720867
                  175.72                       6.6066187
                  175.98                       8.4627016
                  176.24                       10.217535
                   176.5                       11.871627
                  176.76                        13.44791
                  177.02                       14.976537
                  177.28                       16.475556
                  177.54                       17.940274
                   177.8                       19.347952
                  178.06                       20.673981
                  178.32                       21.908173
                  178.58                       23.060368
                  178.84                       24.152259
                   179.1                       25.201817
                  179.36                        26.21154
                  179.62                       27.168754
                  179.88                       28.057477
                  180.14                       28.873285
                   180.4                        29.63061
                  180.66                       30.357188
                  180.92                       31.079122
                  181.18                       31.806409
                  181.44                       32.528265
                   181.7                       33.220533
                  181.96                        33.85913
                  182.22                       34.430035
                  182.48                       34.929701
                  182.74                       35.357239
                     183                       35.705961
                  183.26                       35.962196
                  183.52                       36.113498
                  183.78                       36.160495
                  184.04                       36.122589
                   184.3                       36.030849
                  184.56                       35.910477
                  184.82                        35.76399
                  185.08                       35.567624
                  185.34                        35.28526
                   185.6                       34.892071
                  185.86                       34.392487
                  186.12                       33.819272
                  186.38                       33.212314
                  186.64                        32.59058
                   186.9                       31.937308
                  187.16                       31.210242
                  187.42                       30.371189
                  187.68                       29.415024
                  187.94                       28.376949
                   188.2                       27.310316
                  188.46                       26.248919
                  188.72                       25.181369
                  188.98                       24.057776
                  189.24                       22.825655
                   189.5                       21.470545
                  189.76                       20.031535
                  190.02                       18.577323
                  190.28                       17.157694
                  190.54                       15.766718
                   190.8                       14.346783
                  191.06                       12.832037
                  191.32                       11.200842
                  191.58                       9.4984912
                  191.84                       7.8099269
                   192.1                       6.1998596
                  192.36                       4.6660739
                  192.62                       3.1426351
                  192.88                       1.5512193
                  193.14                     -0.13624274
                   193.4                      -1.8698367
                  193.66                      -3.5527757
                  193.92                      -5.1105387
                  194.18                      -6.5445658
                  194.44                       -7.929102
                   194.7                      -9.3542599
                  194.96                      -10.856472
                  195.22                      -12.386845
                  195.48                      -13.843522
                  195.74                      -15.145916
                     196                      -16.293592
                  196.26                      -17.365508
                  196.52                      -18.461839
                  196.78                      -19.630113
                  197.04                      -20.828055
                   197.3                      -21.952534
                  197.56                      -22.915336
                  197.82                      -23.708159
                  198.08                      -24.408748
                  198.34                      -25.125709
                   198.6                      -25.921026
                  198.86                      -26.763969
                  199.12                      -27.551739
                  199.38                       -28.18468
                  199.64                      -28.640057
                   199.9                      -28.990126
                  200.16                      -29.353358
                  200.42                      -29.812574
                  200.68                      -30.355167
                  200.94                      -30.879843
                   201.2                      -31.269227
                  201.46                      -31.475626
                  201.72                      -31.556614
                  201.98                      -31.636399
                  202.24                      -31.819401
                   202.5                      -32.113239
                  202.76                      -32.417225
                  203.02                      -32.590954
                  203.28                      -32.555446
                  203.54                      -32.352325
                   203.8                      -32.119679
                  204.06                      -32.000175
                  204.32                      -32.039387
                  204.58                      -32.145259
                  204.84                      -32.146769
                   205.1                      -31.915994
                  205.36                      -31.464453
                  205.62                      -30.944975
                  205.88                      -30.555839
                  206.14                      -30.403151
                   206.4                      -30.411896
                  206.66                      -30.361995
                  206.92                      -30.040253
                  207.18                      -29.400972
                  207.44                      -28.619379
                   207.7                       -27.99833
                  207.96                      -27.771773
                  208.22                      -27.916233
                  208.48                       -28.11827
                  208.74                      -27.970226
                     209                      -27.279393
                  209.26                      -26.278961
                  209.52                      -25.618462
                  209.78                      -26.112988
                  210.04                      -28.272308
                   210.3                      -31.777713
                  210.56                      -35.401097
                  210.82                      -37.712665
                  211.08                      -37.913667
                  211.34                      -36.025178
                   211.6                      -32.659185
                  211.86                      -28.771798
                  212.12                      -25.397698
                  212.38                      -23.301118
                  212.64                       -22.66889
                   212.9                      -23.060009
                  213.16                      -23.711805
                  213.42                      -24.022434
                  213.68                      -23.849556
                  213.94                      -23.465105
                   214.2                      -23.290007
                  214.46                      -23.601067
                  214.72                      -24.365168
                  214.98                      -25.291951
                  215.24                      -26.060824
                   215.5                       -26.54193
                  215.76                      -26.853554
                  216.02                       -27.24783
                  216.28                      -27.924398
                  216.54                      -28.894368
                   216.8                      -29.982321
                  217.06                      -30.961287
                  217.32                      -31.712209
                  217.58                      -32.288898
                  217.84                      -32.857677
                   218.1                       -33.56856
                  218.36                      -34.447736
                  218.62                      -35.382895
                  218.88                      -36.208216
                  219.14                      -36.820304
                   219.4                      -37.238444
                  219.66                      -37.575209
                  219.92                      -37.948022
                  220.18                      -38.394631
                  220.44                      -38.848952
                   220.7                      -39.191205
                  220.96                      -39.331685
                  221.22                      -39.266173
                  221.48                      -39.068593
                  221.74                      -38.832316
                     222                      -38.602366
                  222.26                      -38.344301
                  222.52                      -37.969819
                  222.78                      -37.398233
                  223.04                      -36.608553
                   223.3                      -35.647491
                  223.56                      -34.591388
                  223.82                      -33.490749
                  224.08                      -32.338085
                  224.34                      -31.084728
                   224.6                       -29.69715
                  224.86                      -28.213039
                  225.12                      -26.754347
                  225.38                      -25.479779
                  225.64                      -24.498076
                   225.9                       -23.79408
                  226.16                      -23.218597
                  226.42                      -22.553975
                  226.68                      -21.616193
                  226.94                      -20.332322
                   227.2                      -18.753717
                  227.46                      -17.006341
                  227.72                       -15.21288
                  227.98                      -13.433668
                  228.24                       -11.65884
                   228.5                      -9.8489574
                  228.76                      -7.9894076
                  229.02                      -6.1179812
                  229.28                      -4.3077535
                  229.54                       -2.620627
                   229.8                      -1.0671949
                  230.06                      0.39750188
                  230.32                        1.839745
                  230.58                       3.2997282
                  230.84                       4.7650429
                   231.1                       6.1831379
                  231.36                        7.502513
                  231.62                       8.7124915
                  231.88                       9.8533513
                  232.14                       10.990044
                   232.4                       12.168516
                  232.66                       13.385753
                  232.92                       14.594348
                  233.18                       15.737343
                  233.44                       16.788174
                   233.7                       17.767915
                  233.96                       18.728368
                  234.22                       19.713401
                  234.48                       20.726147
                  234.74                       21.725203
                     235                       22.651929
                  235.26                        23.46924
                  235.52                       24.185098
                  235.78                       24.844812
                  236.04                       25.497558
                   236.3                       26.160526
                  236.56                       26.805979
                  236.82                       27.380015
                  237.08                       27.839543
                  237.34                       28.181936
                   237.6                       28.447004
                  237.86                       28.689424
                  238.12                       28.940425
                  238.38                       29.185829
                  238.64                       29.376059
                   238.9                       29.460996
                  239.16                       29.425587
                  239.42                         29.3016
                  239.68                       29.146529
                  239.94                       29.003478
                   240.2                       28.870516
                  240.46                        28.70182
                  240.72                       28.439948
                  240.98                       28.056865
                  241.24                       27.575248
                   241.5                       27.054104
                  241.76                       26.547384
                  242.02                       26.065071
                  242.28                       25.565501
                  242.54                        24.98478
                   242.8                       24.282723
                  243.06                       23.473239
                  243.32                       22.616563
                  243.58                       21.776944
                  243.84                       20.976024
                   244.1                       20.176839
                  244.36                       19.310492
                  244.62                       18.326514
                  244.88                       17.231431
                  245.14                       16.086938
                   245.4                       14.966755
                  245.66                       13.903275
                  245.92                       12.864457
                  246.18                       11.778211
                  246.44                       10.586379
                   246.7                       9.2898263
                  246.96                       7.9512511
                  247.22                       6.6515274
                  247.48                       5.4314612
                  247.74                       4.2635248
                     248                       3.0743481
                  248.26                       1.8006833
                  248.52                      0.43851188
                  248.78                     -0.95081741
                  249.04                      -2.2836091
                   249.3                      -3.5140916
                  249.56                      -4.6657518
                  249.82                      -5.8111873
                  250.08                      -7.0167387
                  250.34                      -8.2920022
                   250.6                      -9.5808704
                  250.86                      -10.801689
                  251.12                      -11.906474
                  251.38                       -12.91406
                  251.64                      -13.893752
                   251.9                      -14.913352
                  252.16                      -15.989159
                  252.42                       -17.07369
                  252.68                      -18.090538
                  252.94                      -18.990285
                   253.2                      -19.785244
                  253.46                       -20.53866
                  253.72                      -21.318228
                  253.98                      -22.147501
                  254.24                      -22.989473
                   254.5                      -23.774366
                  254.76                      -24.451002
                  255.02                      -25.023299
                  255.28                      -25.546245
                  255.54                       -26.08612
                   255.8                      -26.673736
                  256.06                       -27.28339
                  256.32                      -27.852676
                  256.58                      -28.328624
                  256.84                      -28.705923
                   257.1                       -29.03012
                  257.36                      -29.365113
                  257.62                       -29.74851
                  257.88                       -30.16592
                  258.14                      -30.562478
                   258.4                      -30.883326
                  258.66                      -31.113217
                  258.92                      -31.286905
                  259.18                      -31.464205
                  259.44                      -31.687961
                   259.7                      -31.954174
                  259.96                      -32.215393
                  260.22                      -32.415158
                  260.48                      -32.528342
                  260.74                       -32.57842
                     261                       -32.62046
                  261.26                      -32.702587
                  261.52                      -32.832752
                  261.78                      -32.974053
                  262.04                      -33.072148
                   262.3                      -33.094835
                  262.56                      -33.055199
                  262.82                      -33.002526
                  263.08                       -32.98812
                  263.34                      -33.029881
                   263.6                      -33.100395
                  263.86                      -33.147279
                  264.12                      -33.131189
                  264.38                      -33.053937
                  264.64                      -32.957077
                   264.9                      -32.892625
                  265.16                      -32.886481
                  265.42                      -32.920051
                  265.68                      -32.943348
                  265.94                      -32.910293
                   266.2                      -32.810614
                  266.46                      -32.675737
                  266.72                      -32.555207
                  266.98                      -32.480365
                  267.24                      -32.440534
                   267.5                      -32.388597
                  267.76                      -32.272052
                  268.02                      -32.067162
                  268.28                      -31.792275
                  268.54                      -31.492411
                   268.8                      -31.207399
                  269.06                      -30.946678
                  269.32                      -30.688817
                  269.58                      -30.405797
                  269.84                      -30.093312
                   270.1                      -29.783422
                  270.36                      -29.528474
                  270.62                      -29.365868
                  270.88                       -29.28785
                  271.14                      -29.239176
                   271.4                      -29.146985
                  271.66                      -28.963509
                  271.92                      -28.692342
                  272.18                      -28.380841
                  272.44                      -28.084366
                   272.7                      -27.826254
                  272.96                      -27.580181
                  273.22                      -27.286627
                  273.48                      -26.891174
                  273.74                      -26.376797
                     274                      -25.767756
                  274.26                      -25.103813
                  274.52                       -24.40441
                  274.78                      -23.649579
                  275.04                      -22.793293
                   275.3                      -21.801981
                  275.56                      -20.692372
                  275.82                      -19.542574
                  276.08                      -18.467588
                  276.34                      -17.572554
                   276.6                      -16.910972
                  276.86                      -16.473139
                  277.12                      -16.211537
                  277.38                      -16.084851
                  277.64                      -16.088929
                   277.9                      -16.252842
                  278.16                      -16.604181
                  278.42                        -17.1306
                  278.68                      -17.768604
                  278.94                      -18.431486
                   279.2                      -19.057866
                  279.46                      -19.644853
                  279.72                      -20.241096
                  279.98                      -20.904587
                  280.24                      -21.654938
                   280.5                      -22.454275
                  280.76                      -23.231522
                  281.02                      -23.932669
                  281.28                      -24.559343
                  281.54                      -25.167317
                   281.8                      -25.826473
                  282.06                      -26.570604
                  282.32                      -27.372738
                  282.58                      -28.164798
                  282.84                      -28.887952
                   283.1                      -29.536184
                  283.36                      -30.161212
                  283.62                      -30.835994
                  283.88                      -31.602846
                  284.14                      -32.442936
                   284.4                      -33.290034
                  284.66                      -34.079346
                  284.92                      -34.795062
                  285.18                      -35.481728
                  285.44                      -36.212184
                   285.7                      -37.035269
                  285.96                      -37.940253
                  286.22                      -38.864327
                  286.48                      -39.738498
                  286.74                      -40.537608
                     287                      -41.297624
                  287.26                      -42.088884
                  287.52                      -42.965116
                  287.78                      -43.924271
                  288.04                      -44.909728
                   288.3                      -45.851545
                  288.56                       -46.71678
                  288.82                      -47.531714
                  289.08                      -48.361298
                  289.34                      -49.261665
                   289.6                      -50.239261
                  289.86                      -51.245752
                  290.12                      -52.212299
                  290.38                      -53.096996
                  290.64                      -53.910349
                   290.9                      -54.702239
                  291.16                      -55.522013
                  291.42                      -56.380825
                  291.68                      -57.242886
                  291.94                      -58.050736
                   292.2                        -58.7637
                  292.46                      -59.379524
                  292.72                      -59.923766
                  292.98                      -60.416016
                  293.24                      -60.838647
                   293.5                      -61.132415
                  293.76                      -61.224134
                  294.02                      -61.068482
                  294.28                      -60.677181
                  294.54                      -60.118687
                   294.8                      -59.489086
                  295.06                      -58.869839
                  295.32                      -58.295824
                  295.58                       -57.75246
                  295.84                      -57.202441
                   296.1                      -56.622198
                  296.36                      -56.022305
                  296.62                        -55.4387
                  296.88                      -54.902441
                  297.14                      -54.411029
                   297.4                      -53.923764
                  297.66                      -53.386181
                  297.92                      -52.766685
                  298.18                      -52.079224
                  298.44                      -51.375379
                   298.7                      -50.709669
                  298.96                      -50.100486
                  299.22                      -49.514057
                  299.48                      -48.884017
                  299.74                      -48.153742
                     300                      -47.312398

