        Frequency / MHz                S1,1 (11)/arg,degrees
----------------------------------------------------------------------
                      40                      -4.8567648
               40.259998                      -7.4760954
                   40.52                      -10.097167
               40.779999                      -12.719977
               41.040001                      -15.344579
               41.299999                      -17.971106
               41.560001                      -20.599749
                   41.82                      -23.230739
               42.080002                      -25.864276
                   42.34                       -28.50054
               42.599998                      -31.139697
               42.860001                       -33.78194
               43.119999                       -36.42753
               43.380001                      -39.076826
               43.639999                      -41.730246
               43.900002                       -44.38823
                   44.16                      -47.051208
               44.419998                       -49.71956
                   44.68                      -52.393678
               44.939999                      -55.073995
               45.200001                      -57.761045
               45.459999                      -60.455453
               45.720001                      -63.157902
                   45.98                      -65.869099
               46.240002                      -68.589723
                    46.5                      -71.320372
               46.759998                      -74.061675
                   47.02                      -76.814329
               47.279999                      -79.579101
               47.540001                      -82.356809
               47.799999                      -85.148314
               48.060001                      -87.954436
                   48.32                      -90.775851
               48.580002                      -93.613036
                   48.84                       -96.46643
               49.099998                      -99.336366
               49.360001                      -102.22302
               49.619999                      -105.12647
               49.880001                      -108.04648
               50.139999                      -110.98227
               50.400002                      -113.93253
                   50.66                      -116.89523
               50.919998                       -119.8677
                   51.18                      -122.84659
               51.439999                      -125.82785
               51.700001                      -128.80667
               51.959999                      -131.77759
               52.220001                      -134.73435
                   52.48                      -137.67014
               52.740002                      -140.57792
                      53                      -143.45114
               53.259998                      -146.28426
                   53.52                      -149.07321
               53.779999                      -151.81608
               54.040001                      -154.51291
               54.299999                      -157.16596
               54.560001                      -159.77948
                   54.82                      -162.35943
               55.080002                      -164.91361
                   55.34                      -167.45102
               55.599998                      -169.98172
               55.860001                      -172.51618
               56.119999                      -175.06421
               56.380001                      -177.63446
               56.639999                       179.76599
               56.900002                       177.13166
                   57.16                       174.45816
               57.419998                       171.74145
                   57.68                       168.97742
               57.939999                       166.16165
               58.200001                        163.2897
               58.459999                       160.35767
               58.720001                       157.36297
                   58.98                       154.30432
               59.240002                       151.18186
                    59.5                       147.99646
               59.759998                       144.74917
                   60.02                       141.44067
               60.279999                       138.07117
               60.540001                       134.64052
               60.799999                       131.14864
               61.060001                       127.59585
                   61.32                       123.98298
               61.580002                       120.31131
                   61.84                        116.5823
               62.099998                       112.79715
               62.360001                       108.95692
               62.619999                       105.06242
               62.880001                       101.11438
               63.139999                       97.113805
               63.400002                       93.061836
                   63.66                        88.95998
               63.919998                        84.80982
                   64.18                       80.612751
               64.440002                       76.370083
               64.699997                       72.082938
               64.959999                       67.752463
               65.220001                       63.379858
               65.480003                       58.966573
               65.739998                       54.514244
                      66                       50.024513
               66.260002                       45.498967
               66.519997                       40.939027
               66.779999                       36.345938
               67.040001                       31.720972
               67.300003                       27.065432
               67.559998                       22.380717
                   67.82                       17.668323
               68.080002                       12.929729
               68.339996                       8.1661635
               68.599998                        3.378748
               68.860001                       -1.431727
               69.120003                      -6.2645231
               69.379997                      -11.119012
               69.639999                      -15.994429
               69.900002                      -20.889981
               70.160004                      -25.804985
               70.419998                      -30.738922
                   70.68                      -35.691493
               70.940002                      -40.662669
               71.199997                      -45.652612
               71.459999                      -50.661682
               71.720001                      -55.690176
               71.980003                      -60.738532
               72.239998                      -65.807188
                    72.5                      -70.896964
               72.760002                      -76.008978
               73.019997                      -81.144706
               73.279999                      -86.306144
               73.540001                      -91.495558
               73.800003                      -96.715489
               74.059998                      -101.96891
                   74.32                      -107.25925
               74.580002                      -112.59073
               74.839996                      -117.96861
               75.099998                      -123.39943
               75.360001                      -128.89133
               75.620003                      -134.45428
               75.879997                      -140.10044
               76.139999                      -145.84518
               76.400002                       -151.7075
               76.660004                      -157.71255
               76.919998                      -163.89321
                   77.18                      -170.29392
               77.440002                      -176.97565
               77.699997                       175.97669
               77.959999                       168.44222
               78.220001                       160.24469
               78.480003                       151.12169
               78.739998                       140.67772
                      79                        128.3259
               79.260002                       113.27162
               79.519997                        94.75279
               79.779999                       72.934434
               80.040001                       49.986528
               80.300003                       29.020634
               80.559998                       11.572396
                   80.82                      -2.6099174
               81.080002                       -14.35511
               81.339996                      -24.402483
               81.599998                      -33.276265
               81.860001                      -41.327146
               82.120003                      -48.788883
               82.379997                      -55.819933
               82.639999                        -62.5304
               82.900002                      -68.998044
               83.160004                       -75.27958
               83.419998                      -81.416914
                   83.68                       -87.44185
               83.940002                       -93.37947
               84.199997                      -99.250428
               84.459999                      -105.07221
               84.720001                         -110.86
               84.980003                      -116.62752
               85.239998                      -122.38712
                    85.5                       -128.1507
               85.760002                      -133.93003
               86.019997                      -139.73804
               86.279999                       -145.5896
               86.540001                      -151.50318
               86.800003                       -157.5015
               87.059998                      -163.61327
                   87.32                      -169.87475
               87.580002                      -176.33272
               87.839996                       176.95086
               88.099998                       169.89188
               88.360001                       162.37392
               88.620003                       154.23343
               88.879997                       145.24009
               89.139999                       135.07589
               89.400002                       123.32611
               89.660004                       109.52935
               89.919998                       93.391633
                   90.18                       75.233602
               90.440002                       56.339769
               90.699997                       38.471449
               90.959999                       22.804524
               91.220001                       9.5593107
               91.480003                      -1.6000155
               91.739998                      -11.139986
                      92                      -19.470196
               92.260002                      -26.902205
               92.519997                      -33.661033
               92.779999                       -39.90601
               93.040001                      -45.750249
               93.300003                      -51.274399
               93.559998                      -56.538667
                   93.82                      -61.589512
               94.080002                      -66.464519
               94.339996                      -71.195818
               94.599998                      -75.810185
               94.860001                      -80.329693
               95.120003                       -84.77194
               95.379997                      -89.150582
               95.639999                       -93.47666
               95.900002                      -97.759134
               96.160004                      -102.00707
               96.419998                      -106.22922
                   96.68                      -110.43477
               96.940002                      -114.63298
               97.199997                      -118.83229
               97.459999                        -123.041
               97.720001                      -127.26675
               97.980003                       -131.5171
               98.239998                      -135.80056
                    98.5                      -140.12663
               98.760002                      -144.50593
               99.019997                      -148.95058
               99.279999                      -153.47304
               99.540001                      -158.08664
               99.800003                      -162.80592
                  100.06                       -167.6464
                  100.32                      -172.62489
                  100.58                      -177.76054
                  100.84                       176.92623
                   101.1                       171.41345
                  101.36                       165.67849
                  101.62                       159.69918
                  101.88                       153.45529
                  102.14                       146.92978
                   102.4                       140.11108
                  102.66                       132.99544
                  102.92                       125.59074
                  103.18                       117.91831
                  103.44                       110.01649
                   103.7                        101.9396
                  103.96                       93.756054
                  104.22                       85.543653
                  104.48                       77.381851
                  104.74                       69.344413
                     105                       61.493082
                  105.26                       53.874414
                  105.52                       46.518576
                  105.78                       39.439986
                  106.04                       32.640831
                   106.3                       26.114013
                  106.56                       19.845758
                  106.82                       13.817596
                  107.08                       8.0099688
                  107.34                       2.4017822
                   107.6                      -3.0278354
                  107.86                      -8.2983378
                  108.12                      -13.427865
                  108.38                      -18.433137
                  108.64                      -23.329235
                   108.9                       -28.12993
                  109.16                      -32.847457
                  109.42                      -37.493191
                  109.68                      -42.077392
                  109.94                       -46.60925
                   110.2                      -51.097176
                  110.46                      -55.548602
                  110.72                      -59.969973
                  110.98                      -64.367524
                  111.24                      -68.746715
                   111.5                      -73.112788
                  111.76                      -77.470668
                  112.02                      -81.824723
                  112.28                      -86.179214
                  112.54                      -90.538077
                   112.8                      -94.905136
                  113.06                      -99.283889
                  113.32                      -103.67827
                  113.58                      -108.09177
                  113.84                      -112.52877
                   114.1                      -116.99386
                  114.36                      -121.49195
                  114.62                       -126.0284
                  114.88                      -130.60987
                  115.14                       -135.2438
                   115.4                      -139.93914
                  115.66                      -144.70716
                  115.92                      -149.56162
                  116.18                      -154.51979
                  116.44                      -159.60342
                   116.7                      -164.84004
                  116.96                      -170.26529
                  117.22                      -175.92495
                  117.48                       178.12033
                  117.74                       171.79011
                     118                       164.97697
                  118.26                       157.53567
                  118.52                        149.2719
                  118.78                       139.93148
                  119.04                       129.20361
                   119.3                       116.76774
                  119.56                       102.44052
                  119.82                       86.443452
                  120.08                       69.618893
                  120.34                       53.216277
                   120.6                       38.272697
                  120.86                       25.214467
                  121.12                       13.964873
                  121.38                       4.2287388
                  121.64                      -4.3158826
                   121.9                      -11.943401
                  122.16                       -18.86648
                  122.42                      -25.244238
                  122.68                      -31.194918
                  122.94                      -36.806164
                   123.2                      -42.143766
                  123.46                        -47.2569
                  123.72                      -52.184253
                  123.98                      -56.954892
                  124.24                      -61.593084
                   124.5                      -66.116963
                  124.76                      -70.542271
                  125.02                      -74.882119
                  125.28                      -79.147435
                  125.54                      -83.346963
                   125.8                      -87.490101
                  126.06                      -91.583625
                  126.32                      -95.634965
                  126.58                      -99.650462
                  126.84                      -103.63689
                   127.1                       -107.6008
                  127.36                      -111.54789
                  127.62                      -115.48513
                  127.88                      -119.41932
                  128.14                      -123.35723
               128.39999                      -127.30694
                  128.66                      -131.27675
                  128.92                      -135.27542
               129.17999                      -139.31386
                  129.44                      -143.40367
                   129.7                      -147.55839
               129.96001                      -151.79398
                  130.22                      -156.12902
                  130.48                      -160.58558
               130.74001                      -165.19055
                     131                      -169.97715
               131.25999                      -174.98537
                  131.52                       179.73407
                  131.78                       174.11911
               132.03999                       168.09193
                   132.3                       161.55681
                  132.56                        154.3968
               132.82001                       146.47685
                  133.08                       137.65289
                  133.34                       127.79972
               133.60001                       116.86202
                  133.86                       104.93115
                  134.12                       92.308089
                  134.38                       79.486567
                  134.64                       67.026554
               134.89999                       55.378075
                  135.16                       44.781992
                  135.42                       35.282021
               135.67999                       26.797942
                  135.94                       19.195558
                   136.2                       12.332366
               136.46001                       6.0783163
                  136.72                      0.32369089
                  136.98                      -5.0217791
               137.24001                      -10.030221
                   137.5                      -14.759334
               137.75999                      -19.255018
                  138.02                      -23.554869
                  138.28                       -27.68817
               138.53999                      -31.679626
                   138.8                       -35.54912
                  139.06                      -39.312606
               139.32001                      -42.984299
                  139.58                      -46.575995
                  139.84                      -50.097313
               140.10001                      -53.557869
                  140.36                      -56.964659
                  140.62                      -60.324675
                  140.88                      -63.644473
                  141.14                      -66.929957
               141.39999                      -70.186374
                  141.66                      -73.418967
                  141.92                      -76.632979
               142.17999                      -79.833661
                  142.44                      -83.025818
                   142.7                      -86.214041
               142.96001                      -89.404012
                  143.22                      -92.600323
                  143.48                      -95.807998
               143.74001                      -99.032721
                     144                      -102.27974
               144.25999                       -105.5543
                  144.52                      -108.86229
                  144.78                      -112.20919
               145.03999                      -115.60134
                   145.3                      -119.04463
                  145.56                      -122.54584
               145.82001                      -126.11175
                  146.08                      -129.74956
                  146.34                      -133.46671
               146.60001                      -137.27238
                  146.86                      -141.17553
                  147.12                      -145.18622
                  147.38                      -149.31712
                  147.64                      -153.58156
               147.89999                      -157.99616
                  148.16                      -162.58102
                  148.42                      -167.36062
               148.67999                      -172.36579
                  148.94                      -177.63541
                   149.2                       176.77957
               149.46001                       170.81381
                  149.72                       164.38075
                  149.98                       157.36741
               150.24001                        149.6247
                   150.5                        140.9649
               150.75999                       131.16265
                  151.02                       119.98715
                  151.28                       107.28321
               151.53999                       93.127346
                   151.8                       77.988369
                  152.06                       62.710382
               152.32001                       48.206119
                  152.58                       35.082539
                  152.84                       23.529794
               153.10001                       13.447343
                  153.36                       4.6135586
                  153.62                      -3.2058605
                  153.88                      -10.215492
                  154.14                      -16.579261
               154.39999                       -22.42503
                  154.66                      -27.849839
                  154.92                      -32.929095
               155.17999                       -37.72072
                  155.44                      -42.269736
                   155.7                      -46.611986
               155.96001                      -50.776107
                  156.22                      -54.784608
                  156.48                       -58.65738
               156.74001                       -62.40972
                     157                      -66.054965
               157.25999                       -69.60426
                  157.52                      -73.067876
                  157.78                      -76.454121
               158.03999                      -79.769986
                   158.3                      -83.022467
                  158.56                      -86.217466
               158.82001                      -89.360009
                  159.08                      -92.455341
                  159.34                      -95.507397
               159.60001                       -98.52033
                  159.86                      -101.49786
                  160.12                      -104.44369
                  160.38                      -107.36045
                  160.64                      -110.25143
               160.89999                      -113.11989
                  161.16                      -115.96824
                  161.42                      -118.79911
               161.67999                      -121.61533
                  161.94                       -124.4191
                   162.2                      -127.21368
               162.46001                      -130.00105
                  162.72                      -132.78428
                  162.98                       -135.5664
               163.24001                      -138.35093
                   163.5                      -141.14137
               163.75999                      -143.94185
                  164.02                      -146.75786
                  164.28                      -149.59528
               164.53999                      -152.46134
                   164.8                      -155.36543
                  165.06                      -158.31957
               165.32001                      -161.33906
                  165.58                        -164.444
                  165.84                      -167.66152
               166.10001                      -171.02896
                  166.36                      -174.59902
                  166.62                      -178.44841
                  166.88                       177.30704
                  167.14                       172.48722
               167.39999                       166.79533
                  167.66                       159.71925
                  167.92                       150.33293
               168.17999                       136.94969
                  168.44                       116.99855
                   168.7                       89.714291
               168.96001                       62.022627
                  169.22                       41.436763
                  169.48                       27.645247
               169.74001                       18.051508
                     170                       10.885602
               170.25999                         5.17163
                  170.52                      0.37104502
                  170.78                      -3.8278277
               171.03999                      -7.6157957
                   171.3                      -11.114165
                  171.56                      -14.405112
               171.82001                      -17.545251
                  172.08                      -20.575233
                  172.34                      -23.525656
               172.60001                      -26.419253
                  172.86                      -29.273505
                  173.12                      -32.102627
                  173.38                      -34.917319
                  173.64                      -37.726983
               173.89999                      -40.539056
                  174.16                      -43.359432
                  174.42                      -46.192485
               174.67999                      -49.042586
                  174.94                      -51.912578
                   175.2                       -54.80552
               175.46001                      -57.722502
                  175.72                      -60.665492
                  175.98                      -63.635148
               176.24001                      -66.632345
                   176.5                      -69.656644
               176.75999                      -72.708265
                  177.02                       -75.78611
                  177.28                      -78.889748
               177.53999                      -82.017866
                   177.8                      -85.168714
                  178.06                      -88.340982
               178.32001                      -91.532702
                  178.58                      -94.741907
                  178.84                      -97.966413
               179.10001                      -101.20338
                  179.36                      -104.45083
                  179.62                      -107.70659
                  179.88                       -110.9676
                  180.14                      -114.23122
               180.39999                      -117.49551
                  180.66                      -120.75804
                  180.92                      -124.01621
               181.17999                       -127.2676
                  181.44                      -130.51046
                   181.7                      -133.74327
               181.96001                       -136.9634
                  182.22                      -140.17042
                  182.48                      -143.36258
               182.74001                      -146.53922
                     183                      -149.69991
               183.25999                      -152.84441
                  183.52                      -155.97319
                  183.78                      -159.08688
               184.03999                      -162.18767
                   184.3                      -165.27776
                  184.56                      -168.36151
               184.82001                      -171.44417
                  185.08                      -174.53404
                  185.34                      -177.64336
               185.60001                       179.20864
                  185.86                       175.99178
                  186.12                       172.65231
                  186.38                       169.09231
                  186.64                       165.10326
               186.89999                       160.15755
                  187.16                       152.42861
                  187.42                        129.5183
               187.67999                        18.79252
                  187.94                      -8.3820161
                   188.2                      -16.528847
               188.46001                       -21.48046
                  188.72                      -25.342523
                  188.98                      -28.698387
               189.24001                      -31.773609
                   189.5                      -34.673545
               189.75999                      -37.454577
                  190.02                      -40.149062
                  190.28                      -42.777978
               190.53999                      -45.354434
                   190.8                      -47.887832
                  191.06                      -50.384946
               191.32001                       -52.85081
                  191.58                      -55.288917
                  191.84                      -57.702322
               192.10001                      -60.094088
                  192.36                      -62.465094
                  192.62                      -64.817521
                  192.88                      -67.153116
                  193.14                      -69.472977
               193.39999                      -71.777537
                  193.66                      -74.068765
                  193.92                      -76.347754
               194.17999                       -78.61472
                  194.44                      -80.871634
                   194.7                      -83.119367
               194.96001                       -85.35945
                  195.22                      -87.592977
                  195.48                      -89.821695
               195.74001                      -92.047572
                     196                      -94.272137
               196.25999                      -96.497795
                  196.52                      -98.726951
                  196.78                      -100.96223
               197.03999                      -103.20602
                   197.3                      -105.46163
                  197.56                      -107.73253
               197.82001                      -110.02157
                  198.08                      -112.33269
                  198.34                      -114.66959
               198.60001                      -117.03688
                  198.86                      -119.43805
                  199.12                      -121.87747
                  199.38                      -124.36038
                  199.64                      -126.89094
               199.89999                      -129.47483
                  200.16                      -132.11729
                  200.42                      -134.82444
               200.67999                      -137.60264
                  200.94                      -140.45908
                   201.2                      -143.40185
               201.46001                      -146.44036
                  201.72                      -149.58486
                  201.98                      -152.84849
               202.24001                      -156.24545
                   202.5                      -159.79387
               202.75999                      -163.51627
                  203.02                      -167.43953
                  203.28                      -171.59818
               203.53999                       -176.0366
                   203.8                       179.18882
                  204.06                        174.0029
               204.32001                       168.30838
                  204.58                       161.97565
                  204.84                       154.83553
               205.10001                       146.67253
                  205.36                       137.23266
                  205.62                       126.26283
                  205.88                       113.62469
                  206.14                       99.486523
               206.39999                       84.485023
                  206.66                       69.616849
                  206.92                       55.811999
               207.17999                         43.5723
                  207.44                       32.958731
                   207.7                        23.78617
               207.96001                        15.79474
                  208.22                       8.7400823
                  208.48                       2.4211199
               208.74001                      -3.3171135
                     209                      -8.5935158
               209.25999                      -13.496827
                  209.52                      -18.094583
                  209.78                      -22.438145
               210.03999                      -26.567733
                   210.3                      -30.513724
                  210.56                       -34.30082
               210.82001                      -37.948468
                  211.08                      -41.472845
                  211.34                      -44.887282
               211.60001                      -48.202495
                  211.86                      -51.427654
                  212.12                      -54.571069
                  212.38                      -57.639301
                  212.64                      -60.638464
               212.89999                      -63.573807
                  213.16                        -66.4497
                  213.42                      -69.270732
               213.67999                      -72.040401
                  213.94                      -74.761547
                   214.2                       -77.43767
               214.46001                      -80.070955
                  214.72                      -82.664459
                  214.98                      -85.219059
               215.24001                      -87.737814
                   215.5                      -90.221599
               215.75999                      -92.672161
                  216.02                      -95.091251
                  216.28                      -97.479304
               216.53999                      -99.838068
                   216.8                      -102.16798
                  217.06                      -104.46992
               217.32001                      -106.74519
                  217.58                       -108.9938
                  217.84                      -111.21618
               218.10001                      -113.41364
                  218.36                      -115.58575
                  218.62                      -117.73251
                  218.88                      -119.85435
                  219.14                      -121.95127
               219.39999                       -124.0224
                  219.66                      -126.06774
                  219.92                      -128.08599
               220.17999                      -130.07668
                  220.44                      -132.03766
                   220.7                      -133.96672
               220.96001                      -135.86213
                  221.22                      -137.72037
                  221.48                       -139.5371
               221.74001                      -141.30748
                     222                      -143.02541
               222.25999                      -144.68257
                  222.52                      -146.26849
                  222.78                      -147.77135
               223.03999                      -149.17455
                   223.3                      -150.45753
                  223.56                       -151.5932
               223.82001                      -152.54702
                  224.08                      -153.27135
                  224.34                      -153.70455
               224.60001                      -153.75919
                  224.86                      -153.31725
                  225.12                       -152.2113
                  225.38                      -150.20443
                  225.64                      -146.96615
               225.89999                      -142.05672
                  226.16                      -134.97125
                  226.42                      -125.36484
               226.67999                      -113.55921
                  226.94                       -100.9545
                   227.2                       -89.47148
               227.46001                      -80.335419
                  227.72                      -73.714616
                  227.98                      -69.210406
               228.24001                      -66.320309
                   228.5                      -64.622268
               228.75999                      -63.802426
                  229.02                      -63.637631
                  229.28                      -63.969412
               229.53999                      -64.684778
                   229.8                      -65.701765
                  230.06                       -66.96005
               230.32001                      -68.415699
                  230.58                      -70.033964
                  230.84                      -71.789049
               231.10001                      -73.660412
                  231.36                      -75.631878
                  231.62                      -77.690333
                  231.88                      -79.824849
                  232.14                      -82.027121
               232.39999                      -84.289279
                  232.66                      -86.605642
                  232.92                      -88.971401
               233.17999                      -91.382185
                  233.44                      -93.834059
                   233.7                      -96.323526
               233.96001                      -98.847528
                  234.22                        -101.403
                  234.48                      -103.98776
               234.74001                      -106.59963
                     235                      -109.23597
               235.25999                      -111.89592
                  235.52                      -114.57685
                  235.78                      -117.27833
               236.03999                       -119.9986
                   236.3                      -122.73723
                  236.56                      -125.49335
               236.82001                      -128.26564
                  237.08                      -131.05498
                  237.34                      -133.86137
               237.60001                      -136.68524
                  237.86                      -139.52792
                  238.12                      -142.39025
                  238.38                      -145.27533
                  238.64                      -148.18444
               238.89999                      -151.12153
                  239.16                      -154.09097
                  239.42                      -157.09756
               239.67999                      -160.14831
                  239.94                      -163.25064
                   240.2                      -166.41416
               240.46001                      -169.65025
                  240.72                      -172.97464
                  240.98                      -176.40438
               241.24001                      -179.96307
                   241.5                       176.32043
               241.75999                       172.40897
                  242.02                       168.25403
                  242.28                       163.79179
               242.53999                       158.93875
                   242.8                       153.58256
                  243.06                       147.57244
               243.32001                       140.70859
                  243.58                       132.73442
                  243.84                       123.34614
               244.10001                        112.2561
                  244.36                       99.355892
                  244.62                       84.974683
                  244.88                       70.022141
                  245.14                       55.692513
               245.39999                        42.88367
                  245.66                       31.914275
                  245.92                       22.668057
               246.17999                       14.856071
                  246.44                        8.174944
                   246.7                       2.3685176
               246.96001                      -2.7625391
                  247.22                      -7.3686007
                  247.48                      -11.561572
               247.74001                      -15.425382
                     248                      -19.024727
               248.25999                      -22.407255
                  248.52                      -25.611435
                  248.78                      -28.666114
               249.03999                      -31.594896
                   249.3                       -34.41615
                  249.56                      -37.145602
               249.82001                      -39.795057
                  250.08                      -42.374577
                  250.34                      -44.893332
               250.60001                      -47.357444
                  250.86                      -49.773039
                  251.12                      -52.144914
                  251.38                       -54.47789
                  251.64                      -56.774585
               251.89999                      -59.038491
                  252.16                      -61.272233
                  252.42                      -63.478003
               252.67999                      -65.657544
                  252.94                      -67.813041
                   253.2                      -69.946247
               253.46001                      -72.057158
                  253.72                      -74.148397
                  253.98                      -76.220841
               254.24001                      -78.275362
                   254.5                      -80.313271
               254.75999                      -82.335446
                  255.02                      -84.343193
                  255.28                      -86.336953
               255.53999                      -88.318035
                   255.8                      -90.287752
                  256.06                      -92.246979
               256.32001                       -94.19615
               256.57999                      -96.136142
                  256.84                      -98.068704
               257.10001                       -99.99296
               257.35999                       -101.9111
                  257.62                      -103.82267
                  257.88                       -105.7277
               258.14001                       -107.6266
               258.39999                      -109.51938
                  258.66                      -111.40473
               258.92001                      -113.28265
               259.17999                      -115.15051
                  259.44                      -117.00789
               259.70001                      -118.85215
               259.95999                       -120.6798
                  260.22                      -122.48865
               260.48001                      -124.27259
               260.73999                      -126.02811
                     261                      -127.74779
               261.26001                      -129.42506
               261.51999                      -131.05119
                  261.78                      -132.61482
               262.04001                      -134.10456
               262.29999                      -135.50688
                  262.56                      -136.80386
               262.82001                      -137.97668
               263.07999                      -139.00132
                  263.34                      -139.85154
               263.60001                      -140.49412
               263.85999                      -140.89279
                  264.12                      -141.00295
                  264.38                      -140.77651
               264.64001                      -140.15666
               264.89999                       -139.0835
                  265.16                       -137.4954
               265.42001                      -135.33771
               265.67999                      -132.57329
                  265.94                      -129.19644
               266.20001                      -125.25482
               266.45999                       -120.8599
                  266.72                      -116.18827
               266.98001                      -111.46024
               267.23999                      -106.90096
                   267.5                      -102.70231
               267.76001                      -98.994112
               268.01999                      -95.841953
                  268.28                      -93.253256
               268.54001                      -91.201359
               268.79999                      -89.635551
                  269.06                      -88.501194
               269.32001                      -87.739272
               269.57999                      -87.296895
                  269.84                       -87.12685
               270.10001                      -87.188049
               270.35999                      -87.445519
                  270.62                      -87.869975
                  270.88                      -88.436498
               271.14001                      -89.125418
               271.39999                      -89.918813
                  271.66                      -90.802694
               271.92001                      -91.765259
               272.17999                      -92.795579
                  272.44                       -93.88535
               272.70001                      -95.027139
               272.95999                      -96.215701
                  273.22                      -97.444479
               273.48001                      -98.708666
               273.73999                      -100.00389
                     274                      -101.32752
               274.26001                       -102.6752
               274.51999                      -104.04386
                  274.78                      -105.43045
               275.04001                      -106.83364
               275.29999                      -108.24951
                  275.56                      -109.67631
               275.82001                      -111.11229
               276.07999                      -112.55483
                  276.34                      -114.00261
               276.60001                      -115.45301
               276.85999                      -116.90516
                  277.12                      -118.35732
                  277.38                      -119.80816
               277.64001                      -121.25594
               277.89999                      -122.69979
                  278.16                      -124.13839
               278.42001                      -125.56999
               278.67999                      -126.99461
                  278.94                      -128.41092
               279.20001                      -129.81848
               279.45999                      -131.21687
                  279.72                      -132.60433
               279.98001                      -133.98217
               280.23999                      -135.34908
                   280.5                      -136.70462
               280.76001                      -138.04924
               281.01999                      -139.38294
                  281.28                      -140.70438
               281.54001                      -142.01578
               281.79999                       -143.3145
                  282.06                      -144.60098
               282.32001                      -145.87566
               282.57999                      -147.13635
                  282.84                      -148.38261
               283.10001                      -149.61226
               283.35999                      -150.82443
                  283.62                       -152.0143
                  283.88                      -153.17882
               284.14001                      -154.31231
               284.39999                       -155.4082
                  284.66                      -156.45687
               284.92001                      -157.44786
               285.17999                       -158.3654
                  285.44                      -159.18851
               285.70001                      -159.89055
               285.95999                      -160.43609
                  286.22                      -160.77224
               286.48001                       -160.8282
               286.73999                      -160.49773
                     287                      -159.62302
               287.26001                      -157.95842
               287.51999                      -155.10745
                  287.78                      -150.41615
               288.04001                      -142.81923
               288.29999                      -130.81864
                  288.56                      -113.48067
               288.82001                      -93.282107
               289.07999                      -75.766224
                  289.34                      -63.592968
               289.60001                      -55.903381
               289.85999                      -51.189781
                  290.12                      -48.367221
                  290.38                      -46.766879
               290.64001                        -45.9831
               290.89999                      -45.762351
                  291.16                      -45.942887
               291.42001                      -46.415424
               291.67999                      -47.104344
                  291.94                      -47.956321
               292.20001                       -48.93156
               292.45999                      -50.000344
                  292.72                      -51.140825
               292.98001                      -52.334194
               293.23999                      -53.567343
                   293.5                      -54.829344
               293.76001                      -56.111456
               294.01999                      -57.407112
                  294.28                      -58.710642
               294.54001                      -60.018541
               294.79999                      -61.327748
                  295.06                       -62.63565
               295.32001                      -63.941798
               295.57999                      -65.245765
                  295.84                      -66.547107
               296.10001                      -67.847139
               296.35999                      -69.145859
                  296.62                      -70.445453
                  296.88                      -71.746793
               297.14001                      -73.051633
               297.39999                       -74.36128
                  297.66                      -75.677048
               297.92001                      -77.000248
               298.17999                      -78.331753
                  298.44                      -79.671999
               298.70001                       -81.02099
               298.95999                      -82.378284
                  299.22                      -83.743011
               299.48001                      -85.113857
               299.73999                      -86.488637
                     300                      -87.864292

