        Frequency / MHz                S1,1 (13)/arg,degrees
----------------------------------------------------------------------
                      40                       146.96541
               40.259998                       145.35041
                   40.52                       143.72171
               40.779999                         142.078
               41.040001                       140.41698
               41.299999                       138.73549
               41.560001                       137.03012
                   41.82                       135.29773
               42.080002                       133.53592
                   42.34                       131.74311
               42.599998                       129.91822
               42.860001                       128.06006
               43.119999                       126.16671
               43.380001                       124.23503
               43.639999                       122.26077
               43.900002                       120.23889
                   44.16                       118.16434
               44.419998                       116.03258
                   44.68                       113.83996
               44.939999                       111.58346
               45.200001                       109.26008
               45.459999                       106.86591
               45.720001                       104.39544
                   45.98                       101.84109
               46.240002                       99.193532
                    46.5                       96.442298
               46.759998                       93.576645
                   47.02                       90.586217
               47.279999                       87.461194
               47.540001                       84.191787
               47.799999                       80.767239
               48.060001                       77.174827
                   48.32                       73.399071
               48.580002                       69.421858
                   48.84                       65.223368
               49.099998                       60.783746
               49.360001                       56.085002
               49.619999                       51.112252
               49.880001                       45.853425
               50.139999                       40.295982
               50.400002                        34.41768
                   50.66                       28.163443
               50.919998                       21.380053
                   51.18                       13.579235
               51.439999                       2.5745012
               51.700001                      -41.549855
               51.959999                      -160.66358
               52.220001                      -175.75396
                   52.48                       175.88012
               52.740002                       169.12805
                      53                        163.1203
               53.259998                       157.59536
                   53.52                       152.44772
               53.779999                       147.62222
               54.040001                       143.08146
               54.299999                       138.79453
               54.560001                       134.73376
                   54.82                       130.87405
               55.080002                       127.19358
                   55.34                       123.67401
               55.599998                       120.30022
               55.860001                       117.05968
               56.119999                       113.94123
               56.380001                       110.93401
               56.639999                       108.02741
               56.900002                       105.21048
                   57.16                       102.47299
               57.419998                       99.805693
                   57.68                       97.201041
               57.939999                       94.653544
               58.200001                       92.159159
               58.459999                       89.715126
               58.720001                       87.319041
                   58.98                       84.968363
               59.240002                        82.66006
                    59.5                       80.390852
               59.759998                       78.157325
                   60.02                       75.956584
               60.279999                        73.78647
               60.540001                        71.64556
               60.799999                         69.5332
               61.060001                       67.448819
                   61.32                       65.391784
               61.580002                       63.360922
                   61.84                       61.354651
               62.099998                       59.370999
               62.360001                       57.408141
               62.619999                       55.464486
               62.880001                       53.539083
               63.139999                       51.631525
               63.400002                       49.741717
                   63.66                       47.869587
               63.919998                       46.014863
                   64.18                       44.176861
               64.440002                       42.354483
               64.699997                       40.546723
               64.959999                       38.752461
               65.220001                       36.971147
               65.480003                       35.202538
               65.739998                       33.446771
                      66                       31.704009
               66.260002                       29.974358
               66.519997                       28.257546
               66.779999                        26.55287
               67.040001                       24.859337
               67.300003                       23.175969
               67.559998                       21.501727
                   67.82                       19.835925
               68.080002                       18.178075
               68.339996                       16.527709
               68.599998                       14.884256
               68.860001                       13.246923
               69.120003                       11.614399
               69.379997                       9.9852617
               69.639999                       8.3577643
               69.900002                       6.7303219
               70.160004                       5.1015401
               70.419998                        3.470491
                   70.68                       1.8364914
               70.940002                      0.19913097
               71.199997                      -1.4420268
               71.459999                      -3.0873102
               71.720001                      -4.7371833
               71.980003                      -6.3920565
               72.239998                      -8.0521475
                    72.5                      -9.7174291
               72.760002                      -11.387411
               73.019997                      -13.061355
               73.279999                       -14.73819
               73.540001                       -16.41697
               73.800003                      -18.096762
               74.059998                      -19.776986
                   74.32                      -21.457158
               74.580002                      -23.137111
               74.839996                      -24.816654
               75.099998                      -26.495516
               75.360001                      -28.173312
               75.620003                      -29.849659
               75.879997                      -31.524202
               76.139999                      -33.196696
               76.400002                       -34.86717
               76.660004                      -36.536028
               76.919998                      -38.203826
                   77.18                      -39.871292
               77.440002                      -41.539061
               77.699997                       -43.20765
               77.959999                      -44.877361
               78.220001                      -46.548433
               78.480003                      -48.221037
               78.739998                      -49.895497
                      79                      -51.572257
               79.260002                      -53.251853
               79.519997                      -54.934785
               79.779999                      -56.621379
               80.040001                      -58.311441
               80.300003                      -60.004232
               80.559998                      -61.698281
                   80.82                      -63.391104
               81.080002                      -65.079527
               81.339996                      -66.759097
               81.599998                      -68.424217
               81.860001                      -70.067506
               82.120003                      -71.679348
               82.379997                      -73.247423
               82.639999                      -74.756239
               82.900002                      -76.186753
               83.160004                      -77.517112
               83.419998                      -78.723104
                   83.68                      -79.780062
               83.940002                      -80.665227
               84.199997                      -81.360814
               84.459999                      -81.857614
               84.720001                      -82.158034
               84.980003                      -82.278545
               85.239998                      -82.249941
                    85.5                      -82.115413
               85.760002                      -81.926135
               86.019997                      -81.735135
               86.279999                      -81.591073
               86.540001                      -81.533316
               86.800003                      -81.589242
               87.059998                      -81.773877
                   87.32                       -82.09148
               87.580002                      -82.538365
               87.839996                      -83.105572
               88.099998                      -83.781406
               88.360001                      -84.553462
               88.620003                      -85.409449
               88.879997                      -86.338054
               89.139999                      -87.328814
               89.400002                      -88.372522
               89.660004                      -89.460899
               89.919998                      -90.586815
                   90.18                      -91.744231
               90.440002                      -92.928122
               90.699997                      -94.134715
               90.959999                      -95.361063
               91.220001                      -96.605003
               91.480003                      -97.865092
               91.739998                      -99.139905
                      92                      -100.42852
               92.260002                      -101.73008
               92.519997                      -103.04404
               92.779999                      -104.36997
               93.040001                      -105.70809
               93.300003                      -107.05877
               93.559998                      -108.42273
                   93.82                       -109.8009
               94.080002                      -111.19426
               94.339996                      -112.60374
               94.599998                       -114.0301
               94.860001                      -115.47411
               95.120003                      -116.93648
               95.379997                      -118.41798
               95.639999                      -119.91931
               95.900002                      -121.44118
               96.160004                      -122.98426
               96.419998                      -124.54903
                   96.68                      -126.13549
               96.940002                      -127.74337
               97.199997                      -129.37213
               97.459999                      -131.02083
               97.720001                      -132.68848
               97.980003                      -134.37401
               98.239998                      -136.07626
                    98.5                      -137.79408
               98.760002                      -139.52637
               99.019997                      -141.27184
               99.279999                      -143.02917
               99.540001                      -144.79699
               99.800003                      -146.57377
                  100.06                      -148.35819
                  100.32                      -150.14896
                  100.58                      -151.94503
                  100.84                      -153.74552
                   101.1                      -155.54978
                  101.36                      -157.35716
                  101.62                      -159.16705
                  101.88                      -160.97869
                  102.14                      -162.79137
                   102.4                      -164.60421
                  102.66                      -166.41634
                  102.92                      -168.22705
                  103.18                      -170.03563
                  103.44                      -171.84148
                   103.7                      -173.64388
                  103.96                      -175.44202
                  104.22                      -177.23498
                  104.48                      -179.02148
                  104.74                       179.19983
                     105                       177.43065
                  105.26                       175.67272
                  105.52                        173.9278
                  105.78                       172.19779
                  106.04                       170.48489
                   106.3                       168.79128
                  106.56                       167.11974
                  106.82                       165.47377
                  107.08                       163.85742
                  107.34                       162.27539
                   107.6                       160.73346
                  107.86                       159.23786
                  108.12                       157.79609
                  108.38                       156.41667
                  108.64                        155.1098
                   108.9                       153.88747
                  109.16                       152.76426
                  109.42                       151.75804
                  109.68                        150.8899
                  109.94                       150.18519
                   110.2                       149.67407
                  110.46                       149.39201
                  110.72                        149.3807
                  110.98                       149.68833
                  111.24                       150.37058
                   111.5                       151.48915
                  111.76                       153.10954
                  112.02                       155.29471
                  112.28                       158.09372
                  112.54                       161.52477
                   112.8                       165.55377
                  113.06                       170.07633
                  113.32                       174.91337
                  113.58                       179.83083
                  113.84                      -175.41875
                   114.1                      -171.04857
                  114.36                      -167.20553
                  114.62                      -163.96223
                  114.88                      -161.32943
                  115.14                      -159.27557
                   115.4                      -157.74582
                  115.66                      -156.67638
                  115.92                      -156.00287
                  116.18                       -155.6654
                  116.44                      -155.61093
                   116.7                      -155.79359
                  116.96                      -156.17494
                  117.22                      -156.72272
                  117.48                      -157.41044
                  117.74                      -158.21591
                     118                      -159.12044
                  118.26                      -160.10836
                  118.52                      -161.16606
                  118.78                      -162.28216
                  119.04                       -163.4469
                   119.3                      -164.65229
                  119.56                      -165.89189
                  119.82                      -167.16078
                  120.08                      -168.45501
                  120.34                      -169.77193
                   120.6                      -171.10933
                  120.86                      -172.46586
                  121.12                      -173.84114
                  121.38                      -175.23521
                  121.64                      -176.64922
                   121.9                      -178.08525
                  122.16                      -179.54609
                  122.42                       178.96465
                  122.68                       177.44299
                  122.94                       175.88495
                   123.2                       174.28646
                  123.46                       172.64394
                  123.72                       170.95404
                  123.98                       169.21404
                  124.24                       167.42147
                   124.5                       165.57453
                  124.76                       163.67191
                  125.02                       161.71296
                  125.28                       159.69767
                  125.54                       157.62687
                   125.8                       155.50219
                  126.06                       153.32554
                  126.32                       151.09956
                  126.58                       148.82685
                  126.84                       146.51033
                   127.1                       144.15276
                  127.36                       141.75706
                  127.62                       139.32611
                  127.88                       136.86282
                  128.14                       134.37013
               128.39999                       131.85115
                  128.66                       129.30885
                  128.92                       126.74616
               129.17999                       124.16582
                  129.44                       121.57024
                   129.7                       118.96171
               129.96001                       116.34231
                  130.22                       113.71372
                  130.48                       111.07793
               130.74001                        108.4365
                     131                       105.79119
               131.25999                        103.1436
                  131.52                       100.49501
                  131.78                       97.846592
               132.03999                       95.199266
                   132.3                       92.553579
                  132.56                       89.910022
               132.82001                       87.268761
                  133.08                       84.630013
                  133.34                       81.993942
               133.60001                       79.360714
                  133.86                       76.730216
                  134.12                       74.102287
                  134.38                       71.476489
                  134.64                       68.852276
               134.89999                       66.228773
                  135.16                       63.605104
                  135.42                       60.980237
               135.67999                       58.353127
                  135.94                       55.723011
                   136.2                       53.089076
               136.46001                       50.450325
                  136.72                       47.806005
                  136.98                       45.155129
               137.24001                       42.496707
                   137.5                       39.829982
               137.75999                       37.153915
                  138.02                       34.468122
                  138.28                       31.772434
               138.53999                       29.066751
                   138.8                       26.351668
                  139.06                        23.62779
               139.32001                       20.896042
                  139.58                       18.157792
                  139.84                       15.414296
               140.10001                       12.667686
                  140.36                       9.9200375
                  140.62                       7.1743564
                  140.88                       4.4340294
                  141.14                       1.7031012
               141.39999                       -1.013784
                  141.66                      -3.7114356
                  141.92                      -6.3841707
               142.17999                      -9.0257046
                  142.44                      -11.629155
                   142.7                      -14.186924
               142.96001                      -16.690489
                  143.22                      -19.130069
                  143.48                      -21.494299
               143.74001                      -23.770336
                     144                       -25.94288
               144.25999                      -27.994069
                  144.52                      -29.902642
                  144.78                      -31.642592
               145.03999                      -33.181624
                   145.3                       -34.47865
                  145.56                      -35.480285
               145.82001                       -36.11615
                  146.08                      -36.291546
                  146.34                      -35.878458
               146.60001                      -34.702407
                  146.86                      -32.527731
                  147.12                      -29.047123
                  147.38                      -23.896666
                  147.64                      -16.747371
               147.89999                      -7.5451385
                  148.16                       3.1447083
                  148.42                       14.069131
               148.67999                        23.85679
                  148.94                       31.720364
                   149.2                       37.565036
               149.46001                       41.670252
                  149.72                       44.401511
                  149.98                       46.081516
               150.24001                       46.959659
                   150.5                       47.218228
               150.75999                       46.988184
                  151.02                       46.363304
                  151.28                       45.411833
               151.53999                       44.184637
                   151.8                       42.721448
                  152.06                        41.05477
               152.32001                       39.212534
                  152.58                       37.219539
                  152.84                       35.098575
               153.10001                       32.870291
                  153.36                       30.553818
                  153.62                       28.166314
                  153.88                       25.723346
                  154.14                       23.238688
               154.39999                       20.724795
                  154.66                       18.192436
                  154.92                       15.651113
               155.17999                       13.109245
                  155.44                       10.574096
                   155.7                       8.0516797
               155.96001                       5.5471868
                  156.22                       3.0646587
                  156.48                      0.60748429
               156.74001                      -1.8218228
                     157                      -4.2213502
               157.25999                      -6.5896228
                  157.52                      -8.9254382
                  157.78                      -11.227923
               158.03999                      -13.496638
                   158.3                      -15.731256
                  158.56                      -17.931782
               158.82001                      -20.098316
                  159.08                       -22.23152
                  159.34                      -24.331776
               159.60001                      -26.399903
                  159.86                      -28.436611
                  160.12                      -30.442447
                  160.38                      -32.418175
                  160.64                      -34.364506
               160.89999                      -36.282365
                  161.16                      -38.172581
                  161.42                      -40.036459
               161.67999                      -41.874925
                  161.94                      -43.689568
                   162.2                      -45.481593
               162.46001                      -47.252254
                  162.72                      -49.002967
                  162.98                        -50.7351
               163.24001                      -52.450081
                   163.5                      -54.149378
               163.75999                      -55.834848
                  164.02                      -57.508191
                  164.28                      -59.171367
               164.53999                      -60.826295
                   164.8                      -62.474668
                  165.06                      -64.118176
               165.32001                      -65.758186
                  165.58                       -67.39601
                  165.84                      -69.032851
               166.10001                      -70.669638
                  166.36                      -72.307244
                  166.62                      -73.946217
                  166.88                      -75.586718
                  167.14                      -77.228314
               167.39999                      -78.870126
                  167.66                      -80.510574
                  167.92                       -82.14747
               168.17999                      -83.778082
                  168.44                      -85.399241
                   168.7                      -87.007177
               168.96001                      -88.597901
                  169.22                      -90.166495
                  169.48                      -91.707987
               169.74001                      -93.216475
                     170                      -94.685621
               170.25999                      -96.108267
                  170.52                      -97.477038
                  170.78                      -98.784008
               171.03999                      -100.02071
                   171.3                      -101.17829
                  171.56                      -102.24713
               171.82001                      -103.21664
                  172.08                      -104.07467
                  172.34                      -104.80758
               172.60001                      -105.39924
                  172.86                      -105.83134
                  173.12                      -106.08253
                  173.38                      -106.12805
                  173.64                      -105.93948
               173.89999                      -105.48338
                  174.16                      -104.72141
                  174.42                      -103.60891
               174.67999                      -102.09545
                  174.94                      -100.12622
                   175.2                       -97.64588
               175.46001                      -94.606118
                  175.72                      -90.977757
                  175.98                      -86.767191
               176.24001                      -82.034253
                   176.5                      -76.904618
               176.75999                      -71.568108
                  177.02                      -66.255914
                  177.28                       -61.20223
               177.53999                      -56.604531
                   177.8                      -52.598488
                  178.06                      -49.252677
               178.32001                      -46.579286
                  178.58                      -44.551376
                  178.84                      -43.119222
               179.10001                      -42.222882
                  179.36                      -41.800558
                  179.62                      -41.792908
                  179.88                      -42.145565
                  180.14                      -42.809571
               180.39999                      -43.741151
                  180.66                      -44.901246
                  180.92                      -46.254991
               181.17999                      -47.771238
                  181.44                      -49.422179
                   181.7                      -51.183489
               181.96001                      -53.034252
                  182.22                       -54.95665
                  182.48                      -56.936257
               182.74001                      -58.961219
                     183                      -61.022406
               183.25999                      -63.112279
                  183.52                      -65.225377
                  183.78                      -67.357486
               184.03999                        -69.5055
                   184.3                      -71.667883
                  184.56                      -73.844363
               184.82001                      -76.035708
                  185.08                      -78.243717
                  185.34                      -80.470139
               185.60001                      -82.715906
                  185.86                      -84.980086
                  186.12                      -87.259129
                  186.38                       -89.54604
                  186.64                      -91.830438
               186.89999                      -94.099263
                  187.16                      -96.337653
                  187.42                      -98.530744
               187.67999                      -100.66542
                  187.94                      -102.73131
                   188.2                      -104.72267
               188.46001                      -106.63889
                  188.72                      -108.48386
                  188.98                       -110.2655
               189.24001                      -111.99403
                   189.5                      -113.68076
               189.75999                      -115.33629
                  190.02                      -116.96947
                  190.28                      -118.58751
               190.53999                      -120.19545
                   190.8                      -121.79661
                  191.06                      -123.39345
               191.32001                      -124.98778
                  191.58                      -126.58107
                  191.84                      -128.17431
               192.10001                      -129.76804
                  192.36                      -131.36243
                  192.62                      -132.95692
                  192.88                      -134.55043
                  193.14                       -136.1417
               193.39999                      -137.72964
                  193.66                      -139.31288
                  193.92                      -140.89038
               194.17999                      -142.46154
                  194.44                      -144.02565
                   194.7                        -145.582
               194.96001                      -147.12989
                  195.22                      -148.66843
                  195.48                      -150.19664
               195.74001                      -151.71377
                     196                      -153.21947
               196.25999                      -154.71337
                  196.52                      -156.19579
                  196.78                      -157.66663
               197.03999                      -159.12611
                   197.3                      -160.57411
                  197.56                      -162.00965
               197.82001                      -163.43175
                  198.08                       -164.8385
                  198.34                      -166.22743
               198.60001                      -167.59571
                  198.86                      -168.93972
                  199.12                      -170.25538
                  199.38                      -171.53722
                  199.64                      -172.77883
               199.89999                      -173.97182
                  200.16                      -175.10667
                  200.42                      -176.17153
               200.67999                      -177.15272
                  200.94                       -178.0342
                   201.2                        -178.797
               201.46001                      -179.41871
                  201.72                      -179.87245
                  201.98                        179.8744
               202.24001                       179.86194
                   202.5                      -179.86087
               202.75999                      -179.23451
                  203.02                      -178.18763
                  203.28                      -176.63636
               203.53999                      -174.48671
                   203.8                      -171.64049
                  204.06                      -168.01038
               204.32001                      -163.54519
                  204.58                      -158.26878
                  204.84                      -152.31958
               205.10001                       -145.9669
                  205.36                       -139.5763
                  205.62                      -133.52492
                  205.88                      -128.10913
                  206.14                      -123.49607
               206.39999                      -119.72996
                  206.66                       -116.7697
                  206.92                       -114.5295
               207.17999                        -112.909
                  207.44                       -111.8106
                   207.7                      -111.14709
               207.96001                      -110.84377
                  208.22                       -110.8382
                  208.48                      -111.07884
               208.74001                      -111.52329
                     209                      -112.13664
               209.25999                      -112.89037
                  209.52                       -113.7613
                  209.78                      -114.73075
               210.03999                      -115.78391
                   210.3                      -116.90925
                  210.56                      -118.09754
               210.82001                      -119.34178
                  211.08                      -120.63673
                  211.34                      -121.97807
               211.60001                      -123.36291
                  211.86                        -124.789
                  212.12                      -126.25503
                  212.38                      -127.76013
                  212.64                      -129.30419
               212.89999                      -130.88716
                  213.16                      -132.50935
                  213.42                        -134.171
               213.67999                      -135.87243
                  213.94                      -137.61368
                   214.2                      -139.39495
               214.46001                      -141.21637
                  214.72                      -143.07795
                  214.98                      -144.97986
               215.24001                      -146.92247
                   215.5                      -148.90591
               215.75999                      -150.93043
                  216.02                      -152.99609
                  216.28                       -155.1029
               216.53999                      -157.25086
                   216.8                       -159.4398
                  217.06                      -161.66961
               217.32001                      -163.94024
                  217.58                      -166.25152
                  217.84                      -168.60351
               218.10001                       -170.9961
                  218.36                      -173.42907
                  218.62                       -175.9022
                  218.88                      -178.41516
                  219.14                       179.03259
               219.39999                       176.44154
                  219.66                       173.81214
                  219.92                       171.14508
               220.17999                       168.44082
                  220.44                       165.69984
                   220.7                       162.92274
               220.96001                       160.11012
                  221.22                       157.26253
                  221.48                       154.38052
               221.74001                       151.46485
                     222                       148.51618
               222.25999                       145.53483
                  222.52                       142.52145
                  222.78                       139.47617
               223.03999                       136.39931
                   223.3                       133.29141
                  223.56                        130.1527
               223.82001                       126.98338
                  224.08                        123.7839
                  224.34                        120.5548
               224.60001                       117.29642
                  224.86                       114.00886
                  225.12                       110.69256
                  225.38                       107.34729
                  225.64                       103.97307
               225.89999                       100.56967
                  226.16                       97.136871
                  226.42                       93.674238
               226.67999                       90.181225
                  226.94                       86.657394
                   227.2                       83.101652
               227.46001                       79.513344
                  227.72                       75.890721
                  227.98                        72.23258
               228.24001                       68.536629
                   228.5                       64.801005
               228.75999                        61.02342
                  229.02                       57.201138
                  229.28                       53.331752
               229.53999                       49.412209
                   229.8                       45.439439
                  230.06                       41.409957
               230.32001                       37.319712
                  230.58                       33.164444
                  230.84                       28.939235
               231.10001                       24.638839
                  231.36                       20.257572
                  231.62                       15.789536
                  231.88                       11.228172
                  232.14                       6.5665955
               232.39999                         1.79814
                  232.66                      -3.0848441
                  232.92                      -8.0893503
               233.17999                      -13.222484
                  233.44                      -18.490582
                   233.7                      -23.898343
               233.96001                       -29.44872
                  234.22                      -35.142475
                  234.48                      -40.976765
               234.74001                      -46.945696
                     235                      -53.039646
               235.25999                       -59.24528
                  235.52                       -65.54545
                  235.78                      -71.920144
               236.03999                      -78.346534
                   236.3                      -84.799916
                  236.56                       -91.25439
               236.82001                      -97.684166
                  237.08                      -104.06433
                  237.34                      -110.37214
               237.60001                      -116.58773
                  237.86                      -122.69479
                  238.12                       -128.6812
                  238.38                      -134.53856
                  238.64                      -140.26247
               238.89999                      -145.85165
                  239.16                      -151.30771
                  239.42                      -156.63405
               239.67999                      -161.83505
                  239.94                       -166.9166
                   240.2                      -171.88439
               240.46001                      -176.74443
                  240.72                       178.49728
                  240.98                       173.83516
               241.24001                       169.26363
                   241.5                       164.77778
               241.75999                       160.37291
                  242.02                       156.04498
                  242.28                       151.78993
               242.53999                       147.60439
                   242.8                       143.48453
                  243.06                       139.42631
               243.32001                       135.42556
                  243.58                       131.47717
                  243.84                       127.57576
               244.10001                       123.71567
                  244.36                       119.89109
                  244.62                       116.09646
                  244.88                       112.32696
                  245.14                       108.57866
               245.39999                        104.8485
                  245.66                       101.13539
                  245.92                       97.438564
               246.17999                       93.759442
                  246.44                       90.099663
                   246.7                       86.462068
               246.96001                       82.850373
                  247.22                       79.268295
                  247.48                       75.720202
               247.74001                        72.21003
                     248                       68.741717
               248.25999                       65.318862
                  248.52                       61.944312
                  248.78                       58.621016
               249.03999                       55.350394
                   249.3                       52.134192
                  249.56                        48.97329
               249.82001                       45.868452
                  250.08                       42.819784
                  250.34                       39.827612
               250.60001                       36.891942
                  250.86                       34.012771
                  251.12                       31.190209
                  251.38                        28.42371
                  251.64                       25.713383
               251.89999                       23.059225
                  252.16                       20.461131
                  252.42                       17.919425
               252.67999                        15.43433
                  252.94                       13.006497
                   253.2                       10.636368
               253.46001                       8.3247033
                  253.72                       6.0723805
                  253.98                       3.8798356
               254.24001                       1.7477235
                   254.5                     -0.32417354
               254.75999                      -2.3360742
                  255.02                      -4.2887433
                  255.28                      -6.1832736
               255.53999                      -8.0217421
                   255.8                      -9.8068799
                  256.06                      -11.541967
               256.32001                      -13.230935
               256.57999                      -14.878486
                  256.84                      -16.489756
               257.10001                       -18.06966
               257.35999                      -19.623885
                  257.62                      -21.157234
                  257.88                       -22.67441
               258.14001                      -24.179347
               258.39999                      -25.675321
                  258.66                      -27.164741
               258.92001                      -28.649571
               259.17999                      -30.130573
                  259.44                      -31.608299
               259.70001                      -33.082197
               259.95999                      -34.551397
                  260.22                      -36.014479
               260.48001                      -37.469801
               260.73999                      -38.915395
                     261                      -40.349081
               261.26001                      -41.768889
               261.51999                      -43.172954
                  261.78                      -44.559318
               262.04001                      -45.926561
               262.29999                      -47.272817
                  262.56                         -48.597
               262.82001                      -49.897796
               263.07999                      -51.174222
                  263.34                      -52.425074
               263.60001                      -53.649701
               263.85999                      -54.847332
                  264.12                      -56.017316
                  264.38                      -57.159216
               264.64001                      -58.272046
               264.89999                      -59.355149
                  265.16                      -60.406781
               265.42001                       -61.42497
               265.67999                      -62.406769
                  265.94                       -63.34835
               266.20001                      -64.244362
               266.45999                      -65.088137
                  266.72                      -65.870821
               266.98001                       -66.58127
               267.23999                       -67.20593
                   267.5                      -67.728196
               267.76001                      -68.128283
               268.01999                      -68.384004
                  268.28                      -68.470664
               268.54001                      -68.361929
               268.79999                      -68.031785
                  269.06                      -67.456191
               269.32001                      -66.616133
               269.57999                      -65.501228
                  269.84                      -64.113768
               270.10001                      -62.472667
               270.35999                      -60.616927
                  270.62                      -58.605907
                  270.88                      -56.517288
               271.14001                      -54.440472
               271.39999                      -52.467476
                  271.66                      -50.683977
               271.92001                      -49.159372
               272.17999                      -47.943816
                  272.44                      -47.065728
               272.70001                      -46.533736
               272.95999                       -46.34107
                  273.22                      -46.469258
               273.48001                      -46.892076
               273.73999                      -47.579357
                     274                      -48.498537
               274.26001                      -49.617485
               274.51999                      -50.905055
                  274.78                      -52.332184
               275.04001                      -53.872093
               275.29999                      -55.500517
                  275.56                      -57.195718
               275.82001                      -58.938236
               276.07999                      -60.711136
                  276.34                      -62.499221
               276.60001                      -64.289497
               276.85999                      -66.070154
                  277.12                      -67.831469
                  277.38                      -69.564914
               277.64001                      -71.263392
               277.89999                      -72.921545
                  278.16                       -74.53467
               278.42001                      -76.099931
               278.67999                      -77.615251
                  278.94                      -79.079096
               279.20001                      -80.490705
               279.45999                      -81.849858
                  279.72                      -83.155899
               279.98001                      -84.408283
               280.23999                       -85.60679
                   280.5                      -86.750218
               280.76001                      -87.837366
               281.01999                      -88.866702
                  281.28                      -89.836152
               281.54001                       -90.74342
               281.79999                      -91.585555
                  282.06                      -92.359607
               282.32001                      -93.062297
               282.57999                      -93.690237
                  282.84                      -94.240695
               283.10001                      -94.711377
               283.35999                      -95.100862
                  283.62                      -95.408712
                  283.88                      -95.635912
               284.14001                      -95.784427
               284.39999                      -95.858412
                  284.66                      -95.862783
               284.92001                      -95.804536
               285.17999                      -95.691755
                  285.44                      -95.533404
               285.70001                      -95.339755
               285.95999                      -95.120861
                  286.22                      -94.886996
               286.48001                      -94.647556
               286.73999                      -94.411396
                     287                      -94.185289
               287.26001                      -93.975356
               287.51999                      -93.785641
                  287.78                      -93.618656
               288.04001                      -93.475168
               288.29999                      -93.354847
                  288.56                      -93.254744
               288.82001                      -93.170924
               289.07999                      -93.097704
                  289.34                      -93.027872
               289.60001                      -92.953013
               289.85999                      -92.864276
                  290.12                      -92.751933
                  290.38                      -92.606149
               290.64001                      -92.417308
               290.89999                      -92.175902
                  291.16                      -91.873188
               291.42001                      -91.501626
               291.67999                      -91.054767
                  291.94                      -90.528788
               292.20001                      -89.922267
               292.45999                       -89.23739
                  292.72                      -88.480278
               292.98001                      -87.660764
               293.23999                      -86.792948
                   293.5                      -85.893657
               293.76001                      -84.982456
               294.01999                      -84.079669
                  294.28                      -83.205951
               294.54001                       -82.37988
               294.79999                      -81.617959
                  295.06                      -80.932427
               295.32001                      -80.331043
               295.57999                      -79.816976
                  295.84                       -79.38782
               296.10001                      -79.036476
               296.35999                      -78.752886
                  296.62                      -78.524921
                  296.88                      -78.340452
               297.14001                      -78.190078
               297.39999                      -78.068009
                  297.66                      -77.974026
               297.92001                      -77.912937
               298.17999                      -77.894359
                  298.44                       -77.93064
               298.70001                      -78.033804
               298.95999                      -78.213574
                  299.22                      -78.475307
               299.48001                      -78.818348
               299.73999                      -79.235698
                     300                      -79.715778

