0.050140 -2.565619
0.050400 -2.598837
0.050660 -2.640300
0.050920 -2.691275
0.051180 -2.753363
0.051440 -2.828509
0.051700 -2.918995
0.051960 -3.027418
0.052220 -3.156671
0.052480 -3.309910
0.052740 -3.490504
0.053000 -3.701969
0.053260 -3.947830
0.053520 -4.231376
0.053780 -4.555230
0.054040 -4.920616
0.054300 -5.326185
0.054560 -5.766249
0.054820 -6.228386
0.055080 -6.690706
0.055340 -7.119931
0.055600 -7.472633
0.055860 -7.702498
0.056120 -7.773953
0.056380 -7.676191
0.056640 -7.427811
0.056900 -7.068297
0.057160 -6.643108
0.057420 -6.191814
0.057680 -5.743053
0.057940 -5.314664
0.058200 -4.916099
0.058460 -4.551156
0.058720 -4.220194
0.058980 -3.921695
0.059240 -3.653257
0.059500 -3.412177
0.059760 -3.195766
0.060020 -3.001484
0.060280 -2.826998
0.060540 -2.670174
0.060800 -2.529070
0.061060 -2.401910
0.061320 -2.287077
0.061580 -2.183111
0.061840 -2.088705
0.062100 -2.002711
0.062360 -1.924139
0.062620 -1.852153
0.062880 -1.786059
0.063140 -1.725289
0.063400 -1.669376
0.063660 -1.617930
0.063920 -1.570616
0.064180 -1.527129
0.064440 -1.487182
0.064700 -1.450501
0.064960 -1.416814
0.065220 -1.385862
0.065480 -1.357402
0.065740 -1.331217
0.066000 -1.307119
0.066260 -1.284956
0.066520 -1.264609
0.066780 -1.245993
0.067040 -1.229044
0.067300 -1.213717
0.067560 -1.199972
0.067820 -1.187767
0.068080 -1.177059
0.068340 -1.167793
0.068600 -1.159911
0.068860 -1.153352
0.069120 -1.148062
0.069380 -1.143995
0.069640 -1.141122
0.069900 -1.139436
0.070160 -1.138945
0.070420 -1.139680
0.070680 -1.141685
0.070940 -1.145014
0.071200 -1.149725
0.071460 -1.155877
0.071720 -1.163526
0.071980 -1.172727
0.072240 -1.183533
0.072500 -1.196003
0.072760 -1.210204
0.073020 -1.226219
0.073280 -1.244152
0.073540 -1.264128
0.073800 -1.286301
0.074060 -1.310845
0.074320 -1.337962
0.074580 -1.367869
0.074840 -1.400802
0.075100 -1.437010
0.075360 -1.476755
0.075620 -1.520312
0.075880 -1.567972
0.076140 -1.620046
0.076400 -1.676868
0.076660 -1.738800
0.076920 -1.806232
0.077180 -1.879583
0.077440 -1.959292
0.077700 -2.045815
0.077960 -2.139598
0.078220 -2.241072
0.078480 -2.350612
0.078740 -2.468518
0.079000 -2.594974
0.079260 -2.730015
0.079520 -2.873482
0.079780 -3.024982
0.080040 -3.183849
0.080300 -3.349102
0.080560 -3.519418
0.080820 -3.693109
0.081080 -3.868128
0.081340 -4.042098
0.081600 -4.212369
0.081860 -4.376128
0.082120 -4.530527
0.082380 -4.672863
0.082640 -4.800751
0.082900 -4.912301
0.083160 -5.006254
0.083420 -5.082067
0.083680 -5.139921
0.083940 -5.180666
0.084200 -5.205705
0.084460 -5.216846
0.084720 -5.216138
0.084980 -5.205721
0.085240 -5.187703
0.085500 -5.164065
0.085760 -5.136611
0.086020 -5.106934
0.086280 -5.076426
0.086540 -5.046276
0.086800 -5.017505
0.087060 -4.990986
0.087320 -4.967468
0.087580 -4.947599
0.087840 -4.931945
0.088100 -4.921005
0.088360 -4.915225
0.088620 -4.915012
0.088880 -4.920746
0.089140 -4.932795
0.089400 -4.951525
0.089660 -4.977317
0.089920 -5.010582
0.090180 -5.051771
0.090440 -5.101387
0.090700 -5.159992
0.090960 -5.228213
0.091220 -5.306746
0.091480 -5.396361
0.091740 -5.497897
0.092000 -5.612274
0.092260 -5.740494
0.092520 -5.883649
0.092780 -6.042942
0.093040 -6.219698
0.093300 -6.415401
0.093560 -6.631705
0.093820 -6.870481
0.094080 -7.133859
0.094340 -7.424260
0.094600 -7.744466
0.094860 -8.097661
0.095120 -8.487547
0.095380 -8.918426
0.095640 -9.395353
0.095900 -9.924356
0.096160 -10.512727
0.096420 -11.169460
0.096680 -11.905888
0.096940 -12.736671
0.097200 -13.681341
0.097460 -14.766885
0.097720 -16.032146
0.097980 -17.536218
0.098240 -19.375507
0.098500 -21.723779
0.098760 -24.943929
0.099020 -30.003030
0.099280 -39.796113
0.099540 -33.080224
0.099800 -26.749976
0.100060 -23.094220
0.100320 -20.562780
0.100580 -18.644652
0.100840 -17.113414
0.101100 -15.849294
0.101360 -14.781147
0.101620 -13.863237
0.101880 -13.064330
0.102140 -12.362139
0.102400 -11.740182
0.102660 -11.185874
0.102920 -10.689407
0.103180 -10.242976
0.103440 -9.840242
0.103700 -9.475984
0.103960 -9.145858
0.104220 -8.846171
0.104480 -8.573790
0.104740 -8.326013
0.105000 -8.100491
0.105260 -7.895194
0.105520 -7.708346
0.105780 -7.538389
0.106040 -7.383968
0.106300 -7.243892
0.106560 -7.117113
0.106820 -7.002710
0.107080 -6.899862
0.107340 -6.807841
0.107600 -6.725988
0.107860 -6.653712
0.108120 -6.590470
0.108380 -6.535773
0.108640 -6.489171
0.108900 -6.450259
0.109160 -6.418672
0.109420 -6.394084
0.109680 -6.376206
0.109940 -6.364782
0.110200 -6.359589
0.110460 -6.360428
0.110720 -6.367118
0.110980 -6.379496
0.111240 -6.397406
0.111500 -6.420696
0.111760 -6.449218
0.112020 -6.482823
0.112280 -6.521365
0.112540 -6.564697
0.112800 -6.612673
0.113060 -6.665152
0.113320 -6.721990
0.113580 -6.783040
0.113840 -6.848151
0.114100 -6.917154
0.114360 -6.989861
0.114620 -7.066057
0.114880 -7.145490
0.115140 -7.227872
0.115400 -7.312867
0.115660 -7.400098
0.115920 -7.489146
0.116180 -7.579550
0.116440 -7.670810
0.116700 -7.762394
0.116960 -7.853736
0.117220 -7.944240
0.117480 -8.033282
0.117740 -8.120213
0.118000 -8.204365
0.118260 -8.285054
0.118520 -8.361599
0.118780 -8.433328
0.119040 -8.499603
0.119300 -8.559829
0.119560 -8.613477
0.119820 -8.660090
0.120080 -8.699292
0.120340 -8.730788
0.120600 -8.754355
0.120860 -8.769830
0.121120 -8.777104
0.121380 -8.776099
0.121640 -8.766767
0.121900 -8.749079
0.122160 -8.723032
0.122420 -8.688644
0.122680 -8.645968
0.122940 -8.595096
0.123200 -8.536172
0.123460 -8.469384
0.123720 -8.394986
0.123980 -8.313280
0.124240 -8.224623
0.124500 -8.129413
0.124760 -8.028106
0.125020 -7.921191
0.125280 -7.809203
0.125540 -7.692700
0.125800 -7.572283
0.126060 -7.448573
0.126320 -7.322201
0.126580 -7.193807
0.126840 -7.064014
0.127100 -6.933431
0.127360 -6.802633
0.127620 -6.672152
0.127880 -6.542476
0.128140 -6.414042
0.128400 -6.287240
0.128660 -6.162413
0.128920 -6.039858
0.129180 -5.919831
0.129440 -5.802564
0.129700 -5.688243
0.129960 -5.577035
0.130220 -5.469073
0.130480 -5.364465
0.130740 -5.263286
0.131000 -5.165593
0.131260 -5.071411
0.131520 -4.980750
0.131780 -4.893601
0.132040 -4.809936
0.132300 -4.729724
0.132560 -4.652927
0.132820 -4.579503
0.133080 -4.509412
0.133340 -4.442610
0.133600 -4.379063
0.133860 -4.318727
0.134120 -4.261566
0.134380 -4.207542
0.134640 -4.156614
0.134900 -4.108746
0.135160 -4.063899
0.135420 -4.022039
0.135680 -3.983135
0.135940 -3.947165
0.136200 -3.914113
0.136460 -3.883972
0.136720 -3.856746
0.136980 -3.832446
0.137240 -3.811091
0.137500 -3.792707
0.137760 -3.777328
0.138020 -3.764988
0.138280 -3.755731
0.138540 -3.749602
0.138800 -3.746655
0.139060 -3.746947
0.139320 -3.750548
0.139580 -3.757535
0.139840 -3.767996
0.140100 -3.782028
0.140360 -3.799742
0.140620 -3.821252
0.140880 -3.846683
0.141140 -3.876162
0.141400 -3.909816
0.141660 -3.947771
0.141920 -3.990148
0.142180 -4.037057
0.142440 -4.088591
0.142700 -4.144830
0.142960 -4.205822
0.143220 -4.271580
0.143480 -4.342067
0.143740 -4.417184
0.144000 -4.496751
0.144260 -4.580476
0.144520 -4.667939
0.144780 -4.758564
0.145040 -4.851576
0.145300 -4.945997
0.145560 -5.040598
0.145820 -5.133901
0.146080 -5.224163
0.146340 -5.309405
0.146600 -5.387438
0.146860 -5.455938
0.147120 -5.512538
0.147380 -5.554956
0.147640 -5.581145
0.147900 -5.589440
0.148160 -5.578711
0.148420 -5.548470
0.148680 -5.498940
0.148940 -5.431056
0.149200 -5.346404
0.149460 -5.247101
0.149720 -5.135641
0.149980 -5.014731
0.150240 -4.887118
0.150500 -4.755454
0.150760 -4.622185
0.151020 -4.489477
0.151280 -4.359174
0.151540 -4.232793
0.151800 -4.111531
0.152060 -3.996290
0.152320 -3.887720
0.152580 -3.786244
0.152840 -3.692110
0.153100 -3.605418
0.153360 -3.526157
0.153620 -3.454229
0.153880 -3.389477
0.154140 -3.331702
0.154400 -3.280674
0.154660 -3.236147
0.154920 -3.197868
0.155180 -3.165589
0.155440 -3.139059
0.155700 -3.118044
0.155960 -3.102316
0.156220 -3.091673
0.156480 -3.085925
0.156740 -3.084903
0.157000 -3.088461
0.157260 -3.096478
0.157520 -3.108845
0.157780 -3.125488
0.158040 -3.146339
0.158300 -3.171354
0.158560 -3.200502
0.158820 -3.233766
0.159080 -3.271148
0.159340 -3.312659
0.159600 -3.358321
0.159860 -3.408179
0.160120 -3.462289
0.160380 -3.520724
0.160640 -3.583585
0.160900 -3.650977
0.161160 -3.723029
0.161420 -3.799894
0.161680 -3.881733
0.161940 -3.968719
0.162200 -4.061039
0.162460 -4.158896
0.162720 -4.262503
0.162980 -4.372083
0.163240 -4.487887
0.163500 -4.610175
0.163760 -4.739237
0.164020 -4.875405
0.164280 -5.019027
0.164540 -5.170494
0.164800 -5.330230
0.165060 -5.498686
0.165320 -5.676364
0.165580 -5.863770
0.165840 -6.061475
0.166100 -6.270049
0.166360 -6.490123
0.166620 -6.722377
0.166880 -6.967501
0.167140 -7.226289
0.167400 -7.499579
0.167660 -7.788308
0.167920 -8.093453
0.168180 -8.416146
0.168440 -8.757545
0.168700 -9.118910
0.168960 -9.501626
0.169220 -9.907140
0.169480 -10.337034
0.169740 -10.792938
0.170000 -11.276696
0.170260 -11.790199
0.170520 -12.335598
0.170780 -12.915174
0.171040 -13.531292
0.171300 -14.186493
0.171560 -14.883153
0.171820 -15.623323
0.172080 -16.408006
0.172340 -17.236348
0.172600 -18.103750
0.172860 -18.998992
0.173120 -19.899778
0.173380 -20.766559
0.173640 -21.537159
0.173900 -22.128400
0.174160 -22.454142
0.174420 -22.460922
0.174680 -22.157160
0.174940 -21.606888
0.175200 -20.895208
0.175460 -20.096582
0.175720 -19.262529
0.175980 -18.423718
0.176240 -17.595780
0.176500 -16.785078
0.176760 -15.992830
0.177020 -15.217997
0.177280 -14.458527
0.177540 -13.712590
0.177800 -12.979236
0.178060 -12.258342
0.178320 -11.551251
0.178580 -10.860080
0.178840 -10.188028
0.179100 -9.538666
0.179360 -8.916010
0.179620 -8.323840
0.179880 -7.765631
0.180140 -7.244257
0.180400 -6.761703
0.180660 -6.319180
0.180920 -5.916893
0.181180 -5.554293
0.181440 -5.230034
0.181700 -4.942194
0.181960 -4.688369
0.182220 -4.465856
0.182480 -4.271820
0.182740 -4.103357
0.183000 -3.957643
0.183260 -3.831970
0.183520 -3.723833
0.183780 -3.630905
0.184040 -3.551116
0.184300 -3.482601
0.184560 -3.423729
0.184820 -3.373073
0.185080 -3.329376
0.185340 -3.291558
0.185600 -3.258676
0.185860 -3.229916
0.186120 -3.204573
0.186380 -3.182035
0.186640 -3.161753
0.186900 -3.143277
0.187160 -3.126197
0.187420 -3.110178
0.187680 -3.094931
0.187940 -3.080210
0.188200 -3.065826
0.188460 -3.051608
0.188720 -3.037424
0.188980 -3.023155
0.189240 -3.008706
0.189500 -2.993982
0.189760 -2.978904
0.190020 -2.963381
0.190280 -2.947332
0.190540 -2.930674
0.190800 -2.913339
0.191060 -2.895252
0.191320 -2.876355
0.191580 -2.856603
0.191840 -2.835952
0.192100 -2.814388
0.192360 -2.791897
0.192620 -2.768479
0.192880 -2.744150
0.193140 -2.718927
0.193400 -2.692847
0.193660 -2.665950
0.193920 -2.638297
0.194180 -2.609957
0.194440 -2.581016
0.194700 -2.551576
0.194960 -2.521764
0.195220 -2.491716
0.195480 -2.461591
0.195740 -2.431560
0.196000 -2.401811
0.196260 -2.372541
0.196520 -2.343954
0.196780 -2.316270
0.197040 -2.289713
0.197300 -2.264518
0.197560 -2.240932
0.197820 -2.219216
0.198080 -2.199644
0.198340 -2.182506
0.198600 -2.168105
0.198860 -2.156755
0.199120 -2.148774
0.199380 -2.144478
0.199640 -2.144172
0.199900 -2.148135
0.200160 -2.156610
0.200420 -2.169789
0.200680 -2.187797
0.200940 -2.210680
0.201200 -2.238389
0.201460 -2.270767
0.201720 -2.307544
0.201980 -2.348324
0.202240 -2.392590
0.202500 -2.439703
0.202760 -2.488912
0.203020 -2.539374
0.203280 -2.590174
0.203540 -2.640351
0.203800 -2.688940
0.204060 -2.734995
0.204320 -2.777626
0.204580 -2.816032
0.204840 -2.849528
0.205100 -2.877553
0.205360 -2.899690
0.205620 -2.915665
0.205880 -2.925346
0.206140 -2.928732
0.206400 -2.925943
0.206660 -2.917209
0.206920 -2.902851
0.207180 -2.883267
0.207440 -2.858918
0.207700 -2.830309
0.207960 -2.797975
0.208220 -2.762470
0.208480 -2.724347
0.208740 -2.684148
0.209000 -2.642394
0.209260 -2.599573
0.209520 -2.556137
0.209780 -2.512496
0.210040 -2.469015
0.210300 -2.426016
0.210560 -2.383782
0.210820 -2.342552
0.211080 -2.302529
0.211340 -2.263887
0.211600 -2.226764
0.211860 -2.191278
0.212120 -2.157520
0.212380 -2.125557
0.212640 -2.095442
0.212900 -2.067211
0.213160 -2.040882
0.213420 -2.016467
0.213680 -1.993965
0.213940 -1.973372
0.214200 -1.954678
0.214460 -1.937877
0.214720 -1.922963
0.214980 -1.909935
0.215240 -1.898792
0.215500 -1.889551
0.215760 -1.882232
0.216020 -1.876865
0.216280 -1.873495
0.216540 -1.872175
0.216800 -1.872979
0.217060 -1.875988
0.217320 -1.881311
0.217580 -1.889070
0.217840 -1.899412
0.218100 -1.912518
0.218360 -1.928587
0.218620 -1.947864
0.218880 -1.970619
0.219140 -1.997165
0.219400 -2.027866
0.219660 -2.063117
0.219920 -2.103380
0.220180 -2.149172
0.220440 -2.201065
0.220700 -2.259711
0.220960 -2.325828
0.221220 -2.400237
0.221480 -2.483849
0.221740 -2.577677
0.222000 -2.682874
0.222260 -2.800727
0.222520 -2.932656
0.222780 -3.080266
0.223040 -3.245336
0.223300 -3.429855
0.223560 -3.636021
0.223820 -3.866286
0.224080 -4.123342
0.224340 -4.410175
0.224600 -4.730102
0.224860 -5.086734
0.225120 -5.484138
0.225380 -5.926738
0.225640 -6.419474
0.225900 -6.967860
0.226160 -7.578039
0.226420 -8.256846
0.226680 -9.011988
0.226940 -9.851891
0.227200 -10.785503
0.227460 -11.821332
0.227720 -12.964978
0.227980 -14.213209
0.228240 -15.539765
0.228500 -16.867268
0.228760 -18.026208
0.229020 -18.749692
0.229280 -18.813141
0.229540 -18.248617
0.229800 -17.308292
0.230060 -16.240506
0.230320 -15.188873
0.230580 -14.214025
0.230840 -13.333534
0.231100 -12.546477
0.231360 -11.845096
0.231620 -11.219848
0.231880 -10.661382
0.232140 -10.161256
0.232400 -9.712113
0.232660 -9.307639
0.232920 -8.942458
0.233180 -8.612004
0.233440 -8.312401
0.233700 -8.040362
0.233960 -7.793098
0.234220 -7.568239
0.234480 -7.363783
0.234740 -7.178023
0.235000 -7.009524
0.235260 -6.857063
0.235520 -6.719628
0.235780 -6.596347
0.236040 -6.486508
0.236300 -6.389512
0.236560 -6.304880
0.236820 -6.232204
0.237080 -6.171177
0.237340 -6.121578
0.237600 -6.083243
0.237860 -6.056060
0.238120 -6.040017
0.238380 -6.035129
0.238640 -6.041481
0.238900 -6.059234
0.239160 -6.088589
0.239420 -6.129816
0.239680 -6.183245
0.239940 -6.249295
0.240200 -6.328456
0.240460 -6.421288
0.240720 -6.528449
0.240980 -6.650711
0.241240 -6.788976
0.241500 -6.944238
0.241760 -7.117720
0.242020 -7.310778
0.242280 -7.524993
0.242540 -7.762196
0.242800 -8.024529
0.243060 -8.314454
0.243320 -8.634874
0.243580 -8.989206
0.243840 -9.381419
0.244100 -9.816257
0.244360 -10.299338
0.244620 -10.837502
0.244880 -11.438884
0.245140 -12.113296
0.245400 -12.872858
0.245660 -13.731997
0.245920 -14.707731
0.246180 -15.818670
0.246440 -17.080560
0.246700 -18.491924
0.246960 -19.992205
0.247220 -21.366041
0.247480 -22.146907
0.247740 -21.878382
0.248000 -20.697267
0.248260 -19.135687
0.248520 -17.561670
0.248780 -16.114921
0.249040 -14.825349
0.249300 -13.685265
0.249560 -12.677308
0.249820 -11.783467
0.250080 -10.987891
