0.050140 0.421804
0.050400 0.397887
0.050660 0.373791
0.050920 0.349465
0.051180 0.324878
0.051440 0.300025
0.051700 0.274942
0.051960 0.249714
0.052220 0.224493
0.052480 0.199504
0.052740 0.175072
0.053000 0.151642
0.053260 0.129809
0.053520 0.110362
0.053780 0.094327
0.054040 0.083024
0.054300 0.078098
0.054560 0.081522
0.054820 0.095487
0.055080 0.122110
0.055340 0.162848
0.055600 0.217616
0.055860 0.283897
0.056120 0.356487
0.056380 0.428510
0.056640 0.493421
0.056900 0.546793
0.057160 0.586901
0.057420 0.614175
0.057680 0.630264
0.057940 0.637234
0.058200 0.637091
0.058460 0.631565
0.058720 0.622050
0.058980 0.609627
0.059240 0.595117
0.059500 0.579138
0.059760 0.562153
0.060020 0.544511
0.060280 0.526479
0.060540 0.508261
0.060800 0.490013
0.061060 0.471850
0.061320 0.453859
0.061580 0.436096
0.061840 0.418598
0.062100 0.401380
0.062360 0.384447
0.062620 0.367792
0.062880 0.351402
0.063140 0.335265
0.063400 0.319367
0.063660 0.303695
0.063920 0.288242
0.064180 0.273001
0.064440 0.257967
0.064700 0.243135
0.064960 0.228499
0.065220 0.214051
0.065480 0.199782
0.065740 0.185678
0.066000 0.171725
0.066260 0.157908
0.066520 0.144212
0.066780 0.130621
0.067040 0.117125
0.067300 0.103711
0.067560 0.090372
0.067820 0.077102
0.068080 0.063895
0.068340 0.050744
0.068600 0.037645
0.068860 0.024589
0.069120 0.011567
0.069380 -0.001431
0.069640 -0.014417
0.069900 -0.027403
0.070160 -0.040401
0.070420 -0.053423
0.070680 -0.066479
0.070940 -0.079577
0.071200 -0.092726
0.071460 -0.105931
0.071720 -0.119199
0.071980 -0.132534
0.072240 -0.145943
0.072500 -0.159434
0.072760 -0.173015
0.073020 -0.186694
0.073280 -0.200481
0.073540 -0.214386
0.073800 -0.228418
0.074060 -0.242584
0.074320 -0.256889
0.074580 -0.271337
0.074840 -0.285930
0.075100 -0.300663
0.075360 -0.315535
0.075620 -0.330537
0.075880 -0.345661
0.076140 -0.360895
0.076400 -0.376224
0.076660 -0.391627
0.076920 -0.407080
0.077180 -0.422551
0.077440 -0.437998
0.077700 -0.453369
0.077960 -0.468600
0.078220 -0.483613
0.078480 -0.498313
0.078740 -0.512590
0.079000 -0.526318
0.079260 -0.539356
0.079520 -0.551549
0.079780 -0.562732
0.080040 -0.572733
0.080300 -0.581381
0.080560 -0.588510
0.080820 -0.593972
0.081080 -0.597646
0.081340 -0.599451
0.081600 -0.599358
0.081860 -0.597400
0.082120 -0.593683
0.082380 -0.588386
0.082640 -0.581760
0.082900 -0.574117
0.083160 -0.565810
0.083420 -0.557215
0.083680 -0.548706
0.083940 -0.540631
0.084200 -0.533295
0.084460 -0.526950
0.084720 -0.521788
0.084980 -0.517941
0.085240 -0.515488
0.085500 -0.514468
0.085760 -0.514879
0.086020 -0.516700
0.086280 -0.519890
0.086540 -0.524398
0.086800 -0.530169
0.087060 -0.537147
0.087320 -0.545277
0.087580 -0.554505
0.087840 -0.564782
0.088100 -0.576063
0.088360 -0.588305
0.088620 -0.601475
0.088880 -0.615541
0.089140 -0.630479
0.089400 -0.646271
0.089660 -0.662903
0.089920 -0.680366
0.090180 -0.698659
0.090440 -0.717780
0.090700 -0.737731
0.090960 -0.758516
0.091220 -0.780139
0.091480 -0.802603
0.091740 -0.825909
0.092000 -0.850060
0.092260 -0.875056
0.092520 -0.900895
0.092780 -0.927575
0.093040 -0.955097
0.093300 -0.983455
0.093560 -1.012648
0.093820 -1.042669
0.094080 -1.073507
0.094340 -1.105150
0.094600 -1.137574
0.094860 -1.170749
0.095120 -1.204632
0.095380 -1.239168
0.095640 -1.274283
0.095900 -1.309889
0.096160 -1.345871
0.096420 -1.382090
0.096680 -1.418367
0.096940 -1.454468
0.097200 -1.490076
0.097460 -1.524736
0.097720 -1.557739
0.097980 -1.587893
0.098240 -1.612947
0.098500 -1.627960
0.098760 -1.619356
0.099020 -1.531378
0.099280 -0.787498
0.099540 0.822833
0.099800 1.003399
0.100060 1.031922
0.100320 1.025528
0.100580 1.006142
0.100840 0.980797
0.101100 0.952441
0.101360 0.922534
0.101620 0.891882
0.101880 0.860963
0.102140 0.830080
0.102400 0.799428
0.102660 0.769139
0.102920 0.739303
0.103180 0.709983
0.103440 0.681223
0.103700 0.653053
0.103960 0.625493
0.104220 0.598554
0.104480 0.572242
0.104740 0.546558
0.105000 0.521497
0.105260 0.497049
0.105520 0.473205
0.105780 0.449950
0.106040 0.427269
0.106300 0.405148
0.106560 0.383571
0.106820 0.362526
0.107080 0.341999
0.107340 0.321981
0.107600 0.302462
0.107860 0.283432
0.108120 0.264886
0.108380 0.246816
0.108640 0.229215
0.108900 0.212077
0.109160 0.195396
0.109420 0.179167
0.109680 0.163384
0.109940 0.148046
0.110200 0.133150
0.110460 0.118697
0.110720 0.104690
0.110980 0.091135
0.111240 0.078037
0.111500 0.065408
0.111760 0.053257
0.112020 0.041597
0.112280 0.030441
0.112540 0.019803
0.112800 0.009699
0.113060 0.000147
0.113320 -0.008837
0.113580 -0.017230
0.113840 -0.025010
0.114100 -0.032152
0.114360 -0.038628
0.114620 -0.044407
0.114880 -0.049458
0.115140 -0.053750
0.115400 -0.057250
0.115660 -0.059927
0.115920 -0.061752
0.116180 -0.062700
0.116440 -0.062747
0.116700 -0.061876
0.116960 -0.060072
0.117220 -0.057325
0.117480 -0.053632
0.117740 -0.048997
0.118000 -0.043427
0.118260 -0.036943
0.118520 -0.029571
0.118780 -0.021347
0.119040 -0.012317
0.119300 -0.002538
0.119560 0.007930
0.119820 0.019016
0.120080 0.030648
0.120340 0.042753
0.120600 0.055255
0.120860 0.068084
0.121120 0.081168
0.121380 0.094440
0.121640 0.107833
0.121900 0.121282
0.122160 0.134721
0.122420 0.148084
0.122680 0.161303
0.122940 0.174309
0.123200 0.187034
0.123460 0.199408
0.123720 0.211364
0.123980 0.222836
0.124240 0.233762
0.124500 0.244083
0.124760 0.253745
0.125020 0.262698
0.125280 0.270898
0.125540 0.278308
0.125800 0.284896
0.126060 0.290637
0.126320 0.295516
0.126580 0.299525
0.126840 0.302665
0.127100 0.304944
0.127360 0.306378
0.127620 0.306989
0.127880 0.306803
0.128140 0.305852
0.128400 0.304169
0.128660 0.301788
0.128920 0.298746
0.129180 0.295079
0.129440 0.290822
0.129700 0.286013
0.129960 0.280686
0.130220 0.274877
0.130480 0.268620
0.130740 0.261950
0.131000 0.254900
0.131260 0.247500
0.131520 0.239779
0.131780 0.231765
0.132040 0.223483
0.132300 0.214955
0.132560 0.206202
0.132820 0.197242
0.133080 0.188093
0.133340 0.178769
0.133600 0.169287
0.133860 0.159658
0.134120 0.149896
0.134380 0.140013
0.134640 0.130019
0.134900 0.119926
0.135160 0.109742
0.135420 0.099474
0.135680 0.089131
0.135940 0.078718
0.136200 0.068241
0.136460 0.057705
0.136720 0.047116
0.136980 0.036478
0.137240 0.025798
0.137500 0.015079
0.137760 0.004330
0.138020 -0.006443
0.138280 -0.017234
0.138540 -0.028033
0.138800 -0.038833
0.139060 -0.049626
0.139320 -0.060402
0.139580 -0.071152
0.139840 -0.081862
0.140100 -0.092521
0.140360 -0.103113
0.140620 -0.113621
0.140880 -0.124025
0.141140 -0.134301
0.141400 -0.144420
0.141660 -0.154354
0.141920 -0.164066
0.142180 -0.173516
0.142440 -0.182659
0.142700 -0.191445
0.142960 -0.199818
0.143220 -0.207713
0.143480 -0.215061
0.143740 -0.221783
0.144000 -0.227793
0.144260 -0.232999
0.144520 -0.237301
0.144780 -0.240595
0.145040 -0.242773
0.145300 -0.243734
0.145560 -0.243378
0.145820 -0.241622
0.146080 -0.238405
0.146340 -0.233696
0.146600 -0.227502
0.146860 -0.219883
0.147120 -0.210952
0.147380 -0.200888
0.147640 -0.189929
0.147900 -0.178373
0.148160 -0.166564
0.148420 -0.154873
0.148680 -0.143685
0.148940 -0.133369
0.149200 -0.124257
0.149460 -0.116634
0.149720 -0.110714
0.149980 -0.106646
0.150240 -0.104508
0.150500 -0.104314
0.150760 -0.106026
0.151020 -0.109561
0.151280 -0.114807
0.151540 -0.121632
0.151800 -0.129892
0.152060 -0.139438
0.152320 -0.150130
0.152580 -0.161827
0.152840 -0.174404
0.153100 -0.187746
0.153360 -0.201746
0.153620 -0.216313
0.153880 -0.231366
0.154140 -0.246836
0.154400 -0.262661
0.154660 -0.278791
0.154920 -0.295181
0.155180 -0.311797
0.155440 -0.328609
0.155700 -0.345593
0.155960 -0.362730
0.156220 -0.380008
0.156480 -0.397416
0.156740 -0.414948
0.157000 -0.432600
0.157260 -0.450372
0.157520 -0.468262
0.157780 -0.486276
0.158040 -0.504415
0.158300 -0.522683
0.158560 -0.541086
0.158820 -0.559629
0.159080 -0.578320
0.159340 -0.597165
0.159600 -0.616172
0.159860 -0.635352
0.160120 -0.654712
0.160380 -0.674263
0.160640 -0.694018
0.160900 -0.713986
0.161160 -0.734178
0.161420 -0.754604
0.161680 -0.775276
0.161940 -0.796203
0.162200 -0.817394
0.162460 -0.838862
0.162720 -0.860616
0.162980 -0.882668
0.163240 -0.905031
0.163500 -0.927717
0.163760 -0.950742
0.164020 -0.974122
0.164280 -0.997872
0.164540 -1.022009
0.164800 -1.046549
0.165060 -1.071507
0.165320 -1.096901
0.165580 -1.122744
0.165840 -1.149055
0.166100 -1.175849
0.166360 -1.203145
0.166620 -1.230968
0.166880 -1.259338
0.167140 -1.288286
0.167400 -1.317841
0.167660 -1.348043
0.167920 -1.378927
0.168180 -1.410545
0.168440 -1.442944
0.168700 -1.476186
0.168960 -1.510344
0.169220 -1.545505
0.169480 -1.581783
0.169740 -1.619314
0.170000 -1.658281
0.170260 -1.698907
0.170520 -1.741496
0.170780 -1.786425
0.171040 -1.834181
0.171300 -1.885400
0.171560 -1.940898
0.171820 -2.001736
0.172080 -2.069288
0.172340 -2.145348
0.172600 -2.232207
0.172860 -2.332718
0.173120 -2.450205
0.173380 -2.588000
0.173640 -2.748281
0.173900 -2.930090
0.174160 -3.127096
0.174420 2.955643
0.174680 2.765332
0.174940 2.595374
0.175200 2.450200
0.175460 2.329390
0.175720 2.229985
0.175980 2.148314
0.176240 2.080844
0.176500 2.024505
0.176760 1.976712
0.177020 1.935322
0.177280 1.898507
0.177540 1.864707
0.177800 1.832593
0.178060 1.801009
0.178320 1.769025
0.178580 1.735869
0.178840 1.700991
0.179100 1.664014
0.179360 1.624775
0.179620 1.583264
0.179880 1.539638
0.180140 1.494180
0.180400 1.447251
0.180660 1.399289
0.180920 1.350740
0.181180 1.302063
0.181440 1.253685
0.181700 1.205992
0.181960 1.159313
0.182220 1.113915
0.182480 1.070011
0.182740 1.027750
0.183000 0.987230
0.183260 0.948504
0.183520 0.911590
0.183780 0.876466
0.184040 0.843096
0.184300 0.811422
0.184560 0.781376
0.184820 0.752883
0.185080 0.725860
0.185340 0.700227
0.185600 0.675904
0.185860 0.652809
0.186120 0.630868
0.186380 0.610009
0.186640 0.590158
0.186900 0.571249
0.187160 0.553217
0.187420 0.536000
0.187680 0.519540
0.187940 0.503782
0.188200 0.488675
0.188460 0.474171
0.188720 0.460227
0.188980 0.446802
0.189240 0.433861
0.189500 0.421368
0.189760 0.409296
0.190020 0.397613
0.190280 0.386291
0.190540 0.375302
0.190800 0.364622
0.191060 0.354221
0.191320 0.344075
0.191580 0.334156
0.191840 0.324435
0.192100 0.314891
0.192360 0.305495
0.192620 0.296224
0.192880 0.287053
0.193140 0.277957
0.193400 0.268914
0.193660 0.259899
0.193920 0.250893
0.194180 0.241870
0.194440 0.232810
0.194700 0.223689
0.194960 0.214490
0.195220 0.205191
0.195480 0.195777
0.195740 0.186230
0.196000 0.176537
0.196260 0.166687
0.196520 0.156670
0.196780 0.146478
0.197040 0.136106
0.197300 0.125551
0.197560 0.114810
0.197820 0.103885
0.198080 0.092779
0.198340 0.081499
0.198600 0.070057
0.198860 0.058470
0.199120 0.046759
0.199380 0.034953
0.199640 0.023088
0.199900 0.011206
0.200160 -0.000641
0.200420 -0.012397
0.200680 -0.023995
0.200940 -0.035366
0.201200 -0.046436
0.201460 -0.057125
0.201720 -0.067356
0.201980 -0.077053
0.202240 -0.086144
0.202500 -0.094567
0.202760 -0.102268
0.203020 -0.109206
0.203280 -0.115361
0.203540 -0.120726
0.203800 -0.125314
0.204060 -0.129161
0.204320 -0.132314
0.204580 -0.134840
0.204840 -0.136823
0.205100 -0.138350
0.205360 -0.139522
0.205620 -0.140438
0.205880 -0.141204
0.206140 -0.141918
0.206400 -0.142676
0.206660 -0.143570
0.206920 -0.144680
0.207180 -0.146081
0.207440 -0.147836
0.207700 -0.150000
0.207960 -0.152615
0.208220 -0.155717
0.208480 -0.159328
0.208740 -0.163465
0.209000 -0.168132
0.209260 -0.173331
0.209520 -0.179056
0.209780 -0.185294
0.210040 -0.192031
0.210300 -0.199249
0.210560 -0.206931
0.210820 -0.215053
0.211080 -0.223598
0.211340 -0.232544
0.211600 -0.241870
0.211860 -0.251560
0.212120 -0.261595
0.212380 -0.271958
0.212640 -0.282634
0.212900 -0.293611
0.213160 -0.304876
0.213420 -0.316420
0.213680 -0.328236
0.213940 -0.340317
0.214200 -0.352661
0.214460 -0.365267
0.214720 -0.378138
0.214980 -0.391274
0.215240 -0.404681
0.215500 -0.418366
0.215760 -0.432338
0.216020 -0.446606
0.216280 -0.461184
0.216540 -0.476084
0.216800 -0.491322
0.217060 -0.506915
0.217320 -0.522881
0.217580 -0.539241
0.217840 -0.556015
0.218100 -0.573230
0.218360 -0.590907
0.218620 -0.609077
0.218880 -0.627766
0.219140 -0.647002
0.219400 -0.666818
0.219660 -0.687239
0.219920 -0.708300
0.220180 -0.730032
0.220440 -0.752468
0.220700 -0.775638
0.220960 -0.799572
0.221220 -0.824302
0.221480 -0.849856
0.221740 -0.876258
0.222000 -0.903531
0.222260 -0.931694
0.222520 -0.960751
0.222780 -0.990705
0.223040 -1.021544
0.223300 -1.053242
0.223560 -1.085752
0.223820 -1.119009
0.224080 -1.152915
0.224340 -1.187339
0.224600 -1.222112
0.224860 -1.257006
0.225120 -1.291743
0.225380 -1.325956
0.225640 -1.359186
0.225900 -1.390852
0.226160 -1.420212
0.226420 -1.446300
0.226680 -1.467863
0.226940 -1.483218
0.227200 -1.490071
0.227460 -1.485210
0.227720 -1.464065
0.227980 -1.420095
0.228240 -1.344163
0.228500 -1.224910
0.228760 -1.052953
0.229020 -0.832743
0.229280 -0.594494
0.229540 -0.380857
0.229800 -0.216274
0.230060 -0.100844
0.230320 -0.024141
0.230580 0.024695
0.230840 0.053998
0.231100 0.069598
0.231360 0.075488
0.231620 0.074393
0.231880 0.068206
0.232140 0.058257
0.232400 0.045493
0.232660 0.030596
0.232920 0.014065
0.233180 -0.003737
0.233440 -0.022541
0.233700 -0.042151
0.233960 -0.062421
0.234220 -0.083246
0.234480 -0.104547
0.234740 -0.126271
0.235000 -0.148379
0.235260 -0.170844
0.235520 -0.193649
0.235780 -0.216784
0.236040 -0.240246
0.236300 -0.264033
0.236560 -0.288148
0.236820 -0.312597
0.237080 -0.337387
0.237340 -0.362530
0.237600 -0.388037
0.237860 -0.413921
0.238120 -0.440199
0.238380 -0.466889
0.238640 -0.494010
0.238900 -0.521584
0.239160 -0.549635
0.239420 -0.578189
0.239680 -0.607275
0.239940 -0.636927
0.240200 -0.667180
0.240460 -0.698076
0.240720 -0.729659
0.240980 -0.761980
0.241240 -0.795098
0.241500 -0.829076
0.241760 -0.863991
0.242020 -0.899926
0.242280 -0.936979
0.242540 -0.975260
0.242800 -1.014902
0.243060 -1.056056
0.243320 -1.098904
0.243580 -1.143668
0.243840 -1.190615
0.244100 -1.240078
0.244360 -1.292483
0.244620 -1.348385
0.244880 -1.408518
0.245140 -1.473880
0.245400 -1.545889
0.245660 -1.626585
0.245920 -1.719027
0.246180 -1.827949
0.246440 -1.960885
0.246700 -2.129956
0.246960 -2.353719
0.247220 -2.654343
0.247480 -3.035091
0.247740 2.841116
0.248000 2.488391
0.248260 2.218791
0.248520 2.016977
0.248780 1.861100
0.249040 1.735319
0.249300 1.629640
0.249560 1.537884
0.249820 1.456150
0.250080 1.381918
