        Frequency / MHz                Port 1 [1] (Mesh Pass=3)/arg,degrees
----------------------------------------------------------------------
                      40                       10.588483
                   40.26                       13.130722
                   40.52                       15.612519
                   40.78                       18.025769
                   41.04                       20.363809
                    41.3                       22.621461
                   41.56                       24.795063
                   41.82                       26.882436
                   42.08                       28.882748
                   42.34                       30.796264
                    42.6                        32.62404
                   42.86                       34.367645
                   43.12                       36.028963
                   43.38                       37.610109
                   43.64                        39.11342
                    43.9                       40.541479
                   44.16                       41.897112
                   44.42                       43.183318
                   44.68                        44.40317
                   44.94                       45.559683
                    45.2                       46.655733
                   45.46                       47.694033
                   45.72                       48.677169
                   45.98                       49.607681
                   46.24                       50.488128
                    46.5                       51.321127
                   46.76                        52.10933
                   47.02                       52.855371
                   47.28                       53.561805
                   47.54                       54.231068
                    47.8                       54.865475
                   48.06                       55.467257
                   48.32                       56.038609
                   48.58                        56.58171
                   48.84                       57.098712
                    49.1                       57.591679
                   49.36                       58.062493
                   49.62                       58.512764
                   49.88                       58.943772
                   50.14                       59.356456
                    50.4                       59.751443
                   50.66                       60.129122
                   50.92                       60.489715
                   51.18                       60.833342
                   51.44                       61.160068
                    51.7                       61.469931
                   51.96                       61.762969
                   52.22                       62.039267
                   52.48                       62.299003
                   52.74                       62.542509
                      53                       62.770315
                   53.26                       62.983167
                   53.52                       63.182004
                   53.78                         63.3679
                   54.04                       63.541977
                    54.3                       63.705332
                   54.56                       63.858967
                   54.82                       64.003756
                   55.08                       64.140437
                   55.34                        64.26961
                    55.6                       64.391733
                   55.86                       64.507109
                   56.12                       64.615858
                   56.38                       64.717883
                   56.64                       64.812851
                    56.9                       64.900198
                   57.16                       64.979159
                   57.42                       65.048817
                   57.68                       65.108152
                   57.94                       65.156076
                    58.2                       65.191448
                   58.46                       65.213047
                   58.72                       65.219545
                   58.98                       65.209463
                   59.24                       65.181139
                    59.5                        65.13271
                   59.76                       65.062098
                   60.02                       64.966992
                   60.28                       64.844811
                   60.54                       64.692642
                    60.8                       64.507143
                   61.06                       64.284436
                   61.32                       64.019984
                   61.58                       63.708473
                   61.84                       63.343692
                    62.1                       62.918413
                   62.36                        62.42423
                   62.62                       61.851368
                   62.88                       61.188409
                   63.14                       60.421969
                    63.4                       59.536289
                   63.66                       58.512787
                   63.92                       57.329579
                   64.18                       55.961009
                   64.44                       54.377241
                    64.7                       52.544015
                   64.96                       50.422734
                   65.22                       47.971205
                   65.48                       45.145492
                   65.74                       41.903573
                      66                       38.211541
                   66.26                       34.052874
                   66.52                       29.440337
                   66.78                       24.428185
                   67.04                       19.119985
                    67.3                       13.666153
                   67.56                       8.2477818
                   67.82                       3.0496721
                   68.08                      -1.7681032
                   68.34                      -6.0898733
                    68.6                       -9.850407
                   68.86                      -13.029369
                   69.12                      -15.639839
                   69.38                      -17.716124
                   69.64                      -19.303792
                    69.9                      -20.452779
                   70.16                       -21.21322
                   70.42                      -21.633286
                   70.68                      -21.758298
                   70.94                      -21.630595
                    71.2                      -21.289763
                   71.46                       -20.77301
                   71.72                      -20.115541
                   71.98                      -19.350826
                   72.24                      -18.510738
                    72.5                      -17.625526
                   72.76                      -16.723638
                   73.02                      -15.831431
                   73.28                      -14.972825
                   73.54                      -14.168973
                    73.8                      -13.437992
                   74.06                      -12.794813
                   74.32                      -12.251143
                   74.58                      -11.815555
                   74.84                      -11.493648
                    75.1                      -11.288283
                   75.36                      -11.199852
                   75.62                      -11.226581
                   75.88                      -11.364871
                   76.14                      -11.609653
                    76.4                      -11.954784
                   76.66                      -12.393418
                   76.92                      -12.918365
                   77.18                      -13.522381
                   77.44                      -14.198393
                    77.7                      -14.939647
                   77.96                      -15.739798
                   78.22                      -16.592964
                   78.48                      -17.493759
                   78.74                      -18.437316
                      79                      -19.419283
                   79.26                      -20.435799
                   79.52                       -21.48342
                   79.78                      -22.559018
                   80.04                       -23.65966
                    80.3                      -24.782485
                   80.56                       -25.92462
                   80.82                      -27.083122
                   81.08                      -28.254973
                   81.34                      -29.437081
                    81.6                      -30.626291
                   81.86                       -31.81939
                   82.12                       -33.01309
                   82.38                      -34.204018
                   82.64                      -35.388707
                    82.9                      -36.563617
                   83.16                      -37.725169
                   83.42                      -38.869788
                   83.68                      -39.993938
                   83.94                      -41.094137
                    84.2                      -42.166945
                   84.46                      -43.208932
                   84.72                      -44.216646
                   84.98                      -45.186583
                   85.24                      -46.115186
                    85.5                      -46.998853
                   85.76                      -47.833955
                   86.02                      -48.616851
                   86.28                      -49.343885
                   86.54                       -50.01137
                    86.8                      -50.615568
                   87.06                      -51.152665
                   87.32                      -51.618772
                   87.58                      -52.009942
                   87.84                      -52.322209
                    88.1                      -52.551639
                   88.36                      -52.694392
                   88.62                      -52.746784
                   88.88                      -52.705356
                   89.14                      -52.566948
                    89.4                      -52.328803
                   89.66                      -51.988691
                   89.92                      -51.545068
                   90.18                       -50.99725
                   90.44                      -50.345605
                    90.7                      -49.591729
                   90.96                      -48.738606
                   91.22                      -47.790721
                   91.48                      -46.754144
                   91.74                      -45.636554
                      92                      -44.447224
                   92.26                      -43.196959
                   92.52                      -41.897969
                   92.78                      -40.563678
                   93.04                      -39.208458
                    93.3                      -37.847279
                   93.56                      -36.495297
                   93.82                        -35.1674
                   94.08                      -33.877751
                   94.34                      -32.639351
                    94.6                      -31.463674
                   94.86                      -30.360379
                   95.12                      -29.337107
                   95.38                      -28.399375
                   95.64                      -27.550558
                    95.9                       -26.79196
                   96.16                      -26.122973
                   96.42                      -25.541315
                   96.68                      -25.043329
                   96.94                      -24.624325
                    97.2                      -24.278919
                   97.46                      -24.001347
                   97.72                      -23.785719
                   97.98                      -23.626208
                   98.24                      -23.517167
                    98.5                      -23.453205
                   98.76                      -23.429209
                   99.02                       -23.44036
                   99.28                       -23.48212
                   99.54                      -23.550222
                    99.8                      -23.640628
                  100.06                      -23.749489
                  100.32                      -23.873094
                  100.58                      -24.007826
                  100.84                      -24.150138
                   101.1                      -24.296552
                  101.36                      -24.443688
                  101.62                      -24.588298
                  101.88                      -24.727311
                  102.14                      -24.857852
                   102.4                      -24.977242
                  102.66                      -25.082988
                  102.92                      -25.172744
                  103.18                      -25.244293
                  103.44                      -25.295528
                   103.7                      -25.324453
                  103.96                      -25.329184
                  104.22                      -25.307953
                  104.48                      -25.259106
                  104.74                       -25.18108
                     105                      -25.072384
                  105.26                      -24.931579
                  105.52                      -24.757282
                  105.78                      -24.548185
                  106.04                      -24.303098
                   106.3                         -24.021
                  106.56                      -23.701094
                  106.82                      -23.342837
                  107.08                      -22.945976
                  107.34                      -22.510558
                   107.6                      -22.036951
                  107.86                      -21.525874
                  108.12                      -20.978433
                  108.38                      -20.396167
                  108.64                      -19.781087
                   108.9                      -19.135691
                  109.16                      -18.462952
                  109.42                      -17.766276
                  109.68                      -17.049439
                  109.94                      -16.316511
                   110.2                      -15.571785
                  110.46                        -14.8197
                  110.72                      -14.064767
                  110.98                       -13.31148
                  111.24                      -12.564206
                   111.5                       -11.82706
                  111.76                      -11.103766
                  112.02                      -10.397527
                  112.28                      -9.7109181
                  112.54                      -9.0458183
                   112.8                      -8.4033748
                  113.06                      -7.7840016
                  113.32                      -7.1873962
                  113.58                      -6.6125656
                  113.84                      -6.0578572
                   114.1                      -5.5210002
                  114.36                      -4.9991632
                  114.62                       -4.489034
                  114.88                      -3.9869193
                  115.14                       -3.488856
                   115.4                      -2.9907163
                  115.66                      -2.4882952
                  115.92                      -1.9773694
                  116.18                      -1.4537335
                  116.44                     -0.91322379
                   116.7                     -0.35174764
                  116.96                      0.23466627
                  117.22                      0.84978914
                  117.48                       1.4970856
                  117.74                       2.1795867
                     118                       2.8997525
                  118.26                       3.6593293
                  118.52                       4.4592059
                  118.78                       5.2992694
                  119.04                       6.1782652
                   119.3                       7.0936752
                  119.56                        8.041635
                  119.82                       9.0169204
                  120.08                       10.013023
                  120.34                       11.022333
                   120.6                       12.036409
                  120.86                        13.04633
                  121.12                       14.043062
                  121.38                       15.017818
                  121.64                       15.962369
                   121.9                       16.869285
                  122.16                       17.732098
                  122.42                       18.545399
                  122.68                       19.304873
                  122.94                       20.007276
                   123.2                       20.650371
                  123.46                       21.232819
                  123.72                       21.754039
                  123.98                       22.214047
                  124.24                         22.6133
                   124.5                       22.952551
                  124.76                       23.232742
                  125.02                       23.454929
                  125.28                       23.620246
                  125.54                       23.729882
                   125.8                       23.785077
                  126.06                       23.787102
                  126.32                        23.73724
                  126.58                       23.636769
                  126.84                       23.486943
                   127.1                       23.288994
                  127.36                       23.044142
                  127.62                       22.753618
                  127.88                       22.418687
                  128.14                       22.040652
                   128.4                       21.620845
                  128.66                       21.160599
                  128.92                        20.66122
                  129.18                       20.123952
                  129.44                       19.549969
                   129.7                        18.94037
                  129.96                       18.296193
                  130.22                        17.61842
                  130.48                       16.907973
                  130.74                       16.165695
                     131                       15.392316
                  131.26                       14.588426
                  131.52                       13.754455
                  131.78                       12.890676
                  132.04                       11.997234
                   132.3                       11.074181
                  132.56                       10.121514
                  132.82                       9.1392099
                  133.08                       8.1272408
                  133.34                       7.0855998
                   133.6                       6.0143326
                  133.86                       4.9135975
                  134.12                       3.7837539
                  134.38                       2.6254741
                  134.64                       1.4398616
                   134.9                      0.22855846
                  135.16                      -1.0061719
                  135.42                      -2.2613913
                  135.68                      -3.5334574
                  135.94                      -4.8180103
                   136.2                      -6.1099696
                  136.46                      -7.4035459
                  136.72                      -8.6922782
                  136.98                      -9.9691105
                  137.24                      -11.226519
                   137.5                      -12.456688
                  137.76                      -13.651711
                  138.02                      -14.803813
                  138.28                      -15.905539
                  138.54                      -16.949925
                   138.8                      -17.930622
                  139.06                      -18.841988
                  139.32                      -19.679168
                  139.58                       -20.43815
                  139.84                      -21.115808
                   140.1                      -21.709937
                  140.36                      -22.219238
                  140.62                      -22.643287
                  140.88                      -22.982462
                  141.14                      -23.237859
                   141.4                      -23.411204
                  141.66                      -23.504792
                  141.92                      -23.521454
                  142.18                      -23.464557
                  142.44                      -23.338037
                   142.7                      -23.146447
                  142.96                      -22.895025
                  143.22                      -22.589776
                  143.48                       -22.23758
                  143.74                      -21.846338
                     144                      -21.425159
                  144.26                      -20.984574
                  144.52                      -20.536775
                  144.78                      -20.095816
                  145.04                      -19.677763
                   145.3                      -19.300723
                  145.56                       -18.98472
                  145.82                      -18.751372
                  146.08                      -18.623336
                  146.34                      -18.623485
                   146.6                      -18.773807
                  146.86                      -19.094035
                  147.12                      -19.600068
                  147.38                      -20.302308
                  147.64                      -21.204103
                   147.9                      -22.300532
                  148.16                      -23.577823
                  148.42                      -25.013597
                  148.68                      -26.578061
                  148.94                      -28.236065
                   149.2                      -29.949748
                  149.46                      -31.681368
                  149.72                      -33.395868
                  149.98                      -35.062835
                  150.24                      -36.657666
                   150.5                      -38.161952
                  150.76                      -39.563228
                  151.02                        -40.8543
                  151.28                      -42.032355
                  151.54                      -43.098016
                   151.8                      -44.054444
                  152.06                      -44.906541
                  152.32                      -45.660282
                  152.58                      -46.322179
                  152.84                      -46.898881
                   153.1                      -47.396907
                  153.36                      -47.822484
                  153.62                       -48.18148
                  153.88                      -48.479384
                  154.14                      -48.721311
                   154.4                      -48.912007
                  154.66                      -49.055837
                  154.92                      -49.156777
                  155.18                      -49.218407
                  155.44                      -49.243929
                   155.7                      -49.236211
                  155.96                      -49.197844
                  156.22                      -49.131206
                  156.48                      -49.038498
                  156.74                      -48.921753
                     157                      -48.782812
                  157.26                      -48.623288
                  157.52                      -48.444539
                  157.78                      -48.247666
                  158.04                      -48.033537
                   158.3                      -47.802834
                  158.56                      -47.556099
                  158.82                      -47.293751
                  159.08                      -47.016073
                  159.34                      -46.723169
                   159.6                      -46.414917
                  159.86                      -46.090937
                  160.12                      -45.750606
                  160.38                      -45.393099
                  160.64                      -45.017465
                   160.9                      -44.622686
                  161.16                      -44.207712
                  161.42                      -43.771454
                  161.68                      -43.312746
                  161.94                      -42.830318
                   162.2                      -42.322788
                  162.46                       -41.78871
                  162.72                      -41.226666
                  162.98                      -40.635369
                  163.24                       -40.01375
                   163.5                       -39.36099
                  163.76                      -38.676493
                  164.02                      -37.959833
                  164.28                      -37.210689
                  164.54                      -36.428836
                   164.8                      -35.614181
                  165.06                       -34.76685
                  165.32                      -33.887267
                  165.58                      -32.976193
                  165.84                      -32.034671
                   166.1                      -31.063916
                  166.36                      -30.065159
                  166.62                      -29.039536
                  166.88                      -27.988051
                  167.14                      -26.911643
                   167.4                      -25.811307
                  167.66                      -24.688202
                  167.92                      -23.543692
                  168.18                      -22.379266
                  168.44                      -21.196396
                   168.7                      -19.996384
                  168.96                      -18.780296
                  169.22                      -17.549032
                  169.48                      -16.303505
                  169.74                      -15.044857
                     170                      -13.774576
                  170.26                      -12.494446
                  170.52                      -11.206315
                  170.78                      -9.9117592
                  171.04                      -8.6117945
                   171.3                      -7.3067324
                  171.56                      -5.9962192
                  171.82                      -4.6793543
                  172.08                      -3.3547118
                  172.34                      -2.0200945
                   172.6                     -0.67197629
                  172.86                      0.69520939
                  173.12                       2.0895852
                  173.38                       3.5217087
                  173.64                       5.0034632
                   173.9                       6.5458733
                  174.16                       8.1561462
                  174.42                       9.8346149
                  174.68                       11.572489
                  174.94                       13.351259
                   175.2                       15.144215
                  175.46                       16.919898
                  175.72                       18.646657
                  175.98                       20.297132
                  176.24                       21.851511
                   176.5                       23.298932
                  176.76                       24.636983
                  177.02                       25.869793
                  177.28                       27.005481
                  177.54                        28.05371
                   177.8                       29.023854
                  178.06                       29.924018
                  178.32                       30.760816
                  178.58                        31.53964
                  178.84                       32.265094
                   179.1                       32.941332
                  179.36                       33.572176
                  179.62                       34.161045
                  179.88                       34.710806
                  180.14                       35.223681
                   180.4                       35.701293
                  180.66                       36.144835
                  180.92                       36.555313
                  181.18                       36.933735
                  181.44                       37.281198
                   181.7                       37.598834
                  181.96                       37.887676
                  182.22                       38.148509
                  182.48                       38.381785
                  182.74                       38.587643
                     183                       38.766008
                  183.26                       38.916729
                  183.52                       39.039674
                  183.78                       39.134745
                  184.04                       39.201812
                   184.3                       39.240595
                  184.56                       39.250548
                  184.82                       39.230818
                  185.08                       39.180278
                  185.34                       39.097631
                   185.6                       38.981533
                  185.86                       38.830691
                  186.12                       38.643891
                  186.38                       38.419955
                  186.64                       38.157676
                   186.9                       37.855746
                  187.16                       37.512743
                  187.42                       37.127169
                  187.68                       36.697531
                  187.94                       36.222412
                   188.2                       35.700479
                  188.46                       35.130419
                  188.72                       34.510778
                  188.98                       33.839773
                  189.24                       33.115091
                   189.5                       32.333744
                  189.76                       31.491975
                  190.02                       30.585215
                  190.28                       29.608034
                  190.54                       28.554064
                   190.8                       27.415863
                  191.06                       26.184754
                  191.32                       24.850688
                  191.58                       23.402202
                  191.84                       21.826522
                   192.1                       20.109867
                  192.36                       18.237937
                  192.62                       16.196571
                  192.88                       13.972596
                  193.14                       11.554853
                   193.4                       8.9354633
                  193.66                       6.1113667
                  193.92                        3.086091
                  194.18                       -0.128409
                  194.44                      -3.5101787
                   194.7                      -7.0264175
                  194.96                      -10.633821
                  195.22                      -14.280377
                  195.48                      -17.908517
                  195.74                      -21.459119
                     196                      -24.875607
                  196.26                      -28.107385
                  196.52                      -31.112104
                  196.78                      -33.856614
                  197.04                      -36.316773
                   197.3                      -38.476418
                  197.56                      -40.325858
                  197.82                      -41.860182
                  198.08                      -43.077615
                  198.34                      -43.978071
                   198.6                      -44.562048
                  198.86                      -44.829952
                  199.12                      -44.781932
                  199.38                      -44.418283
                  199.64                      -43.740419
                   199.9                      -42.752415
                  200.16                      -41.463007
                  200.42                      -39.887868
                  200.68                      -38.051832
                  200.94                      -35.990605
                   201.2                      -33.751391
                  201.46                      -31.391944
                  201.72                      -28.977794
                  201.98                      -26.577864
                  202.24                      -24.259194
                   202.5                      -22.081823
                  202.76                      -20.094831
                  203.02                      -18.334186
                  203.28                      -16.822498
                  203.54                      -15.570338
                   203.8                      -14.578509
                  204.06                       -13.84067
                  204.32                      -13.345835
                  204.58                      -13.080464
                  204.84                      -13.030047
                   205.1                      -13.180179
                  205.36                      -13.517225
                  205.62                      -14.028655
                  205.88                      -14.703138
                  206.14                      -15.530465
                   206.4                       -16.50135
                  206.66                      -17.607139
                  206.92                      -18.839461
                  207.18                      -20.189861
                  207.44                      -21.649441
                   207.7                      -23.208553
                  207.96                      -24.856575
                  208.22                      -26.581782
                  208.48                       -28.37135
                  208.74                      -30.211472
                     209                      -32.087592
                  209.26                       -33.98472
                  209.52                      -35.887807
                  209.78                      -37.782145
                  210.04                      -39.653753
                   210.3                      -41.489725
                  210.56                      -43.278515
                  210.82                      -45.010148
                  211.08                      -46.676343
                  211.34                      -48.270543
                   211.6                      -49.787876
                  211.86                      -51.225029
                  212.12                      -52.580087
                  212.38                      -53.852337
                  212.64                      -55.042058
                   212.9                      -56.150336
                  213.16                      -57.178886
                  213.42                      -58.129904
                  213.68                      -59.005943
                  213.94                      -59.809799
                   214.2                      -60.544411
                  214.46                      -61.212778
                  214.72                      -61.817872
                  214.98                      -62.362578
                  215.24                      -62.849644
                   215.5                      -63.281642
                  215.76                      -63.660952
                  216.02                      -63.989737
                  216.28                      -64.269931
                  216.54                      -64.503213
                   216.8                      -64.690975
                  217.06                      -64.834292
                  217.32                      -64.933886
                  217.58                      -64.990101
                  217.84                       -65.00289
                   218.1                      -64.971797
                  218.36                      -64.895956
                  218.62                      -64.774074
                  218.88                       -64.60441
                  219.14                      -64.384747
                   219.4                      -64.112354
                  219.66                      -63.783946
                  219.92                      -63.395652
                  220.18                      -62.942989
                  220.44                      -62.420844
                   220.7                      -61.823462
                  220.96                      -61.144428
                  221.22                      -60.376657
                  221.48                      -59.512371
                  221.74                      -58.543097
                     222                      -57.459685
                  222.26                      -56.252373
                  222.52                      -54.910916
                  222.78                      -53.424811
                  223.04                       -51.78362
                   223.3                      -49.977444
                  223.56                      -47.997537
                  223.82                      -45.837116
                  224.08                      -43.492365
                  224.34                       -40.96362
                   224.6                      -38.256689
                  224.86                      -35.384175
                  225.12                      -32.366592
                  225.38                      -29.233012
                  225.64                      -26.020974
                   225.9                      -22.775446
                  226.16                      -19.546837
                  226.42                      -16.388252
                  226.68                      -13.352393
                  226.94                      -10.488616
                   227.2                      -7.8405614
                  227.46                      -5.4446665
                  227.72                      -3.3295778
                  227.98                      -1.5163608
                  228.24                    -0.019261033
                   228.5                        1.153241
                  228.76                       1.9973047
                  229.02                       2.5127053
                  229.28                       2.7020173
                  229.54                       2.5700657
                   229.8                       2.1236649
                  230.06                       1.3716318
                  230.32                      0.32503611
                  230.58                      -1.0023796
                  230.84                      -2.5937019
                   231.1                      -4.4283817
                  231.36                      -6.4819259
                  231.62                       -8.725861
                  231.88                      -11.128053
                  232.14                      -13.653419
                   232.4                      -16.265006
                  232.66                      -18.925336
                  232.92                      -21.597867
                  233.18                      -24.248421
                  233.44                      -26.846384
                   233.7                      -29.365593
                  233.96                      -31.784808
                  234.22                      -34.087806
                  234.48                      -36.263113
                  234.74                      -38.303482
                     235                      -40.205222
                  235.26                      -41.967464
                  235.52                      -43.591454
                  235.78                      -45.079926
                  236.04                      -46.436577
                   236.3                      -47.665646
                  236.56                      -48.771592
                  236.82                      -49.758842
                  237.08                      -50.631598
                  237.34                      -51.393703
                   237.6                      -52.048539
                  237.86                      -52.598974
                  238.12                      -53.047351
                  238.38                      -53.395498
                  238.64                      -53.644774
                   238.9                      -53.796113
                  239.16                      -53.850067
                  239.42                      -53.806837
                  239.68                      -53.666296
                  239.94                      -53.428002
                   240.2                      -53.091212
                  240.46                      -52.654914
                  240.72                      -52.117859
                  240.98                      -51.478604
                  241.24                      -50.735558
                   241.5                      -49.887001
                  241.76                      -48.931105
                  242.02                      -47.865923
                  242.28                      -46.689391
                  242.54                      -45.399334
                   242.8                      -43.993512
                  243.06                       -42.46971
                  243.32                      -40.825869
                  243.58                      -39.060263
                  243.84                      -37.171715
                   244.1                      -35.159839
                  244.36                      -33.025319
                  244.62                      -30.770235
                  244.88                      -28.398433
                  245.14                      -25.915929
                   245.4                      -23.331306
                  245.66                       -20.65604
                  245.92                      -17.904681
                  246.18                      -15.094815
                  246.44                      -12.246767
                   246.7                      -9.3830603
                  246.96                      -6.5276749
                  247.22                      -3.7051767
                  247.48                     -0.93981835
                  247.74                         1.74532
                     248                       4.3290812
                  248.26                       6.7928248
                  248.52                       9.1208275
                  248.78                       11.300468
                  249.04                       13.322193
                   249.3                       15.179293
                  249.56                        16.86752
                  249.82                        18.38463
                  250.08                       19.729891
                  250.34                       20.903641
                   250.6                       21.906891
                  250.86                       22.741016
                  251.12                       23.407512
                  251.38                       23.907802
                  251.64                       24.243082
                   251.9                        24.41421
                  252.16                        24.42163
                  252.42                       24.265349
                  252.68                       23.944993
                  252.94                        23.45992
                   253.2                       22.809414
                  253.46                       21.992937
                  253.72                       21.010423
                  253.98                       19.862607
                  254.24                       18.551373
                   254.5                       17.080121
                  254.76                       15.454144
                  255.02                       13.680997
                  255.28                       11.770836
                  255.54                       9.7366733
                   255.8                       7.5944866
                  256.06                       5.3631252
                  256.32                        3.063978
                  256.58                      0.72039933
                  256.84                      -1.6430582
                   257.1                      -4.0015253
                  257.36                      -6.3307119
                  257.62                        -8.60773
                  257.88                      -10.811777
                  258.14                      -12.924647
                   258.4                      -14.931066
                  258.66                      -16.818845
                  258.92                      -18.578882
                  259.18                      -20.205011
                  259.44                      -21.693726
                   259.7                      -23.043813
                  259.96                      -24.255925
                  260.22                      -25.332144
                  260.48                      -26.275584
                  260.74                      -27.090041
                     261                      -27.779722
                  261.26                      -28.349026
                  261.52                      -28.802379
                  261.78                      -29.144083
                  262.04                      -29.378191
                   262.3                      -29.508395
                  262.56                      -29.537949
                  262.82                      -29.469637
                  263.08                      -29.305801
                  263.34                      -29.048419
                   263.6                      -28.699224
                  263.86                      -28.259823
                  264.12                      -27.731812
                  264.38                      -27.116857
                  264.64                      -26.416748
                   264.9                      -25.633444
                  265.16                      -24.769115
                  265.42                      -23.826201
                  265.68                      -22.807478
                  265.94                      -21.716125
                   266.2                      -20.555749
                  266.46                      -19.330378
                  266.72                      -18.044408
                  266.98                       -16.70252
                  267.24                       -15.30962
                   267.5                       -13.87081
                  267.76                      -12.391429
                  268.02                       -10.87714
                  268.28                      -9.3340549
                  268.54                      -7.7688344
                   268.8                      -6.1887649
                  269.06                      -4.6017782
                  269.32                      -3.0164324
                  269.58                       -1.441871
                  269.84                      0.11222921
                   270.1                       1.6357215
                  270.36                       3.1180836
                  270.62                       4.5485644
                  270.88                       5.9163965
                  271.14                        7.211062
                   271.4                       8.4225767
                  271.66                       9.5417398
                  271.92                       10.560306
                  272.18                        11.47105
                  272.44                       12.267733
                   272.7                       12.944999
                  272.96                       13.498234
                  273.22                       13.923439
                  273.48                       14.217127
                  273.74                       14.376234
                     274                       14.398047
                  274.26                       14.280131
                  274.52                       14.020241
                  274.78                        13.61626
                  275.04                       13.066177
                   275.3                       12.368155
                  275.56                       11.520703
                  275.82                       10.522966
                  276.08                       9.3750973
                  276.34                       8.0786765
                   276.6                       6.6371236
                  276.86                       5.0560633
                  277.12                       3.3436149
                  277.38                       1.5105918
                  277.64                      -0.4294057
                   277.9                      -2.4600272
                  278.16                        -4.56238
                  278.42                      -6.7154489
                  278.68                      -8.8967472
                  278.94                      -11.083171
                   279.2                      -13.251966
                  279.46                      -15.381684
                  279.72                      -17.452975
                  279.98                      -19.449135
                  280.24                       -21.35636
                   280.5                      -23.163745
                  280.76                      -24.863117
                  281.02                      -26.448777
                  281.28                      -27.917219
                  281.54                      -29.266862
                   281.8                      -30.497769
                  282.06                      -31.611357
                  282.32                      -32.610088
                  282.58                      -33.497162
                  282.84                       -34.27624
                   283.1                      -34.951254
                  283.36                      -35.526303
                  283.62                      -36.005659
                  283.88                      -36.393825
                  284.14                      -36.695613
                   284.4                      -36.916189
                  284.66                      -37.061067
                  284.92                      -37.136049
                  285.18                      -37.147152
                  285.44                      -37.100532
                   285.7                      -37.002464
                  285.96                      -36.859333
                  286.22                      -36.677637
                  286.48                      -36.463945
                  286.74                      -36.224776
                     287                      -35.966397
                  287.26                       -35.69456
                  287.52                      -35.414248
                  287.78                      -35.129464
                  288.04                      -34.843131
                   288.3                      -34.557089
                  288.56                      -34.272156
                  288.82                      -33.988215
                  289.08                      -33.704287
                  289.34                      -33.418564
                   289.6                      -33.128439
                  289.86                      -32.830578
                  290.12                      -32.521064
                  290.38                      -32.195631
                  290.64                      -31.849967
                   290.9                      -31.480014
                  291.16                      -31.082214
                  291.42                      -30.653655
                  291.68                      -30.192109
                  291.94                      -29.696014
                   292.2                      -29.164454
                  292.46                      -28.597176
                  292.72                      -27.994682
                  292.98                       -27.35834
                  293.24                       -26.69047
                   293.5                      -25.994333
                  293.76                      -25.274009
                  294.02                      -24.534167
                  294.28                      -23.779811
                  294.54                      -23.016064
                   294.8                      -22.248054
                  295.06                      -21.480902
                  295.32                      -20.719768
                  295.58                      -19.969879
                  295.84                       -19.23647
                   296.1                      -18.524625
                  296.36                      -17.839068
                  296.62                      -17.183968
                  296.88                      -16.562866
                  297.14                      -15.978758
                   297.4                      -15.434318
                  297.66                      -14.932192
                  297.92                      -14.475272
                  298.18                       -14.06689
                  298.44                      -13.710922
                   298.7                      -13.411851
                  298.96                      -13.174876
                  299.22                      -13.006105
                  299.48                       -12.91283
                  299.74                      -12.903796
                     300                      -12.989328

