        Frequency / MHz                S1,1 (Mesh Pass=3)/arg,degrees
----------------------------------------------------------------------
                      40                       175.02428
               40.259998                       173.77687
                   40.52                       172.52692
               40.779999                       171.27438
               41.040001                       170.01928
               41.299999                       168.76164
               41.560001                        167.5015
                   41.82                       166.23877
               42.080002                       164.97337
                   42.34                       163.70507
               42.599998                       162.43359
               42.860001                        161.1587
               43.119999                       159.88017
               43.380001                       158.59792
               43.639999                       157.31192
               43.900002                       156.02222
                   44.16                       154.72888
               44.419998                        153.4319
                   44.68                       152.13128
               44.939999                       150.82697
               45.200001                       149.51899
               45.459999                       148.20743
               45.720001                       146.89247
                   45.98                       145.57442
               46.240002                       144.25356
                    46.5                       142.93022
               46.759998                       141.60464
                   47.02                         140.277
               47.279999                       138.94741
               47.540001                       137.61595
               47.799999                       136.28268
               48.060001                       134.94765
                   48.32                       133.61085
               48.580002                       132.27223
                   48.84                       130.93157
               49.099998                       129.58844
               49.360001                       128.24229
               49.619999                       126.89243
               49.880001                       125.53804
               50.139999                       124.17845
               50.400002                         122.813
                   50.66                       121.44121
               50.919998                       120.06277
                   51.18                       118.67749
               51.439999                       117.28534
               51.700001                       115.88644
               51.959999                       114.48099
               52.220001                       113.06939
                   52.48                       111.65211
               52.740002                       110.22975
                      53                       108.80291
               53.259998                       107.37213
                   53.52                       105.93785
               53.779999                       104.50023
               54.040001                       103.05928
               54.299999                        101.6147
               54.560001                       100.16605
                   54.82                       98.712688
               55.080002                       97.253882
                   55.34                       95.788793
               55.599998                       94.316491
               55.860001                       92.835924
               56.119999                       91.345987
               56.380001                       89.845497
               56.639999                       88.333266
               56.900002                       86.808153
                   57.16                       85.269106
               57.419998                        83.71521
                   57.68                       82.145654
               57.939999                       80.559724
               58.200001                       78.956748
               58.459999                       77.336066
               58.720001                       75.696998
                   58.98                       74.038834
               59.240002                       72.360867
                    59.5                       70.662397
               59.759998                        68.94272
                   60.02                       67.201124
               60.279999                       65.436889
               60.540001                       63.649203
               60.799999                       61.837247
               61.060001                       60.000031
                   61.32                       58.136535
               61.580002                       56.245819
                   61.84                       54.326813
               62.099998                       52.378538
               62.360001                       50.400116
               62.619999                       48.390627
               62.880001                       46.349245
               63.139999                       44.275084
               63.400002                       42.167328
                   63.66                       40.025208
               63.919998                        37.84805
                   64.18                       35.635344
               64.440002                       33.386752
               64.699997                       31.102293
               64.959999                       28.782227
               65.220001                       26.427216
               65.480003                       24.038395
               65.739998                        21.61737
                      66                       19.166407
               66.260002                       16.688533
               66.519997                       14.187684
               66.779999                       11.668821
               67.040001                       9.1380493
               67.300003                       6.6026939
               67.559998                       4.0713487
                   67.82                       1.5538963
               68.080002                     -0.93849402
               68.339996                      -3.3933811
               68.599998                      -5.7970809
               68.860001                      -8.1347073
               69.120003                      -10.390236
               69.379997                      -12.546598
               69.639999                      -14.585816
               69.900002                      -16.489211
               70.160004                      -18.237646
               70.419998                      -19.811904
                   70.68                       -21.19318
               70.940002                      -22.363704
               71.199997                      -23.307619
               71.459999                      -24.012068
               71.720001                      -24.468561
               71.980003                      -24.674529
               72.239998                      -24.634929
                    72.5                      -24.363618
               72.760002                      -23.884179
               73.019997                      -23.229785
               73.279999                      -22.441861
               73.540001                      -21.567578
               73.800003                      -20.656439
               74.059998                      -19.756541
                   74.32                      -18.911171
               74.580002                      -18.156279
               74.839996                      -17.519063
               75.099998                      -17.017722
               75.360001                      -16.662055
               75.620003                      -16.454718
               75.879997                      -16.392713
               76.139999                      -16.468948
               76.400002                      -16.673695
               76.660004                      -16.995798
               76.919998                      -17.423653
                   77.18                      -17.945913
               77.440002                      -18.551929
               77.699997                      -19.232016
               77.959999                      -19.977552
               78.220001                      -20.781005
               78.480003                      -21.635893
               78.739998                      -22.536753
                      79                      -23.479072
               79.260002                      -24.459242
               79.519997                       -25.47445
               79.779999                      -26.522589
               80.040001                      -27.602103
               80.300003                      -28.711874
               80.559998                      -29.851096
                   80.82                      -31.019178
               81.080002                      -32.215707
               81.339996                      -33.440425
               81.599998                      -34.693218
               81.860001                      -35.974116
               82.120003                      -37.283256
               82.379997                      -38.620878
               82.639999                      -39.987268
               82.900002                      -41.382742
               83.160004                      -42.807636
               83.419998                      -44.262315
                   83.68                      -45.747192
               83.940002                       -47.26274
               84.199997                      -48.809515
               84.459999                      -50.388137
               84.720001                      -51.999239
               84.980003                      -53.643444
               85.239998                      -55.321283
                    85.5                      -57.033214
               85.760002                      -58.779555
               86.019997                      -60.560495
               86.279999                      -62.376067
               86.540001                      -64.226154
               86.800003                      -66.110404
               87.059998                      -68.028254
                   87.32                      -69.978757
               87.580002                       -71.96062
               87.839996                      -73.972069
               88.099998                      -76.010866
               88.360001                      -78.074247
               88.620003                      -80.158923
               88.879997                       -82.26105
               89.139999                      -84.376237
               89.400002                       -86.49951
               89.660004                      -88.625331
               89.919998                      -90.747567
                   90.18                      -92.859536
               90.440002                      -94.954089
               90.699997                      -97.023636
               90.959999                      -99.060296
               91.220001                      -101.05595
               91.480003                      -103.00231
               91.739998                      -104.89105
                      92                      -106.71374
               92.260002                      -108.46193
               92.519997                      -110.12714
               92.779999                      -111.70093
               93.040001                      -113.17495
               93.300003                      -114.54101
               93.559998                      -115.79132
                   93.82                      -116.91862
               94.080002                       -117.9164
               94.339996                      -118.77922
               94.599998                      -119.50292
               94.860001                      -120.08504
               95.120003                      -120.52511
               95.379997                      -120.82497
               95.639999                      -120.98904
               95.900002                      -121.02448
               96.160004                      -120.94111
               96.419998                      -120.75116
                   96.68                      -120.46888
               96.940002                      -120.10993
               97.199997                      -119.69075
               97.459999                      -119.22795
               97.720001                      -118.73777
               97.980003                      -118.23573
               98.239998                      -117.73621
                    98.5                      -117.25237
               98.760002                      -116.79596
               99.019997                      -116.37722
               99.279999                      -116.00496
               99.540001                      -115.68655
               99.800003                      -115.42807
                  100.06                      -115.23439
                  100.32                      -115.10934
                  100.58                      -115.05577
                  100.84                      -115.07556
                   101.1                      -115.16969
                  101.36                      -115.33829
                  101.62                      -115.58068
                  101.88                      -115.89544
                  102.14                      -116.28071
                   102.4                      -116.73419
                  102.66                      -117.25342
                  102.92                      -117.83584
                  103.18                      -118.47884
                  103.44                      -119.17988
                   103.7                      -119.93635
                  103.96                      -120.74572
                  104.22                      -121.60554
                  104.48                      -122.51342
                  104.74                      -123.46709
                     105                      -124.46448
                  105.26                       -125.5036
                  105.52                      -126.58256
                  105.78                      -127.69947
                  106.04                      -128.85242
                   106.3                      -130.03937
                  106.56                       -131.2582
                  106.82                      -132.50668
                  107.08                      -133.78253
                  107.34                      -135.08332
                   107.6                      -136.40661
                  107.86                      -137.74988
                  108.12                      -139.11035
                  108.38                       -140.4852
                  108.64                      -141.87136
                   108.9                      -143.26559
                  109.16                      -144.66458
                  109.42                      -146.06485
                  109.68                      -147.46292
                  109.94                      -148.85546
                   110.2                      -150.23901
                  110.46                      -151.61017
                  110.72                      -152.96576
                  110.98                      -154.30255
                  111.24                      -155.61758
                   111.5                      -156.90817
                  111.76                      -158.17216
                  112.02                       -159.4078
                  112.28                      -160.61411
                  112.54                       -161.7908
                   112.8                      -162.93838
                  113.06                      -164.05814
                  113.32                      -165.15203
                  113.58                      -166.22302
                  113.84                      -167.27469
                   114.1                      -168.31156
                  114.36                       -169.3389
                  114.62                      -170.36251
                  114.88                      -171.38883
                  115.14                      -172.42459
                   115.4                      -173.47671
                  115.66                      -174.55215
                  115.92                      -175.65781
                  116.18                      -176.80051
                  116.44                      -177.98707
                   116.7                        -179.224
                  116.96                       179.48217
                  117.22                       178.12518
                  117.48                       176.69916
                  117.74                       175.19867
                     118                       173.61877
                  118.26                       171.95521
                  118.52                       170.20444
                  118.78                       168.36367
                  119.04                       166.43106
                   119.3                       164.40568
                  119.56                       162.28763
                  119.82                       160.07812
                  120.08                       157.77948
                  120.34                       155.39508
                   120.6                       152.92911
                  120.86                       150.38656
                  121.12                       147.77285
                  121.38                       145.09373
                  121.64                       142.35492
                   121.9                        139.5622
                  122.16                       136.72113
                  122.42                       133.83697
                  122.68                       130.91468
                  122.94                       127.95886
                   123.2                       124.97374
                  123.46                        121.9631
                  123.72                       118.93044
                  123.98                       115.87877
                  124.24                       112.81078
                   124.5                       109.72916
                  124.76                       106.63637
                  125.02                       103.53495
                  125.28                        100.4274
                  125.54                       97.316498
                   125.8                       94.204937
                  126.06                       91.095562
                  126.32                       87.991186
                  126.58                       84.894679
                  126.84                       81.808881
                   127.1                       78.736662
                  127.36                        75.68089
                  127.62                       72.644433
                  127.88                       69.630162
                  128.14                       66.640805
               128.39999                       63.678854
                  128.66                       60.746681
                  128.92                       57.846173
               129.17999                       54.979107
                  129.44                        52.14682
                   129.7                        49.35054
               129.96001                       46.591061
                  130.22                       43.869173
                  130.48                       41.185182
               130.74001                       38.539197
                     131                       35.930965
               131.25999                       33.359919
                  131.52                       30.825124
                  131.78                       28.325386
               132.03999                       25.859251
                   132.3                       23.425135
                  132.56                       21.021345
               132.82001                       18.646023
                  133.08                       16.297176
                  133.34                       13.972754
               133.60001                       11.670487
                  133.86                       9.3881121
                  134.12                       7.1233855
                  134.38                       4.8740129
                  134.64                        2.638055
               134.89999                      0.41365354
                  135.16                      -1.8006663
                  135.42                      -4.0061622
               135.67999                      -6.2037888
                  135.94                      -8.3942308
                   136.2                      -10.577733
               136.46001                      -12.754322
                  136.72                      -14.923536
                  136.98                      -17.084391
               137.24001                      -19.235516
                   137.5                      -21.374977
               137.75999                      -23.500396
                  138.02                      -25.609011
                  138.28                      -27.697685
               138.53999                      -29.762971
                   138.8                      -31.800988
                  139.06                      -33.807561
               139.32001                      -35.778072
                  139.58                      -37.707518
                  139.84                      -39.590463
               140.10001                      -41.421009
                  140.36                       -43.19306
                  140.62                      -44.899842
                  140.88                      -46.534306
                  141.14                      -48.088887
               141.39999                        -49.5553
                  141.66                      -50.924427
                  141.92                      -52.186313
               142.17999                      -53.329745
                  142.44                      -54.342441
                   142.7                      -55.210807
               142.96001                      -55.920164
                  143.22                      -56.454611
                  143.48                      -56.797731
               143.74001                      -56.932886
                     144                      -56.844505
               144.25999                      -56.519742
                  144.52                      -55.950677
                  144.78                      -55.137698
               145.03999                      -54.092816
                   145.3                      -52.843162
                  145.56                      -51.433383
               145.82001                      -49.925415
                  146.08                      -48.395778
                  146.34                      -46.929148
               146.60001                      -45.609937
                  146.86                      -44.513555
                  147.12                      -43.699288
                  147.38                      -43.206229
                  147.64                      -43.052631
               147.89999                      -43.237949
                  148.16                      -43.746443
                  148.42                      -44.551476
               148.67999                      -45.619746
                  148.94                      -46.914503
                   149.2                      -48.398541
               149.46001                      -50.036038
                  149.72                      -51.794017
                  149.98                      -53.642839
               150.24001                      -55.556881
                   150.5                      -57.514191
               150.75999                      -59.496531
                  151.02                      -61.488952
                  151.28                      -63.479379
               151.53999                      -65.458304
                   151.8                      -67.418402
                  152.06                      -69.354133
               152.32001                      -71.261588
                  152.58                      -73.138057
                  152.84                      -74.981908
               153.10001                      -76.792127
                  153.36                      -78.568331
                  153.62                      -80.310523
                  153.88                       -82.01897
                  154.14                      -83.694225
               154.39999                      -85.336995
                  154.66                      -86.948236
                  154.92                      -88.529015
               155.17999                      -90.080588
                  155.44                      -91.604158
                   155.7                      -93.101007
               155.96001                      -94.572366
                  156.22                       -96.01941
                  156.48                      -97.443369
               156.74001                      -98.845496
                     157                      -100.22722
               157.25999                      -101.58998
                  157.52                      -102.93536
                  157.78                      -104.26484
               158.03999                      -105.58001
                   158.3                      -106.88239
                  158.56                       -108.1733
               158.82001                      -109.45415
                  159.08                      -110.72642
                  159.34                      -111.99159
               159.60001                      -113.25124
                  159.86                      -114.50685
                  160.12                      -115.76005
                  160.38                      -117.01205
                  160.64                      -118.26411
               160.89999                       -119.5172
                  161.16                      -120.77221
                  161.42                      -122.02995
               161.67999                      -123.29118
                  161.94                      -124.55663
                   162.2                      -125.82693
               162.46001                      -127.10259
                  162.72                      -128.38377
                  162.98                      -129.67052
               163.24001                      -130.96252
                   163.5                      -132.25944
               163.75999                      -133.56083
                  164.02                      -134.86627
                  164.28                      -136.17549
               164.53999                      -137.48814
                   164.8                      -138.80385
                  165.06                      -140.12208
               165.32001                      -141.44222
                  165.58                      -142.76367
                  165.84                      -144.08583
               166.10001                      -145.40832
                  166.36                      -146.73086
                  166.62                      -148.05368
                  166.88                      -149.37698
                  167.14                      -150.70111
               167.39999                      -152.02633
                  167.66                      -153.35265
                  167.92                      -154.68027
               168.17999                      -156.00926
                  168.44                      -157.33984
                   168.7                      -158.67255
               168.96001                      -160.00804
                  169.22                      -161.34719
                  169.48                      -162.69044
               169.74001                      -164.03829
                     170                      -165.39077
               170.25999                      -166.74779
                  170.52                      -168.10924
                  170.78                      -169.47534
               171.03999                      -170.84678
                   171.3                      -172.22484
                  171.56                      -173.61099
               171.82001                      -175.00708
                  172.08                      -176.41535
                  172.34                      -177.83844
               172.60001                      -179.28004
                  172.86                       179.25436
                  173.12                       177.75686
                  173.38                       176.21722
                  173.64                       174.62311
               173.89999                       172.96168
                  174.16                       171.22118
                  174.42                       169.39359
               174.67999                         167.476
                  174.94                       165.47164
                   175.2                       163.38996
               175.46001                       161.24545
                  175.72                       159.05547
                  175.98                       156.83817
               176.24001                       154.61044
                   176.5                       152.38533
               176.75999                       150.17202
                  177.02                       147.97494
                  177.28                       145.79468
               177.53999                       143.62919
                   177.8                       141.47506
                  178.06                       139.32852
               178.32001                        137.1863
                  178.58                       135.04604
                  178.84                       132.90563
               179.10001                       130.76373
                  179.36                       128.61867
                  179.62                       126.46875
                  179.88                       124.31237
                  180.14                       122.14819
               180.39999                        119.9751
                  180.66                       117.79277
                  180.92                       115.60126
               181.17999                        113.4009
                  181.44                       111.19191
                   181.7                       108.97456
               181.96001                       106.74884
                  182.22                       104.51461
                  182.48                       102.27168
               182.74001                       100.02029
                     183                       97.760642
               183.25999                       95.493456
                  183.52                       93.219658
                  183.78                        90.93996
               184.03999                       88.654906
                   184.3                       86.365044
                  184.56                       84.070757
               184.82001                       81.772261
                  185.08                       79.470214
                  185.34                       77.165271
               185.60001                        74.85869
                  185.86                       72.551616
                  186.12                       70.245471
                  186.38                       67.941455
                  186.64                       65.640884
               186.89999                       63.344631
                  187.16                       61.053785
                  187.42                       58.769388
               187.67999                        56.49264
                  187.94                       54.224468
                   188.2                       51.966189
               188.46001                       49.718404
                  188.72                       47.481433
                  188.98                       45.255229
               189.24001                       43.039244
                   189.5                        40.83222
               189.75999                       38.632733
                  190.02                       36.439148
                  190.28                       34.249334
               190.53999                       32.061216
                   190.8                       29.872113
                  191.06                       27.679294
               191.32001                       25.479537
                  191.58                       23.269452
                  191.84                       21.045541
               192.10001                       18.804256
                  192.36                       16.542371
                  192.62                       14.256771
                  192.88                       11.944778
                  193.14                       9.6037729
               193.39999                       7.2311832
                  193.66                       4.8249352
                  193.92                       2.3827869
               194.17999                    -0.097227291
                  194.44                      -2.6168568
                   194.7                      -5.1775768
               194.96001                      -7.7803153
                  195.22                      -10.426222
                  195.48                      -13.115841
               195.74001                      -15.849719
                     196                      -18.628405
               196.25999                      -21.452004
                  196.52                      -24.320738
                  196.78                      -27.234006
               197.03999                      -30.190824
                   197.3                      -33.189221
                  197.56                      -36.226307
               197.82001                      -39.297868
                  198.08                      -42.397955
                  198.34                      -45.518693
               198.60001                      -48.649764
                  198.86                      -51.777333
                  199.12                      -54.883539
                  199.38                      -57.945325
                  199.64                      -60.933122
               199.89999                      -63.809833
                  200.16                      -66.529286
                  200.42                      -69.034764
               200.67999                       -71.25769
                  200.94                      -73.115829
                   201.2                      -74.511703
               201.46001                      -75.332418
                  201.72                      -75.450551
                  201.98                      -74.731087
               202.24001                      -73.046654
                   202.5                      -70.308128
               202.75999                      -66.511691
                  203.02                      -61.792468
                  203.28                       -56.44973
               203.53999                      -50.906839
                   203.8                      -45.602515
                  204.06                      -40.875258
               204.32001                      -36.906975
                  204.58                       -33.73853
                  204.84                      -31.319442
               205.10001                      -29.556652
                  205.36                      -28.347053
                  205.62                      -27.594369
                  205.88                      -27.215921
                  206.14                      -27.143683
               206.39999                      -27.322851
                  206.66                      -27.710261
                  206.92                      -28.271704
               207.17999                      -28.980184
                  207.44                      -29.814123
                   207.7                      -30.756525
               207.96001                      -31.793348
                  208.22                      -32.913063
                  208.48                      -34.105995
               208.74001                      -35.364064
                     209                      -36.679996
               209.25999                       -38.04756
                  209.52                       -39.46119
                  209.78                      -40.915912
               210.03999                      -42.407025
                   210.3                      -43.930541
                  210.56                      -45.482413
               210.82001                      -47.059149
                  211.08                      -48.657412
                  211.34                      -50.274092
               211.60001                      -51.906505
                  211.86                      -53.551927
                  212.12                      -55.208274
                  212.38                      -56.873365
                  212.64                      -58.545343
               212.89999                      -60.222616
                  213.16                      -61.903775
                  213.42                      -63.587388
               213.67999                      -65.272532
                  213.94                      -66.958165
                   214.2                       -68.64364
               214.46001                      -70.328182
                  214.72                      -72.011579
                  214.98                      -73.693608
               215.24001                      -75.374108
                   215.5                      -77.053242
               215.75999                      -78.731338
                  216.02                      -80.408668
                  216.28                      -82.085889
               216.53999                      -83.763712
                   216.8                      -85.443118
                  217.06                      -87.124984
               217.32001                      -88.810675
                  217.58                      -90.501338
                  217.84                      -92.198558
               218.10001                      -93.903701
                  218.36                      -95.618297
                  218.62                      -97.343876
                  218.88                      -99.082077
                  219.14                      -100.83454
               219.39999                      -102.60285
                  219.66                      -104.38859
                  219.92                       -106.1934
               220.17999                      -108.01886
                  220.44                      -109.86629
                   220.7                      -111.73711
               220.96001                      -113.63262
                  221.22                      -115.55404
                  221.48                      -117.50239
               221.74001                      -119.47877
                     222                      -121.48417
               222.25999                      -123.51973
                  222.52                      -125.58616
                  222.78                      -127.68445
               223.03999                      -129.81525
                   223.3                      -131.97944
                  223.56                      -134.17778
               223.82001                      -136.41086
                  224.08                      -138.67958
                  224.34                      -140.98458
               224.60001                      -143.32651
                  224.86                      -145.70615
                  225.12                      -148.12404
                  225.38                      -150.58045
                  225.64                      -153.07571
               225.89999                      -155.60976
                  226.16                      -158.18234
                  226.42                      -160.79284
               226.67999                      -163.44033
                  226.94                      -166.12322
                   227.2                       -168.8394
               227.46001                      -171.58596
                  227.72                      -174.35868
                  227.98                      -177.15229
               228.24001                      -179.95939
                   228.5                       177.22996
               228.75999                       174.43024
                  229.02                       171.66352
                  229.28                       168.96806
               229.53999                       166.42045
                   229.8                       164.21091
                  230.06                       163.01563
               230.32001                       168.52666
                  230.58                      -41.389056
                  230.84                       -34.99414
               231.10001                      -36.065989
                  231.36                      -38.180068
                  231.62                      -40.621339
                  231.88                       -43.19381
                  232.14                      -45.821302
               232.39999                      -48.467479
                  232.66                      -51.113002
                  232.92                      -53.746284
               233.17999                      -56.360555
                  233.44                      -58.951218
                   233.7                      -61.515599
               233.96001                      -64.052004
                  234.22                       -66.55961
                  234.48                       -69.03826
               234.74001                      -71.488277
                     235                      -73.910482
               235.25999                      -76.305909
                  235.52                      -78.676041
                  235.78                      -81.022292
               236.03999                       -83.34625
                   236.3                      -85.649664
                  236.56                      -87.934061
               236.82001                      -90.201028
                  237.08                      -92.452095
                  237.34                      -94.688736
               237.60001                      -96.912153
                  237.86                      -99.123659
                  238.12                      -101.32418
                  238.38                      -103.51449
                  238.64                      -105.69512
               238.89999                      -107.86663
                  239.16                      -110.02912
                  239.42                      -112.18265
               239.67999                       -114.3275
                  239.94                       -116.4636
                   240.2                      -118.59096
               240.46001                      -120.70957
                  240.72                      -122.81972
                  240.98                       -124.9214
               241.24001                      -127.01482
                   241.5                      -129.10054
               241.75999                      -131.17916
                  242.02                      -133.25133
                  242.28                      -135.31842
               242.53999                      -137.38179
                   242.8                      -139.44297
                  243.06                      -141.50411
               243.32001                       -143.5671
                  243.58                      -145.63435
                  243.84                      -147.70833
               244.10001                       -149.7917
                  244.36                      -151.88725
                  244.62                      -153.99811
                  244.88                      -156.12727
                  245.14                      -158.27791
               245.39999                      -160.45318
                  245.66                      -162.65639
                  245.92                      -164.89057
               246.17999                       -167.1589
                  246.44                      -169.46455
                   246.7                      -171.81075
               246.96001                      -174.20088
                  247.22                      -176.63811
                  247.48                      -179.12616
               247.74001                       178.33148
                     248                       175.73076
               248.25999                       173.06803
                  248.52                        170.3388
                  248.78                       167.53853
               249.03999                       164.66192
                   249.3                       161.70358
                  249.56                       158.65688
               249.82001                       155.51455
                  250.08                       152.26874
                  250.34                       148.90982
               250.60001                       145.42784
                  250.86                       141.81068
                  251.12                       138.04544
                  251.38                       134.11694
                  251.64                       130.00789
               251.89999                       125.69908
                  252.16                       121.16876
                  252.42                       116.39298
               252.67999                       111.34552
                  252.94                       105.99885
                   253.2                       100.32477
               253.46001                       94.296933
                  253.72                       87.893385
                  253.98                       81.100681
               254.24001                       73.919146
                   254.5                       66.368565
               254.75999                       58.493737
                  255.02                       50.365921
                  255.28                       42.082157
               255.53999                       33.755666
                   255.8                       25.504907
                  256.06                       17.439928
               256.32001                       9.6503446
               256.57999                        2.200083
                  256.84                      -4.8742443
               257.10001                      -11.559525
               257.35999                      -17.860566
                  257.62                      -23.794524
                  257.88                      -29.385771
               258.14001                      -34.661846
               258.39999                      -39.651272
                  258.66                      -44.381152
               258.92001                      -48.877054
               259.17999                      -53.162262
                  259.44                      -57.257534
               259.70001                      -61.181995
               259.95999                      -64.952261
                  260.22                      -68.583844
               260.48001                      -72.090081
               260.73999                      -75.483538
                     261                      -78.775142
               261.26001                      -81.975168
               261.51999                      -85.093122
                  261.78                       -88.13731
               262.04001                      -91.116038
               262.29999                      -94.037283
                  262.56                      -96.907929
               262.82001                      -99.735081
               263.07999                      -102.52529
                  263.34                      -105.28426
               263.60001                      -108.01775
               263.85999                      -110.73037
                  264.12                      -113.42704
                  264.38                      -116.11224
               264.64001                      -118.79022
               264.89999                      -121.46546
                  265.16                      -124.14235
               265.42001                      -126.82536
               265.67999                      -129.51919
                  265.94                      -132.22864
               266.20001                      -134.95897
               266.45999                      -137.71607
                  266.72                      -140.50607
               266.98001                      -143.33639
               267.23999                      -146.21556
                   267.5                      -149.15243
               267.76001                      -152.15782
               268.01999                      -155.24299
                  268.28                      -158.42061
               268.54001                      -161.70457
               268.79999                      -165.10972
                  269.06                        -168.653
               269.32001                      -172.35256
               269.57999                      -176.22872
                  269.84                       179.69601
               270.10001                       175.39736
               270.35999                       170.84867
                  270.62                       166.02175
                  270.88                       160.88742
               271.14001                       155.41704
               271.39999                       149.58384
                  271.66                       143.36672
               271.92001                        136.7539
               272.17999                       129.74907
                  272.44                       122.37673
               272.70001                       114.68747
               272.95999                       106.75931
                  273.22                       98.694117
               273.48001                       90.608922
               273.73999                       82.622191
                     274                       74.840365
               274.26001                       67.347046
               274.51999                       60.198404
                  274.78                       53.423296
               275.04001                       47.028164
               275.29999                       41.002407
                  275.56                       35.324823
               275.82001                       29.968426
               276.07999                       24.903703
                  276.34                       20.102134
               276.60001                        15.53651
               276.85999                       11.181908
                  277.12                       7.0164765
                  277.38                       3.0207615
               277.64001                     -0.82184844
               277.89999                      -4.5259971
                  278.16                      -8.1038136
               278.42001                      -11.565463
               278.67999                      -14.919687
                  278.94                      -18.173261
               279.20001                      -21.332195
               279.45999                      -24.401191
                  279.72                      -27.385274
               279.98001                      -30.287831
               280.23999                      -33.112798
                   280.5                      -35.863669
               280.76001                      -38.543183
               281.01999                      -41.154389
                  281.28                      -43.699482
               281.54001                      -46.180207
               281.79999                      -48.598312
                  282.06                      -50.955108
               282.32001                      -53.251804
               282.57999                      -55.489481
                  282.84                      -57.668913
               283.10001                      -59.790639
               283.35999                       -61.85445
                  283.62                      -63.860015
                  283.88                      -65.806126
               284.14001                      -67.691806
               284.39999                      -69.515301
                  284.66                      -71.274976
               284.92001                      -72.969847
               285.17999                      -74.598382
                  285.44                      -76.159819
               285.70001                       -77.65317
               285.95999                      -79.078222
                  286.22                       -80.43508
               286.48001                      -81.724401
               286.73999                      -82.948043
                     287                      -84.108519
               287.26001                       -85.21042
               287.51999                      -86.258772
                  287.78                      -87.260023
               288.04001                      -88.220949
               288.29999                      -89.148762
                  288.56                      -90.050784
               288.82001                      -90.934119
               289.07999                      -91.805542
                  289.34                      -92.671719
               289.60001                      -93.538661
               289.85999                      -94.411286
                  290.12                      -95.293747
                  290.38                      -96.188119
               290.64001                      -97.095714
               290.89999                      -98.015549
                  291.16                      -98.945439
               291.42001                      -99.882213
               291.67999                      -100.82161
                  291.94                      -101.75882
               292.20001                      -102.68784
               292.45999                      -103.60254
                  292.72                      -104.49505
               292.98001                      -105.35664
               293.23999                      -106.17768
                   293.5                      -106.94747
               293.76001                      -107.65486
               294.01999                      -108.28783
                  294.28                      -108.83435
               294.54001                      -109.28121
               294.79999                       -109.6143
                  295.06                      -109.81779
               295.32001                      -109.87341
               295.57999                      -109.76096
                  295.84                      -109.45759
               296.10001                      -108.93872
               296.35999                      -108.17756
                  296.62                      -107.14637
                  296.88                      -105.81486
               297.14001                       -104.1519
               297.39999                      -102.12514
                  297.66                      -99.703972
               297.92001                      -96.863269
               298.17999                       -93.59068
                  298.44                      -89.894946
               298.70001                      -85.815193
               298.95999                      -81.428244
                  299.22                      -76.849066
               299.48001                      -72.223772
               299.73999                      -67.714319
                     300                      -63.478835

