0.050140 -0.450716
0.050400 -0.478865
0.050660 -0.508456
0.050920 -0.539346
0.051180 -0.571464
0.051440 -0.604795
0.051700 -0.639361
0.051960 -0.675214
0.052220 -0.712422
0.052480 -0.751074
0.052740 -0.791279
0.053000 -0.833175
0.053260 -0.876929
0.053520 -0.922737
0.053780 -0.970819
0.054040 -1.021422
0.054300 -1.074822
0.054560 -1.131335
0.054820 -1.191330
0.055080 -1.255241
0.055340 -1.323583
0.055600 -1.396965
0.055860 -1.476109
0.056120 -1.561872
0.056380 -1.655287
0.056640 -1.757587
0.056900 -1.870237
0.057160 -1.994929
0.057420 -2.133501
0.057680 -2.287733
0.057940 -2.458903
0.058200 -2.647079
0.058460 -2.850247
0.058720 -3.063713
0.058980 3.002712
0.059240 2.790424
0.059500 2.589130
0.059760 2.402839
0.060020 2.232996
0.060280 2.079209
0.060540 1.940111
0.060800 1.813988
0.061060 1.699140
0.061320 1.594033
0.061580 1.497347
0.061840 1.407976
0.062100 1.324993
0.062360 1.247630
0.062620 1.175245
0.062880 1.107300
0.063140 1.043338
0.063400 0.982961
0.063660 0.925821
0.063920 0.871609
0.064180 0.820047
0.064440 0.770891
0.064700 0.723923
0.064960 0.678952
0.065220 0.635803
0.065480 0.594317
0.065740 0.554344
0.066000 0.515742
0.066260 0.478382
0.066520 0.442148
0.066780 0.406934
0.067040 0.372642
0.067300 0.339182
0.067560 0.306466
0.067820 0.274409
0.068080 0.242928
0.068340 0.211943
0.068600 0.181386
0.068860 0.151189
0.069120 0.121288
0.069380 0.091622
0.069640 0.062125
0.069900 0.032731
0.070160 0.003374
0.070420 -0.026008
0.070680 -0.055474
0.070940 -0.085080
0.071200 -0.114886
0.071460 -0.144955
0.071720 -0.175350
0.071980 -0.206142
0.072240 -0.237395
0.072500 -0.269175
0.072760 -0.301544
0.073020 -0.334564
0.073280 -0.368299
0.073540 -0.402814
0.073800 -0.438175
0.074060 -0.474444
0.074320 -0.511672
0.074580 -0.549898
0.074840 -0.589148
0.075100 -0.629426
0.075360 -0.670720
0.075620 -0.712982
0.075880 -0.756128
0.076140 -0.800010
0.076400 -0.844401
0.076660 -0.888967
0.076920 -0.933236
0.077180 -0.976547
0.077440 -1.017981
0.077700 -1.056227
0.077960 -1.089380
0.078220 -1.114559
0.078480 -1.127187
0.078740 -1.119584
0.079000 -1.078038
0.079260 -0.976959
0.079520 -0.771256
0.079780 -0.417493
0.080040 0.005797
0.080300 0.321629
0.080560 0.498636
0.080820 0.587785
0.081080 0.628229
0.081340 0.641230
0.081600 0.638130
0.081860 0.625257
0.082120 0.606336
0.082380 0.583646
0.082640 0.558636
0.082900 0.532248
0.083160 0.505112
0.083420 0.477664
0.083680 0.450205
0.083940 0.422948
0.084200 0.396032
0.084460 0.369545
0.084720 0.343531
0.084980 0.318013
0.085240 0.293000
0.085500 0.268501
0.085760 0.244518
0.086020 0.221049
0.086280 0.198082
0.086540 0.175591
0.086800 0.153544
0.087060 0.131911
0.087320 0.110671
0.087580 0.089812
0.087840 0.069326
0.088100 0.049202
0.088360 0.029418
0.088620 0.009940
0.088880 -0.009261
0.089140 -0.028211
0.089400 -0.046916
0.089660 -0.065372
0.089920 -0.083572
0.090180 -0.101521
0.090440 -0.119246
0.090700 -0.136781
0.090960 -0.154163
0.091220 -0.171402
0.091480 -0.188483
0.091740 -0.205366
0.092000 -0.222004
0.092260 -0.238369
0.092520 -0.254464
0.092780 -0.270324
0.093040 -0.285996
0.093300 -0.301513
0.093560 -0.316878
0.093820 -0.332052
0.094080 -0.346976
0.094340 -0.361582
0.094600 -0.375821
0.094860 -0.389664
0.095120 -0.403096
0.095380 -0.416100
0.095640 -0.428635
0.095900 -0.440639
0.096160 -0.452022
0.096420 -0.462691
0.096680 -0.472550
0.096940 -0.481509
0.097200 -0.489473
0.097460 -0.496329
0.097720 -0.501937
0.097980 -0.506126
0.098240 -0.508701
0.098500 -0.509455
0.098760 -0.508168
0.099020 -0.504611
0.099280 -0.498535
0.099540 -0.489664
0.099800 -0.477698
0.100060 -0.462319
0.100320 -0.443221
0.100580 -0.420137
0.100840 -0.392859
0.101100 -0.361269
0.101360 -0.325361
0.101620 -0.285277
0.101880 -0.241342
0.102140 -0.194104
0.102400 -0.144341
0.102660 -0.093032
0.102920 -0.041279
0.103180 0.009785
0.103440 0.059101
0.103700 0.105748
0.103960 0.148995
0.104220 0.188319
0.104480 0.223403
0.104740 0.254124
0.105000 0.280520
0.105260 0.302755
0.105520 0.321069
0.105780 0.335746
0.106040 0.347085
0.106300 0.355382
0.106560 0.360927
0.106820 0.364002
0.107080 0.364872
0.107340 0.363788
0.107600 0.360975
0.107860 0.356632
0.108120 0.350933
0.108380 0.344032
0.108640 0.336067
0.108900 0.327169
0.109160 0.317455
0.109420 0.307029
0.109680 0.295982
0.109940 0.284388
0.110200 0.272313
0.110460 0.259813
0.110720 0.246941
0.110980 0.233748
0.111240 0.220280
0.111500 0.206578
0.111760 0.192672
0.112020 0.178587
0.112280 0.164340
0.112540 0.149952
0.112800 0.135440
0.113060 0.120825
0.113320 0.106127
0.113580 0.091360
0.113840 0.076531
0.114100 0.061641
0.114360 0.046688
0.114620 0.031674
0.114880 0.016604
0.115140 0.001493
0.115400 -0.013645
0.115660 -0.028802
0.115920 -0.043974
0.116180 -0.059169
0.116440 -0.074401
0.116700 -0.089684
0.116960 -0.105025
0.117220 -0.120425
0.117480 -0.135877
0.117740 -0.151373
0.118000 -0.166906
0.118260 -0.182475
0.118520 -0.198085
0.118780 -0.213744
0.119040 -0.229460
0.119300 -0.245235
0.119560 -0.261067
0.119820 -0.276953
0.120080 -0.292887
0.120340 -0.308868
0.120600 -0.324896
0.120860 -0.340971
0.121120 -0.357091
0.121380 -0.373250
0.121640 -0.389438
0.121900 -0.405643
0.122160 -0.421850
0.122420 -0.438045
0.122680 -0.454212
0.122940 -0.470333
0.123200 -0.486384
0.123460 -0.502333
0.123720 -0.518141
0.123980 -0.533764
0.124240 -0.549151
0.124500 -0.564245
0.124760 -0.578980
0.125020 -0.593277
0.125280 -0.607041
0.125540 -0.620159
0.125800 -0.632498
0.126060 -0.643905
0.126320 -0.654202
0.126580 -0.663178
0.126840 -0.670588
0.127100 -0.676140
0.127360 -0.679488
0.127620 -0.680219
0.127880 -0.677848
0.128140 -0.671810
0.128400 -0.661447
0.128660 -0.645999
0.128920 -0.624602
0.129180 -0.596307
0.129440 -0.560111
0.129700 -0.515062
0.129960 -0.460408
0.130220 -0.395822
0.130480 -0.321682
0.130740 -0.239331
0.131000 -0.151188
0.131260 -0.060585
0.131520 0.028720
0.131780 0.113198
0.132040 0.190117
0.132300 0.257818
0.132560 0.315670
0.132820 0.363835
0.133080 0.402969
0.133340 0.433980
0.133600 0.457852
0.133860 0.475545
0.134120 0.487946
0.134380 0.495846
0.134640 0.499933
0.134900 0.500799
0.135160 0.498946
0.135420 0.494795
0.135680 0.488705
0.135940 0.480980
0.136200 0.471876
0.136460 0.461617
0.136720 0.450393
0.136980 0.438362
0.137240 0.425660
0.137500 0.412399
0.137760 0.398676
0.138020 0.384574
0.138280 0.370169
0.138540 0.355525
0.138800 0.340697
0.139060 0.325729
0.139320 0.310657
0.139580 0.295511
0.139840 0.280317
0.140100 0.265099
0.140360 0.249882
0.140620 0.234682
0.140880 0.219515
0.141140 0.204389
0.141400 0.189308
0.141660 0.174278
0.141920 0.159303
0.142180 0.144389
0.142440 0.129546
0.142700 0.114777
0.142960 0.100082
0.143220 0.085452
0.143480 0.070883
0.143740 0.056367
0.144000 0.041906
0.144260 0.027505
0.144520 0.013172
0.144780 -0.001089
0.145040 -0.015281
0.145300 -0.029415
0.145560 -0.043506
0.145820 -0.057567
0.146080 -0.071607
0.146340 -0.085628
0.146600 -0.099627
0.146860 -0.113599
0.147120 -0.127544
0.147380 -0.141467
0.147640 -0.155378
0.147900 -0.169285
0.148160 -0.183195
0.148420 -0.197112
0.148680 -0.211037
0.148940 -0.224971
0.149200 -0.238918
0.149460 -0.252881
0.149720 -0.266868
0.149980 -0.280887
0.150240 -0.294939
0.150500 -0.309027
0.150760 -0.323153
0.151020 -0.337317
0.151280 -0.351524
0.151540 -0.365777
0.151800 -0.380081
0.152060 -0.394439
0.152320 -0.408851
0.152580 -0.423316
0.152840 -0.437835
0.153100 -0.452407
0.153360 -0.467033
0.153620 -0.481713
0.153880 -0.496447
0.154140 -0.511231
0.154400 -0.526059
0.154660 -0.540928
0.154920 -0.555828
0.155180 -0.570755
0.155440 -0.585701
0.155700 -0.600655
0.155960 -0.615605
0.156220 -0.630536
0.156480 -0.645429
0.156740 -0.660262
0.157000 -0.675013
0.157260 -0.689656
0.157520 -0.704160
0.157780 -0.718490
0.158040 -0.732604
0.158300 -0.746450
0.158560 -0.759974
0.158820 -0.773110
0.159080 -0.785785
0.159340 -0.797915
0.159600 -0.809400
0.159860 -0.820122
0.160120 -0.829946
0.160380 -0.838708
0.160640 -0.846221
0.160900 -0.852261
0.161160 -0.856566
0.161420 -0.858819
0.161680 -0.858638
0.161940 -0.855563
0.162200 -0.849031
0.162460 -0.838363
0.162720 -0.822731
0.162980 -0.801127
0.163240 -0.772335
0.163500 -0.734906
0.163760 -0.687169
0.164020 -0.627313
0.164280 -0.553594
0.164540 -0.464760
0.164800 -0.360707
0.165060 -0.243263
0.165320 -0.116695
0.165580 0.012649
0.165840 0.137742
0.166100 0.252671
0.166360 0.353802
0.166620 0.439866
0.166880 0.511331
0.167140 0.569612
0.167400 0.616465
0.167660 0.653636
0.167920 0.682685
0.168180 0.704942
0.168440 0.721495
0.168700 0.733226
0.168960 0.740830
0.169220 0.744849
0.169480 0.745694
0.169740 0.743680
0.170000 0.739034
0.170260 0.731922
0.170520 0.722468
0.170780 0.710766
0.171040 0.696898
0.171300 0.680949
0.171560 0.663023
0.171820 0.643252
0.172080 0.621807
0.172340 0.598904
0.172600 0.574788
0.172860 0.549740
0.173120 0.524051
0.173380 0.498015
0.173640 0.471909
0.173900 0.445981
0.174160 0.420443
0.174420 0.395466
0.174680 0.371173
0.174940 0.347649
0.175200 0.324939
0.175460 0.303057
0.175720 0.281995
0.175980 0.261726
0.176240 0.242210
0.176500 0.223400
0.176760 0.205245
0.177020 0.187691
0.177280 0.170684
0.177540 0.154174
0.177800 0.138111
0.178060 0.122452
0.178320 0.107156
0.178580 0.092184
0.178840 0.077504
0.179100 0.063081
0.179360 0.048890
0.179620 0.034902
0.179880 0.021097
0.180140 0.007454
0.180400 -0.006046
0.180660 -0.019419
0.180920 -0.032681
0.181180 -0.045846
0.181440 -0.058929
0.181700 -0.071940
0.181960 -0.084890
0.182220 -0.097788
0.182480 -0.110643
0.182740 -0.123464
0.183000 -0.136260
0.183260 -0.149040
0.183520 -0.161813
0.183780 -0.174584
0.184040 -0.187357
0.184300 -0.200140
0.184560 -0.212938
0.184820 -0.225759
0.185080 -0.238613
0.185340 -0.251505
0.185600 -0.264440
0.185860 -0.277421
0.186120 -0.290451
0.186380 -0.303533
0.186640 -0.316673
0.186900 -0.329880
0.187160 -0.343164
0.187420 -0.356533
0.187680 -0.369996
0.187940 -0.383556
0.188200 -0.397212
0.188460 -0.410968
0.188720 -0.424827
0.188980 -0.438794
0.189240 -0.452876
0.189500 -0.467082
0.189760 -0.481417
0.190020 -0.495887
0.190280 -0.510495
0.190540 -0.525243
0.190800 -0.540136
0.191060 -0.555176
0.191320 -0.570371
0.191580 -0.585725
0.191840 -0.601241
0.192100 -0.616920
0.192360 -0.632764
0.192620 -0.648772
0.192880 -0.664947
0.193140 -0.681286
0.193400 -0.697792
0.193660 -0.714461
0.193920 -0.731289
0.194180 -0.748267
0.194440 -0.765389
0.194700 -0.782643
0.194960 -0.800018
0.195220 -0.817496
0.195480 -0.835062
0.195740 -0.852691
0.196000 -0.870352
0.196260 -0.888013
0.196520 -0.905630
0.196780 -0.923157
0.197040 -0.940535
0.197300 -0.957699
0.197560 -0.974563
0.197820 -0.991032
0.198080 -1.006988
0.198340 -1.022289
0.198600 -1.036767
0.198860 -1.050219
0.199120 -1.062397
0.199380 -1.072997
0.199640 -1.081638
0.199900 -1.087848
0.200160 -1.091036
0.200420 -1.090437
0.200680 -1.085083
0.200940 -1.073706
0.201200 -1.054651
0.201460 -1.025734
0.201720 -0.984108
0.201980 -0.926129
0.202240 -0.847418
0.202500 -0.743403
0.202760 -0.610967
0.203020 -0.451542
0.203280 -0.274338
0.203540 -0.095722
0.203800 0.067349
0.204060 0.204455
0.204320 0.313212
0.204580 0.396309
0.204840 0.458244
0.205100 0.503474
0.205360 0.535746
0.205620 0.558012
0.205880 0.572526
0.206140 0.581005
0.206400 0.584757
0.206660 0.584788
0.206920 0.581872
0.207180 0.576620
0.207440 0.569509
0.207700 0.560922
0.207960 0.551164
0.208220 0.540484
0.208480 0.529086
0.208740 0.517136
0.209000 0.504772
0.209260 0.492107
0.209520 0.479233
0.209780 0.466227
0.210040 0.453154
0.210300 0.440064
0.210560 0.427001
0.210820 0.414000
0.211080 0.401088
0.211340 0.388285
0.211600 0.375608
0.211860 0.363066
0.212120 0.350665
0.212380 0.338411
0.212640 0.326303
0.212900 0.314340
0.213160 0.302517
0.213420 0.290828
0.213680 0.279264
0.213940 0.267819
0.214200 0.256482
0.214460 0.245246
0.214720 0.234100
0.214980 0.223038
0.215240 0.212050
0.215500 0.201130
0.215760 0.190271
0.216020 0.179469
0.216280 0.168723
0.216540 0.158031
0.216800 0.147394
0.217060 0.136813
0.217320 0.126294
0.217580 0.115840
0.217840 0.105459
0.218100 0.095159
0.218360 0.084949
0.218620 0.074842
0.218880 0.064845
0.219140 0.054971
0.219400 0.045231
0.219660 0.035634
0.219920 0.026194
0.220180 0.016919
0.220440 0.007821
0.220700 -0.001093
0.220960 -0.009815
0.221220 -0.018341
0.221480 -0.026665
0.221740 -0.034785
0.222000 -0.042699
0.222260 -0.050407
0.222520 -0.057912
0.222780 -0.065218
0.223040 -0.072331
0.223300 -0.079259
0.223560 -0.086012
0.223820 -0.092600
0.224080 -0.099035
0.224340 -0.105332
0.224600 -0.111508
0.224860 -0.117577
0.225120 -0.123560
0.225380 -0.129473
0.225640 -0.135337
0.225900 -0.141171
0.226160 -0.146994
0.226420 -0.152827
0.226680 -0.158690
0.226940 -0.164604
0.227200 -0.170587
0.227460 -0.176658
0.227720 -0.182833
0.227980 -0.189131
0.228240 -0.195566
0.228500 -0.202154
0.228760 -0.208908
0.229020 -0.215841
0.229280 -0.222965
0.229540 -0.230290
0.229800 -0.237822
0.230060 -0.245573
0.230320 -0.253548
0.230580 -0.261755
0.230840 -0.270198
0.231100 -0.278883
0.231360 -0.287812
0.231620 -0.296990
0.231880 -0.306419
0.232140 -0.316102
0.232400 -0.326042
0.232660 -0.336240
0.232920 -0.346700
0.233180 -0.357423
0.233440 -0.368410
0.233700 -0.379663
0.233960 -0.391184
0.234220 -0.402978
0.234480 -0.415045
0.234740 -0.427390
0.235000 -0.440016
0.235260 -0.452926
0.235520 -0.466125
0.235780 -0.479616
0.236040 -0.493406
0.236300 -0.507499
0.236560 -0.521904
0.236820 -0.536626
0.237080 -0.551673
0.237340 -0.567052
0.237600 -0.582771
0.237860 -0.598841
0.238120 -0.615273
0.238380 -0.632076
0.238640 -0.649262
0.238900 -0.666842
0.239160 -0.684830
0.239420 -0.703239
0.239680 -0.722083
0.239940 -0.741378
0.240200 -0.761140
0.240460 -0.781385
0.240720 -0.802131
0.240980 -0.823395
0.241240 -0.845197
0.241500 -0.867556
0.241760 -0.890492
0.242020 -0.914029
0.242280 -0.938187
0.242540 -0.962990
0.242800 -0.988462
0.243060 -1.014627
0.243320 -1.041511
0.243580 -1.069143
0.243840 -1.097551
0.244100 -1.126766
0.244360 -1.156822
0.244620 -1.187755
0.244880 -1.219604
0.245140 -1.252415
0.245400 -1.286241
0.245660 -1.321145
0.245920 -1.357204
0.246180 -1.394516
0.246440 -1.433203
0.246700 -1.473429
0.246960 -1.515414
0.247220 -1.559467
0.247480 -1.606027
0.247740 -1.655743
0.248000 -1.709608
0.248260 -1.769202
0.248520 -1.837186
0.248780 -1.918359
0.249040 -2.022185
0.249300 -2.169648
0.249560 -2.414201
0.249820 -2.895268
