0.050140 0.695123
0.050400 0.696666
0.050660 0.697858
0.050920 0.699076
0.051180 0.700535
0.051440 0.702181
0.051700 0.703764
0.051960 0.705012
0.052220 0.705814
0.052480 0.706275
0.052740 0.706649
0.053000 0.707168
0.053260 0.707914
0.053520 0.708776
0.053780 0.709539
0.054040 0.710024
0.054300 0.710200
0.054560 0.710193
0.054820 0.710202
0.055080 0.710373
0.055340 0.710715
0.055600 0.711101
0.055860 0.711360
0.056120 0.711381
0.056380 0.711184
0.056640 0.710897
0.056900 0.710675
0.057160 0.710604
0.057420 0.710651
0.057680 0.710694
0.057940 0.710602
0.058200 0.710315
0.058460 0.709880
0.058720 0.709417
0.058980 0.709043
0.059240 0.708801
0.059500 0.708639
0.059760 0.708448
0.060020 0.708131
0.060280 0.707663
0.060540 0.707107
0.060800 0.706567
0.061060 0.706129
0.061320 0.705809
0.061580 0.705548
0.061840 0.705251
0.062100 0.704849
0.062360 0.704340
0.062620 0.703789
0.062880 0.703284
0.063140 0.702888
0.063400 0.702599
0.063660 0.702356
0.063920 0.702080
0.064180 0.701719
0.064440 0.701283
0.064700 0.700832
0.064960 0.700439
0.065220 0.700147
0.065480 0.699941
0.065740 0.699763
0.066000 0.699541
0.066260 0.699235
0.066520 0.698857
0.066780 0.698456
0.067040 0.698090
0.067300 0.697785
0.067560 0.697520
0.067820 0.697233
0.068080 0.696861
0.068340 0.696366
0.068600 0.695756
0.068860 0.695069
0.069120 0.694350
0.069380 0.693612
0.069640 0.692828
0.069900 0.691938
0.070160 0.690881
0.070420 0.689623
0.070680 0.688169
0.070940 0.686550
0.071200 0.684801
0.071460 0.682931
0.071720 0.680911
0.071980 0.678687
0.072240 0.676207
0.072500 0.673440
0.072760 0.670395
0.073020 0.667104
0.073280 0.663600
0.073540 0.659894
0.073800 0.655962
0.074060 0.651762
0.074320 0.647252
0.074580 0.642413
0.074840 0.637260
0.075100 0.631831
0.075360 0.626163
0.075620 0.620271
0.075880 0.614142
0.076140 0.607744
0.076400 0.601050
0.076660 0.594053
0.076920 0.586777
0.077180 0.579266
0.077440 0.571562
0.077700 0.563687
0.077960 0.555639
0.078220 0.547396
0.078480 0.538943
0.078740 0.530286
0.079000 0.521457
0.079260 0.512507
0.079520 0.503481
0.079780 0.494407
0.080040 0.485291
0.080300 0.476121
0.080560 0.466893
0.080820 0.457622
0.081080 0.448344
0.081340 0.439113
0.081600 0.429978
0.081860 0.420970
0.082120 0.412098
0.082380 0.403357
0.082640 0.394748
0.082900 0.386287
0.083160 0.378013
0.083420 0.369976
0.083680 0.362221
0.083940 0.354775
0.084200 0.347646
0.084460 0.340827
0.084720 0.334314
0.084980 0.328116
0.085240 0.322260
0.085500 0.316781
0.085760 0.311712
0.086020 0.307066
0.086280 0.302837
0.086540 0.299004
0.086800 0.295546
0.087060 0.292450
0.087320 0.289721
0.087580 0.287374
0.087840 0.285417
0.088100 0.283846
0.088360 0.282636
0.088620 0.281750
0.088880 0.281149
0.089140 0.280804
0.089400 0.280702
0.089660 0.280843
0.089920 0.281227
0.090180 0.281843
0.090440 0.282665
0.090700 0.283654
0.090960 0.284769
0.091220 0.285980
0.091480 0.287269
0.091740 0.288630
0.092000 0.290064
0.092260 0.291565
0.092520 0.293119
0.092780 0.294707
0.093040 0.296310
0.093300 0.297917
0.093560 0.299522
0.093820 0.301121
0.094080 0.302705
0.094340 0.304260
0.094600 0.305764
0.094860 0.307198
0.095120 0.308554
0.095380 0.309834
0.095640 0.311052
0.095900 0.312217
0.096160 0.313330
0.096420 0.314377
0.096680 0.315339
0.096940 0.316198
0.097200 0.316948
0.097460 0.317598
0.097720 0.318164
0.097980 0.318659
0.098240 0.319084
0.098500 0.319425
0.098760 0.319666
0.099020 0.319793
0.099280 0.319806
0.099540 0.319718
0.099800 0.319547
0.100060 0.319304
0.100320 0.318988
0.100580 0.318586
0.100840 0.318082
0.101100 0.317469
0.101360 0.316751
0.101620 0.315945
0.101880 0.315069
0.102140 0.314132
0.102400 0.313130
0.102660 0.312051
0.102920 0.310881
0.103180 0.309620
0.103440 0.308278
0.103700 0.306873
0.103960 0.305423
0.104220 0.303934
0.104480 0.302403
0.104740 0.300818
0.105000 0.299173
0.105260 0.297470
0.105520 0.295725
0.105780 0.293961
0.106040 0.292192
0.106300 0.290427
0.106560 0.288659
0.106820 0.286883
0.107080 0.285096
0.107340 0.283308
0.107600 0.281538
0.107860 0.279811
0.108120 0.278141
0.108380 0.276536
0.108640 0.274991
0.108900 0.273503
0.109160 0.272075
0.109420 0.270719
0.109680 0.269459
0.109940 0.268315
0.110200 0.267302
0.110460 0.266424
0.110720 0.265676
0.110980 0.265055
0.111240 0.264563
0.111500 0.264213
0.111760 0.264022
0.112020 0.264008
0.112280 0.264178
0.112540 0.264528
0.112800 0.265050
0.113060 0.265732
0.113320 0.266574
0.113580 0.267580
0.113840 0.268762
0.114100 0.270126
0.114360 0.271670
0.114620 0.273381
0.114880 0.275242
0.115140 0.277237
0.115400 0.279358
0.115660 0.281606
0.115920 0.283986
0.116180 0.286496
0.116440 0.289127
0.116700 0.291858
0.116960 0.294667
0.117220 0.297534
0.117480 0.300452
0.117740 0.303421
0.118000 0.306444
0.118260 0.309519
0.118520 0.312635
0.118780 0.315771
0.119040 0.318904
0.119300 0.322017
0.119560 0.325106
0.119820 0.328173
0.120080 0.331223
0.120340 0.334254
0.120600 0.337253
0.120860 0.340201
0.121120 0.343081
0.121380 0.345881
0.121640 0.348600
0.121900 0.351246
0.122160 0.353824
0.122420 0.356334
0.122680 0.358762
0.122940 0.361092
0.123200 0.363309
0.123460 0.365410
0.123720 0.367399
0.123980 0.369286
0.124240 0.371077
0.124500 0.372771
0.124760 0.374354
0.125020 0.375814
0.125280 0.377140
0.125540 0.378334
0.125800 0.379406
0.126060 0.380368
0.126320 0.381225
0.126580 0.381974
0.126840 0.382605
0.127100 0.383106
0.127360 0.383476
0.127620 0.383723
0.127880 0.383859
0.128140 0.383897
0.128400 0.383845
0.128660 0.383697
0.128920 0.383448
0.129180 0.383091
0.129440 0.382624
0.129700 0.382049
0.129960 0.381362
0.130220 0.380545
0.130480 0.379574
0.130740 0.378420
0.131000 0.377066
0.131260 0.375517
0.131520 0.373803
0.131780 0.371970
0.132040 0.370064
0.132300 0.368112
0.132560 0.366119
0.132820 0.364073
0.133080 0.361955
0.133340 0.359758
0.133600 0.357492
0.133860 0.355179
0.134120 0.352840
0.134380 0.350487
0.134640 0.348113
0.134900 0.345703
0.135160 0.343245
0.135420 0.340742
0.135680 0.338214
0.135940 0.335686
0.136200 0.333182
0.136460 0.330710
0.136720 0.328261
0.136980 0.325821
0.137240 0.323382
0.137500 0.320954
0.137760 0.318561
0.138020 0.316235
0.138280 0.313998
0.138540 0.311853
0.138800 0.309786
0.139060 0.307781
0.139320 0.305831
0.139580 0.303950
0.139840 0.302168
0.140100 0.300520
0.140360 0.299025
0.140620 0.297678
0.140880 0.296456
0.141140 0.295332
0.141400 0.294297
0.141660 0.293367
0.141920 0.292580
0.142180 0.291976
0.142440 0.291572
0.142700 0.291352
0.142960 0.291269
0.143220 0.291273
0.143480 0.291335
0.143740 0.291472
0.144000 0.291745
0.144260 0.292228
0.144520 0.292979
0.144780 0.294005
0.145040 0.295250
0.145300 0.296618
0.145560 0.298008
0.145820 0.299352
0.146080 0.300645
0.146340 0.301933
0.146600 0.303293
0.146860 0.304794
0.147120 0.306465
0.147380 0.308289
0.147640 0.310215
0.147900 0.312183
0.148160 0.314156
0.148420 0.316126
0.148680 0.318110
0.148940 0.320135
0.149200 0.322215
0.149460 0.324344
0.149720 0.326497
0.149980 0.328647
0.150240 0.330771
0.150500 0.332868
0.150760 0.334946
0.151020 0.337019
0.151280 0.339091
0.151540 0.341157
0.151800 0.343199
0.152060 0.345199
0.152320 0.347148
0.152580 0.349045
0.152840 0.350899
0.153100 0.352716
0.153360 0.354500
0.153620 0.356242
0.153880 0.357933
0.154140 0.359560
0.154400 0.361120
0.154660 0.362616
0.154920 0.364054
0.155180 0.365440
0.155440 0.366774
0.155700 0.368051
0.155960 0.369263
0.156220 0.370405
0.156480 0.371477
0.156740 0.372484
0.157000 0.373431
0.157260 0.374323
0.157520 0.375162
0.157780 0.375943
0.158040 0.376663
0.158300 0.377321
0.158560 0.377921
0.158820 0.378468
0.159080 0.378970
0.159340 0.379432
0.159600 0.379857
0.159860 0.380246
0.160120 0.380599
0.160380 0.380921
0.160640 0.381219
0.160900 0.381505
0.161160 0.381788
0.161420 0.382079
0.161680 0.382385
0.161940 0.382715
0.162200 0.383078
0.162460 0.383488
0.162720 0.383962
0.162980 0.384521
0.163240 0.385187
0.163500 0.385981
0.163760 0.386926
0.164020 0.388045
0.164280 0.389368
0.164540 0.390927
0.164800 0.392761
0.165060 0.394911
0.165320 0.397420
0.165580 0.400332
0.165840 0.403690
0.166100 0.407537
0.166360 0.411916
0.166620 0.416865
0.166880 0.422415
0.167140 0.428581
0.167400 0.435356
0.167660 0.442702
0.167920 0.450542
0.168180 0.458752
0.168440 0.467155
0.168700 0.475520
0.168960 0.483560
0.169220 0.490947
0.169480 0.497336
0.169740 0.502392
0.170000 0.505830
0.170260 0.507448
0.170520 0.507147
0.170780 0.504946
0.171040 0.500971
0.171300 0.495432
0.171560 0.488597
0.171820 0.480752
0.172080 0.472175
0.172340 0.463118
0.172600 0.453797
0.172860 0.444390
0.173120 0.435040
0.173380 0.425858
0.173640 0.416927
0.173900 0.408301
0.174160 0.400012
0.174420 0.392073
0.174680 0.384489
0.174940 0.377260
0.175200 0.370386
0.175460 0.363867
0.175720 0.357696
0.175980 0.351862
0.176240 0.346348
0.176500 0.341135
0.176760 0.336210
0.177020 0.331561
0.177280 0.327186
0.177540 0.323083
0.177800 0.319245
0.178060 0.315661
0.178320 0.312317
0.178580 0.309197
0.178840 0.306292
0.179100 0.303600
0.179360 0.301125
0.179620 0.298869
0.179880 0.296828
0.180140 0.294990
0.180400 0.293341
0.180660 0.291866
0.180920 0.290561
0.181180 0.289428
0.181440 0.288475
0.181700 0.287706
0.181960 0.287113
0.182220 0.286682
0.182480 0.286393
0.182740 0.286230
0.183000 0.286191
0.183260 0.286286
0.183520 0.286526
0.183780 0.286915
0.184040 0.287443
0.184300 0.288083
0.184560 0.288808
0.184820 0.289600
0.185080 0.290463
0.185340 0.291422
0.185600 0.292501
0.185860 0.293714
0.186120 0.295042
0.186380 0.296436
0.186640 0.297836
0.186900 0.299194
0.187160 0.300499
0.187420 0.301782
0.187680 0.303106
0.187940 0.304536
0.188200 0.306107
0.188460 0.307814
0.188720 0.309606
0.188980 0.311418
0.189240 0.313193
0.189500 0.314907
0.189760 0.316571
0.190020 0.318218
0.190280 0.319882
0.190540 0.321576
0.190800 0.323291
0.191060 0.324998
0.191320 0.326670
0.191580 0.328294
0.191840 0.329876
0.192100 0.331433
0.192360 0.332979
0.192620 0.334520
0.192880 0.336042
0.193140 0.337529
0.193400 0.338964
0.193660 0.340345
0.193920 0.341678
0.194180 0.342975
0.194440 0.344246
0.194700 0.345488
0.194960 0.346691
0.195220 0.347841
0.195480 0.348930
0.195740 0.349960
0.196000 0.350940
0.196260 0.351878
0.196520 0.352779
0.196780 0.353637
0.197040 0.354443
0.197300 0.355188
0.197560 0.355870
0.197820 0.356492
0.198080 0.357065
0.198340 0.357594
0.198600 0.358079
0.198860 0.358515
0.199120 0.358893
0.199380 0.359209
0.199640 0.359463
0.199900 0.359664
0.200160 0.359818
0.200420 0.359929
0.200680 0.359995
0.200940 0.360010
0.201200 0.359968
0.201460 0.359868
0.201720 0.359715
0.201980 0.359515
0.202240 0.359276
0.202500 0.358998
0.202760 0.358677
0.203020 0.358308
0.203280 0.357889
0.203540 0.357421
0.203800 0.356911
0.204060 0.356367
0.204320 0.355791
0.204580 0.355182
0.204840 0.354537
0.205100 0.353852
0.205360 0.353126
0.205620 0.352365
0.205880 0.351575
0.206140 0.350762
0.206400 0.349926
0.206660 0.349066
0.206920 0.348176
0.207180 0.347255
0.207440 0.346306
0.207700 0.345333
0.207960 0.344342
0.208220 0.343337
0.208480 0.342315
0.208740 0.341273
0.209000 0.340206
0.209260 0.339115
0.209520 0.338001
0.209780 0.336871
0.210040 0.335726
0.210300 0.334568
0.210560 0.333391
0.210820 0.332189
0.211080 0.330960
0.211340 0.329702
0.211600 0.328419
0.211860 0.327112
0.212120 0.325781
0.212380 0.324422
0.212640 0.323026
0.212900 0.321584
0.213160 0.320092
0.213420 0.318548
0.213680 0.316956
0.213940 0.315322
0.214200 0.313652
0.214460 0.311950
0.214720 0.310220
0.214980 0.308462
0.215240 0.306677
0.215500 0.304866
0.215760 0.303026
0.216020 0.301153
0.216280 0.299238
0.216540 0.297276
0.216800 0.295262
0.217060 0.293198
0.217320 0.291087
0.217580 0.288935
0.217840 0.286748
0.218100 0.284526
0.218360 0.282269
0.218620 0.279975
0.218880 0.277647
0.219140 0.275290
0.219400 0.272912
0.219660 0.270521
0.219920 0.268123
0.220180 0.265722
0.220440 0.263317
0.220700 0.260911
0.220960 0.258508
0.221220 0.256117
0.221480 0.253747
0.221740 0.251408
0.222000 0.249105
0.222260 0.246840
0.222520 0.244615
0.222780 0.242434
0.223040 0.240303
0.223300 0.238231
0.223560 0.236231
0.223820 0.234311
0.224080 0.232473
0.224340 0.230720
0.224600 0.229053
0.224860 0.227475
0.225120 0.225993
0.225380 0.224619
0.225640 0.223362
0.225900 0.222227
0.226160 0.221217
0.226420 0.220329
0.226680 0.219564
0.226940 0.218925
0.227200 0.218419
0.227460 0.218056
0.227720 0.217845
0.227980 0.217786
0.228240 0.217878
0.228500 0.218114
0.228760 0.218493
0.229020 0.219016
0.229280 0.219690
0.229540 0.220524
0.229800 0.221522
0.230060 0.222682
0.230320 0.223995
0.230580 0.225447
0.230840 0.227034
0.231100 0.228756
0.231360 0.230621
0.231620 0.232640
0.231880 0.234815
0.232140 0.237139
0.232400 0.239589
0.232660 0.242142
0.232920 0.244778
0.233180 0.247495
0.233440 0.250304
0.233700 0.253229
0.233960 0.256291
0.234220 0.259499
0.234480 0.262840
0.234740 0.266287
0.235000 0.269807
0.235260 0.273371
0.235520 0.276968
0.235780 0.280601
0.236040 0.284282
0.236300 0.288024
0.236560 0.291830
0.236820 0.295691
0.237080 0.299594
0.237340 0.303522
0.237600 0.307466
0.237860 0.311423
0.238120 0.315396
0.238380 0.319389
0.238640 0.323400
0.238900 0.327423
0.239160 0.331448
0.239420 0.335464
0.239680 0.339469
0.239940 0.343459
0.240200 0.347439
0.240460 0.351408
0.240720 0.355364
0.240980 0.359300
0.241240 0.363210
0.241500 0.367089
0.241760 0.370934
0.242020 0.374746
0.242280 0.378526
0.242540 0.382275
0.242800 0.385988
0.243060 0.389662
0.243320 0.393292
0.243580 0.396875
0.243840 0.400410
0.244100 0.403901
0.244360 0.407347
0.244620 0.410747
0.244880 0.414098
0.245140 0.417398
0.245400 0.420642
0.245660 0.423832
0.245920 0.426968
0.246180 0.430051
0.246440 0.433082
0.246700 0.436059
0.246960 0.438979
0.247220 0.441842
0.247480 0.444645
0.247740 0.447390
0.248000 0.450078
0.248260 0.452710
0.248520 0.455285
0.248780 0.457803
0.249040 0.460261
0.249300 0.462659
0.249560 0.464997
0.249820 0.467277
