        Frequency / MHz                S1,1 (28)/arg,degrees
----------------------------------------------------------------------
                      40                       166.49309
               40.259998                       163.45551
                   40.52                       160.37645
               40.779999                       157.23351
               41.040001                       154.03044
               41.299999                       150.79405
               41.560001                       147.55682
                   41.82                       144.33633
               42.080002                       141.12366
                   42.34                       137.88843
               42.599998                       134.59729
               42.860001                       131.23429
               43.119999                       127.80995
               43.380001                       124.35395
               43.639999                       120.89604
               43.900002                       117.44717
                   44.16                       113.99197
               44.419998                       110.49767
                   44.68                       106.93383
               44.939999                       103.29057
               45.200001                       99.583714
               45.459999                       95.844118
               45.720001                       92.098045
                   45.98                       88.350389
               46.240002                       84.580842
                    46.5                       80.755683
               46.759998                         76.8479
                   47.02                       72.853004
               47.279999                       68.790728
               47.540001                       64.691994
               47.799999                       60.579229
               48.060001                       56.451756
                   48.32                       52.285097
               48.580002                       48.045131
                   48.84                       43.708429
               49.099998                       39.276218
               49.360001                       34.773342
               49.619999                       30.233215
               49.880001                       25.677386
               50.139999                        21.10144
               50.400002                       16.475718
                   50.66                        11.76104
               50.919998                       6.9303095
                   51.18                        1.983117
               51.439999                      -3.0549867
               51.700001                      -8.1475365
               51.959999                      -13.267822
               52.220001                      -18.413938
                   52.48                      -23.609837
               52.740002                      -28.891631
                      53                      -34.287026
               53.259998                      -39.800026
                   53.52                       -45.40949
               53.779999                      -51.081611
               54.040001                      -56.788766
               54.299999                      -62.524762
               54.560001                      -68.307533
                   54.82                       -74.16828
               55.080002                      -80.132852
                   55.34                      -86.206304
               55.599998                      -92.369423
               55.860001                      -98.588358
               56.119999                      -104.83179
               56.380001                      -111.08631
               56.639999                      -117.36151
               56.900002                      -123.68235
                   57.16                      -130.07266
               57.419998                      -136.53921
                   57.68                      -143.06565
               57.939999                      -149.61858
               58.200001                      -156.16288
               58.459999                      -162.67716
               58.720001                      -169.16211
                   58.98                      -175.63635
               59.240002                       177.87725
                    59.5                       171.36797
               59.759998                        164.8462
                   60.02                       158.34107
               60.279999                       151.88763
               60.540001                       145.51146
               60.799999                       139.21747
               61.060001                       132.99048
                   61.32                       126.80628
               61.580002                       120.64769
                   61.84                       114.51645
               62.099998                       108.43402
               62.360001                       102.43176
               62.619999                       96.535015
               62.880001                        90.75061
               63.139999                       85.064204
               63.400002                       79.449161
                   63.66                       73.882447
               63.919998                       68.358298
                   64.18                       62.891743
               64.440002                       57.510129
               64.699997                       52.237576
               64.959999                        47.08114
               65.220001                        42.02625
               65.480003                       37.044423
               65.739998                       32.109475
                      66                       27.211873
               66.260002                       22.363669
               66.519997                       17.590486
               66.779999                       12.915578
               67.040001                       8.3453607
               67.300003                       3.8642649
               67.559998                     -0.55727152
                   67.82                      -4.9462964
               68.080002                       -9.312344
               68.339996                      -13.643094
               68.599998                      -17.912837
               68.860001                      -22.099114
               69.120003                      -26.197337
               69.379997                      -30.224852
               69.639999                      -34.212072
               69.900002                      -38.184893
               70.160004                      -42.150558
               70.419998                      -46.094224
                   70.68                      -49.989785
               70.940002                      -53.816435
               71.199997                      -57.572877
               71.459999                      -61.278994
               71.720001                       -64.96478
               71.980003                      -68.652565
               72.239998                      -72.344198
                    72.5                      -76.021054
               72.760002                      -79.656791
               73.019997                      -83.235045
               73.279999                      -86.761007
               73.540001                      -90.260058
               73.800003                      -93.763098
               74.059998                      -97.288241
                   74.32                      -100.83035
               74.580002                      -104.36478
               74.839996                      -107.86315
               75.099998                      -111.31168
               75.360001                      -114.72072
               75.620003                      -118.11958
               75.879997                      -121.53948
               76.139999                      -124.99469
               76.400002                      -128.47475
               76.660004                      -131.95181
               76.919998                      -135.39827
                   77.18                      -138.80489
               77.440002                      -142.18731
               77.699997                      -145.57749
               77.959999                      -149.00433
               78.220001                      -152.47641
               78.480003                      -155.97735
               78.739998                      -159.47632
                      79                      -162.94786
               79.260002                      -166.38831
               79.519997                      -169.81865
               79.779999                      -173.27281
               80.040001                       -176.7767
               80.300003                       179.66772
               80.559998                        176.0828
                   80.82                       172.50165
               81.080002                       168.94739
               81.339996                       165.41809
               81.599998                       161.88721
               81.860001                       158.31907
               82.120003                       154.69087
               82.379997                       151.00623
               82.639999                       147.29405
               82.900002                       143.59143
               83.160004                       139.92225
               83.419998                       136.28313
                   83.68                       132.64575
               83.940002                       128.97341
               84.199997                       125.24314
               84.459999                       121.45834
               84.720001                       117.64535
               84.980003                       113.83678
               85.239998                       110.05187
                    85.5                       106.28499
               85.760002                       102.51074
               86.019997                       98.700968
               86.279999                       94.843823
               86.540001                       90.952418
               86.800003                       87.057243
               87.059998                       83.188679
                   87.32                       79.357872
               87.580002                       75.550122
               87.839996                       71.733961
               88.099998                       67.881187
               88.360001                       63.985302
               88.620003                        60.06707
               88.879997                       56.163095
               89.139999                       52.304423
               89.400002                       48.498257
               89.660004                       44.722478
               89.919998                       40.939151
                   90.18                       37.117962
               90.440002                       33.255572
               90.699997                       29.379521
               90.959999                       25.534069
               91.220001                        21.75588
               91.480003                         18.0537
               91.739998                       14.403702
                      92                       10.762829
               92.260002                       7.0944703
               92.519997                       3.3886281
               92.779999                     -0.33415287
               93.040001                      -4.0364976
               93.300003                      -7.6872612
               93.559998                      -11.279722
                   93.82                      -14.833607
               94.080002                      -18.381642
               94.339996                      -21.946839
               94.599998                      -25.527935
               94.860001                       -29.09985
               95.120003                      -32.630182
               95.379997                      -36.100356
               95.639999                      -39.518185
               95.900002                      -42.914041
               96.160004                      -46.322142
               96.419998                      -49.758495
                   96.68                      -53.211019
               96.940002                      -56.646713
               97.199997                      -60.032958
               97.459999                      -63.358222
               97.720001                       -66.64081
               97.980003                      -69.918372
               98.239998                      -73.225057
                    98.5                      -76.569501
               98.760002                      -79.930172
               99.019997                      -83.268605
               99.279999                       -86.55409
               99.540001                      -89.783676
               99.800003                      -92.985942
                  100.06                      -96.203945
                  100.32                      -99.468392
                  100.58                      -102.77907
                  100.84                       -106.1046
                   101.1                      -109.40277
                  101.36                      -112.64722
                  101.62                      -115.84544
                  101.88                      -119.03585
                  102.14                      -122.26467
                   102.4                      -125.55709
                  102.66                      -128.90154
                  102.92                      -132.25756
                  103.18                      -135.58064
                  103.44                      -138.85115
                   103.7                      -142.08844
                  103.96                      -145.34027
                  104.22                      -148.65373
                  104.48                      -152.04571
                  104.74                      -155.49261
                     105                      -158.94475
                  105.26                       -162.3575
                  105.52                      -165.71992
                  105.78                      -169.06392
                  106.04                      -172.44585
                   106.3                      -175.91143
                  106.56                      -179.46761
                  106.82                       176.92304
                  107.08                       173.31829
                  107.34                       169.76216
                   107.6                       166.25483
                  107.86                       162.75128
                  108.12                       159.18745
                  108.38                       155.52034
                  108.64                       151.75533
                   108.9                       147.94419
                  109.16                        144.1536
                  109.42                       140.42541
                  109.68                       136.74826
                  109.94                        133.0629
                   110.2                       129.29701
                  110.46                       125.41178
                  110.72                       121.42666
                  110.98                       117.40964
                  111.24                        113.4372
                   111.5                        109.5488
                  111.76                       105.71941
                  112.02                       101.87232
                  112.28                       97.925676
                  112.54                       93.845158
                   112.8                       89.666611
                  113.06                       85.477575
                  113.32                       81.366675
                  113.58                       77.368883
                  113.84                       73.440813
                   114.1                       69.482146
                  114.36                       65.397037
                  114.62                       61.156528
                  114.88                       56.818758
                  115.14                       52.498032
                   115.4                       48.297848
                  115.66                       44.246179
                  115.92                       40.267843
                  116.18                       36.221311
                  116.44                       31.984079
                   116.7                       27.530796
                  116.96                        22.94998
                  117.22                       18.395828
                  117.48                       13.997405
                  117.74                       9.7701184
                     118                       5.5819557
                  118.26                       1.2119461
                  118.52                       -3.523397
                  118.78                      -8.6629775
                  119.04                      -14.083525
                   119.3                      -19.575981
                  119.56                       -24.98123
                  119.82                       -30.33424
                  120.08                      -35.942205
                  120.34                      -42.309474
                   120.6                      -49.932948
                  120.86                      -59.131301
                  121.12                      -70.034139
                  121.38                      -82.735341
                  121.64                       -97.63925
                   121.9                      -116.65122
                  122.16                      -151.99488
                  122.42                       104.35749
                  122.68                       60.014701
                  122.94                       39.571892
                   123.2                       24.126483
                  123.46                       11.060494
                  123.72                     -0.16964734
                  123.98                      -9.6682002
                  124.24                       -17.51046
                   124.5                      -23.926903
                  124.76                      -29.347122
                  125.02                      -34.281141
                  125.28                       -39.11167
                  125.54                      -43.966461
                   125.8                      -48.747484
                  126.06                      -53.260326
                  126.32                       -57.35691
                  126.58                      -61.031439
                  126.84                      -64.430691
                   127.1                      -67.767649
                  127.36                      -71.197167
                  127.62                      -74.737501
                  127.88                      -78.287121
                  128.14                      -81.702872
               128.39999                      -84.892735
                  128.66                      -87.871025
                  128.92                        -90.7479
               129.17999                      -93.658326
                  129.44                      -96.678581
                   129.7                      -99.787246
               129.96001                      -102.89056
                  130.22                        -105.886
                  130.48                      -108.72682
               130.74001                       -111.4496
                     131                      -114.14944
               131.25999                      -116.91813
                  131.52                      -119.78746
                  131.78                      -122.71614
               132.03999                      -125.62044
                   132.3                      -128.42989
                  132.56                      -131.13038
               132.82001                      -133.77197
                  133.08                      -136.43575
                  133.34                      -139.18181
               133.60001                      -142.01268
                  133.86                      -144.87666
                  134.12                      -147.70348
                  134.38                      -150.44878
                  134.64                      -153.12185
               134.89999                      -155.77851
                  135.16                      -158.48469
                  135.42                      -161.27458
               135.67999                      -164.13069
                  135.94                      -166.99915
                   136.2                       -169.8239
               136.46001                      -172.58264
                  136.72                       -175.3004
                  136.98                      -178.03269
               137.24001                       179.17119
                   137.5                       176.29781
               137.75999                       173.37723
                  138.02                       170.46079
                  138.28                       167.58949
               138.53999                       164.76736
                   138.8                       161.96021
                  139.06                       159.11841
               139.32001                       156.20875
                  139.58                       153.23483
                  139.84                       150.23316
               140.10001                       147.24875
                  140.36                       144.30685
                  140.62                       141.39763
                  140.88                       138.48326
                  141.14                       135.52377
               141.39999                       132.50319
                  141.66                       129.43813
                  141.92                       126.36684
               142.17999                       123.32276
                  142.44                       120.31332
                   142.7                       117.31492
               142.96001                       114.28964
                  143.22                       111.21201
                  143.48                        108.0887
               143.74001                       104.95622
                     144                       101.86045
               144.25999                       98.828716
                  144.52                       95.851191
                  144.78                       92.884157
               145.03999                       89.875814
                   145.3                       86.797202
                  145.56                       83.658593
               145.82001                       80.503811
                  146.08                       77.384327
                  146.34                       74.330959
               146.60001                        71.33726
                  146.86                       68.365526
                  147.12                       65.371938
                  147.38                       62.334196
                  147.64                       59.264875
               147.89999                       56.202542
                  148.16                       53.187426
                  148.42                       50.237768
               148.67999                       47.339364
                  148.94                        44.45582
                   149.2                       41.552826
               149.46001                       38.620432
                  149.72                       35.678863
                  149.98                       32.765486
               150.24001                       29.911997
                   150.5                       27.125171
               150.75999                       24.383917
                  151.02                       21.653919
                  151.28                       18.911023
               151.53999                       16.157199
                   151.8                       13.420534
                  152.06                       10.738292
               152.32001                       8.1359348
                  152.58                       5.6133543
                  152.84                       3.1486941
               153.10001                      0.71583564
                  153.36                      -1.6935273
                  153.62                       -4.061035
                  153.88                      -6.3490933
                  154.14                      -8.5226239
               154.39999                      -10.570807
                  154.66                      -12.517356
                  154.92                      -14.410903
               155.17999                      -16.303247
                  155.44                      -18.227941
                   155.7                      -20.193831
               155.96001                      -22.194476
                  156.22                      -24.224517
                  156.48                      -26.291171
               156.74001                      -28.412134
                     157                       -30.60271
               157.25999                      -32.861591
                  157.52                      -35.166045
                  157.78                      -37.480005
               158.03999                      -39.770575
                   158.3                      -42.022242
                  158.56                      -44.242873
               158.82001                      -46.452578
                  159.08                      -48.669928
                  159.34                      -50.897118
               159.60001                      -53.118186
                  159.86                      -55.309528
                  160.12                      -57.454535
                  160.38                       -59.55408
                  160.64                       -61.62718
               160.89999                      -63.696565
                  161.16                      -65.776657
                  161.42                      -67.862213
               161.67999                      -69.934877
                  161.94                      -71.974096
                   162.2                      -73.972009
               162.46001                      -75.938011
                  162.72                      -77.894396
                  162.98                       -79.85996
               163.24001                       -81.83995
                   163.5                      -83.822126
               163.75999                      -85.785942
                  164.02                      -87.716754
                  164.28                      -89.614782
               164.53999                      -91.496636
                   164.8                      -93.383298
                  165.06                      -95.287227
               165.32001                      -97.204706
                  165.58                      -99.118471
                  165.84                      -101.00972
               166.10001                      -102.87125
                  166.36                      -104.71158
                  166.62                      -106.55037
                  166.88                      -108.40512
                  167.14                      -110.27998
               167.39999                      -112.16381
                  167.66                      -114.03757
                  167.92                       -115.8873
               168.17999                      -117.71407
                  168.44                      -119.53276
                   168.7                      -121.36259
               168.96001                      -123.21494
                  169.22                      -125.08565
                  169.48                      -126.95854
               169.74001                      -128.81635
                     170                      -130.65187
               170.25999                      -132.47427
                  170.52                      -134.30192
                  170.78                      -136.15077
               171.03999                      -138.02498
                   171.3                      -139.91339
                  171.56                       -141.7983
               171.82001                      -143.66704
                  172.08                      -145.52048
                  172.34                      -147.37283
               172.60001                      -149.24288
                  172.86                      -151.14047
                  173.12                      -153.06167
                  173.38                      -154.99051
                  173.64                      -156.91083
               173.89999                      -158.81607
                  174.16                      -160.71498
                  174.42                       -162.6248
               174.67999                      -164.56108
                  174.94                      -166.52708
                   175.2                      -168.51144
               175.46001                      -170.49712
                  175.72                      -172.47208
                  175.98                      -174.43721
               176.24001                      -176.40627
                   176.5                      -178.39784
               176.75999                       179.57889
                  177.02                       177.52852
                  177.28                        175.4657
               177.53999                        173.4068
                   177.8                       171.35797
                  178.06                        169.3111
               178.32001                       167.24936
                  178.58                       165.15768
                  178.84                       163.03279
               179.10001                       160.88581
                  179.36                       158.73425
                  179.62                       156.58968
                  179.88                       154.45188
                  180.14                       152.30709
               180.39999                       150.13804
                  180.66                       147.93534
                  180.92                       145.70334
               181.17999                       143.45735
                  181.44                       141.21355
                   181.7                        138.9785
               181.96001                       136.74453
                  182.22                       134.49549
                  182.48                       132.21694
               182.74001                       129.90648
                     183                        127.5746
               183.25999                         125.239
                  183.52                       122.91258
                  183.78                       120.59382
               184.03999                       118.27046
                   184.3                       115.92524
                  184.56                       113.54965
               184.82001                       111.14979
                  185.08                       108.74382
                  185.34                       106.34965
               185.60001                       103.97427
                  185.86                       101.60939
                  186.12                       99.234447
                  186.38                       96.830657
                  186.64                        94.39299
               186.89999                       91.934122
                  187.16                       89.475691
                  187.42                        87.03715
               187.67999                       84.624836
                  187.94                       82.227604
                   188.2                       79.826436
               188.46001                       77.406475
                  188.72                       74.966622
                  188.98                       72.520647
               189.24001                       70.088227
                   189.5                       67.681597
               189.75999                       65.300318
                  190.02                       62.930188
                  190.28                       60.554595
               190.53999                       58.165667
                   190.8                       55.769525
                  191.06                        53.38235
               191.32001                       51.020742
                  191.58                        48.69061
                  191.84                       46.384738
               192.10001                       44.087391
                  192.36                       41.785016
                  192.62                       39.475867
                  192.88                       37.171305
                  193.14                       34.888162
               193.39999                       32.638244
                  193.66                       30.420674
                  193.92                       28.223429
               194.17999                       26.030773
                  194.44                       23.834405
                   194.7                       21.639126
               194.96001                       19.458712
                  195.22                       17.308022
                  195.48                       15.192956
               195.74001                       13.106526
                     196                       11.033645
               196.25999                       8.9618587
                  196.52                       6.8891966
                  196.78                       4.8244032
               197.03999                       2.7832145
                   197.3                       0.7756854
                  197.56                      -1.1994959
               197.82001                      -3.1532578
                  198.08                      -5.1002444
                  198.34                      -7.0487604
               198.60001                      -8.9946547
                  198.86                      -10.925029
                  199.12                      -12.826991
                  199.38                      -14.695949
                  199.64                      -16.539115
               199.89999                      -18.370045
                  200.16                      -20.200534
                  200.42                        -22.0319
               200.67999                      -23.856053
                  200.94                      -25.658787
                   201.2                      -27.431355
               201.46001                      -29.175952
                  201.72                      -30.903714
                  201.98                      -32.628204
               202.24001                      -34.355528
                   202.5                      -36.081547
               202.75999                      -37.794009
                  203.02                      -39.481996
                  203.28                      -41.142003
               203.53999                      -42.782123
                   203.8                      -44.415469
                  204.06                      -46.051653
               204.32001                      -47.691338
                  204.58                      -49.324899
                  204.84                      -50.940322
               205.10001                      -52.531047
                  205.36                      -54.100129
                  205.62                      -55.659164
                  205.88                      -57.220161
                  206.14                      -58.787499
               206.39999                      -60.355709
                  206.66                      -61.912992
                  206.92                      -63.450168
               207.17999                       -64.96658
                  207.44                      -66.470969
                   207.7                      -67.976015
               207.96001                      -69.489804
                  208.22                      -71.010586
                  208.48                      -72.528745
               208.74001                      -74.034011
                     209                      -75.522007
               209.25999                      -76.999296
                  209.52                      -78.477677
                  209.78                      -79.968297
               210.03999                      -81.473124
                   210.3                      -82.985602
                  210.56                      -84.494582
               210.82001                      -85.993071
                  211.08                      -87.482598
                  211.34                      -88.971689
               211.60001                      -90.467555
                  211.86                      -91.970196
                  212.12                      -93.467811
                  212.38                      -94.942476
                  212.64                      -96.377362
               212.89999                      -97.766569
                  213.16                      -99.117088
                  213.42                      -100.44335
               213.67999                      -101.75933
                  213.94                      -103.07029
                   214.2                      -104.37491
               214.46001                      -105.66839
                  214.72                       -106.9505
                  214.98                      -108.22933
               215.24001                      -109.51755
                   215.5                      -110.82502
               215.75999                      -112.15215
                  216.02                      -113.49043
                  216.28                      -114.82784
               216.53999                      -116.15693
                   216.8                      -117.48057
                  217.06                       -118.8088
               217.32001                      -120.15232
                  217.58                      -121.51399
                  217.84                      -122.88658
               218.10001                      -124.25787
                  218.36                      -125.61888
                  218.62                      -126.97049
                  218.88                      -128.32298
                  219.14                      -129.68902
               219.39999                      -131.07428
                  219.66                      -132.47311
                  219.92                      -133.87237
               220.17999                      -135.26092
                  220.44                      -136.63788
                   220.7                      -138.01376
               220.96001                       -139.4034
                  221.22                      -140.81534
                  221.48                      -142.24585
               221.74001                      -143.67986
                     222                      -145.10251
               222.25999                       -146.5103
                  222.52                      -147.91393
                  222.78                      -149.33286
               223.03999                      -150.77998
                   223.3                      -152.25355
                  223.56                      -153.73565
               223.82001                      -155.20442
                  224.08                      -156.65132
                  224.34                      -158.08818
               224.60001                      -159.54098
                  224.86                      -161.03248
                  225.12                      -162.56485
                  225.38                      -164.11513
                  225.64                      -165.64969
               225.89999                      -167.14796
                  226.16                      -168.61978
                  226.42                      -170.10472
               226.67999                      -171.64561
                  226.94                      -173.25863
                   227.2                      -174.91623
               227.46001                      -176.55941
                  227.72                      -178.13462
                  227.98                      -179.63595
               228.24001                        178.8754
                   228.5                       177.29735
               228.75999                       175.54707
                  229.02                       173.62042
                  229.28                       171.61398
               229.53999                       169.69584
                   229.8                       168.03409
                  230.06                       166.71001
               230.32001                       165.65478
                  230.58                       164.65942
                  230.84                       163.47305
               231.10001                       161.93194
                  231.36                       160.03326
                  231.62                       157.91513
                  231.88                       155.77603
                  232.14                       153.78227
               232.39999                       151.99505
                  232.66                       150.35318
                  232.92                       148.72115
               233.17999                       146.97481
                  233.44                       145.07307
                   233.7                       143.06925
               233.96001                       141.06631
                  234.22                       139.14971
                  234.48                       137.33626
               234.74001                       135.56938
                     235                       133.75834
               235.25999                       131.84064
                  235.52                       129.81912
                  235.78                       127.75586
               236.03999                       125.72822
                   236.3                        123.7808
                  236.56                       121.89632
               236.82001                       120.01053
                  237.08                       118.05612
                  237.34                       116.00662
               237.60001                       113.89287
                  237.86                       111.78087
                  238.12                       109.72744
                  238.38                       107.74592
                  238.64                       105.79697
               238.89999                       103.81676
                  239.16                       101.76027
                  239.42                       99.630342
               239.67999                       97.475936
                  239.94                       95.357813
                   240.2                       93.310723
               240.46001                       91.321335
                  240.72                       89.336755
                  240.98                       87.301031
               241.24001                       85.193836
                   241.5                       83.041178
               241.75999                       80.899668
                  242.02                       78.818045
                  242.28                         76.8068
               242.53999                       74.831399
                   242.8                       72.835455
                  243.06                        70.78006
               243.32001                       68.668491
                  243.58                       66.544032
                  243.84                       64.461753
               244.10001                       62.452474
                  244.36                       60.502866
                  244.62                       58.565714
                  244.88                       56.590967
                  245.14                       54.560929
               245.39999                       52.500071
                  245.66                       50.459756
                  245.92                       48.484573
               246.17999                       46.583266
                  246.44                       44.723052
                   246.7                       42.852783
               246.96001                       40.936831
                  247.22                       38.978917
                  247.48                       37.020347
               247.74001                       35.110298
                     248                       33.275874
               248.25999                       31.503739
                  248.52                          29.748
                  248.78                       27.963844
               249.03999                        26.13532
                   249.3                       24.286472
                  249.56                        22.46516
               249.82001                       20.711167
                  250.08                       19.029739
                  250.34                       17.388744
               250.60001                       15.739008
                  250.86                       14.049712
                  251.12                       12.327191
                  251.38                       10.610138
                  251.64                       8.9446625
               251.89999                       7.3526292
                  252.16                       5.8172021
                  252.42                       4.2948889
               252.67999                       2.7439447
                  252.94                       1.1530024
                   253.2                     -0.45170953
               253.46001                      -2.0249483
                  253.72                      -3.5317423
                  253.98                      -4.9723112
               254.24001                      -6.3805325
                   254.5                      -7.8025236
               254.75999                      -9.2636373
                  255.02                      -10.753602
                  255.28                      -12.232638
               255.53999                      -13.658344
                   255.8                      -15.015641
                  256.06                      -16.324632
               256.32001                      -17.630127
               256.57999                      -18.968406
                  256.84                      -20.344719
               257.10001                      -21.728678
               257.35999                      -23.076354
                  257.62                      -24.359338
                  257.88                      -25.583747
               258.14001                      -26.786953
               258.39999                      -28.012234
                  258.66                      -29.278824
               258.92001                       -30.56989
               259.17999                      -31.843478
                  259.44                      -33.062639
               259.70001                      -34.219726
               259.95999                      -35.342721
                  260.22                      -36.476423
               260.48001                      -37.652525
               260.73999                       -38.86863
                     261                      -40.090849
               261.26001                      -41.276567
               261.51999                      -42.405247
                  261.78                      -43.491736
               262.04001                      -44.576261
               262.29999                      -45.696849
                  262.56                      -46.863558
               262.82001                      -48.050153
               263.07999                      -49.212483
                  263.34                      -50.317339
               263.60001                      -51.364924
               263.85999                       -52.38847
                  264.12                      -53.431466
                  264.38                      -54.516865
               264.64001                      -55.631988
               264.89999                      -56.737716
                  265.16                      -57.794044
               265.42001                      -58.787864
               265.67999                      -59.743216
                  265.94                      -60.704687
               266.20001                      -61.706377
               266.45999                      -62.749591
                  266.72                      -63.801114
               266.98001                      -64.817227
               267.23999                      -65.772142
                   267.5                      -66.677878
               267.76001                       -67.57553
               268.01999                      -68.506623
                  268.28                      -69.485579
               268.54001                      -70.489672
               268.79999                      -71.473873
                  269.06                       -72.40278
               269.32001                      -73.274202
               269.57999                      -74.122019
                  269.84                      -74.992569
               270.10001                      -75.912951
               270.35999                      -76.871799
                  270.62                      -77.827808
                  270.88                      -78.737699
               271.14001                      -79.585954
               271.39999                      -80.395741
                  271.66                      -81.214707
               271.92001                       -82.08001
               272.17999                      -82.994491
                  272.44                      -83.923177
               272.70001                      -84.818425
               272.95999                      -85.651818
                  273.22                      -86.434502
               273.48001                      -87.209975
               273.73999                      -88.024351
                     274                      -88.894245
               274.26001                      -89.794955
               274.51999                      -90.677743
                  274.78                      -91.502612
               275.04001                      -92.267374
               275.29999                      -93.008313
                  275.56                      -93.776573
               275.82001                      -94.602315
               276.07999                      -95.472864
                  276.34                      -96.342975
               276.60001                      -97.164566
               276.85999                      -97.919712
                  277.12                      -98.635078
                  277.38                      -99.362465
               277.64001                       -100.1445
               277.89999                      -100.98313
                  278.16                      -101.83969
               278.42001                      -102.65997
               278.67999                      -103.41293
                  278.94                      -104.11103
               279.20001                      -104.80454
               279.45999                      -105.54439
                  279.72                      -106.34893
               279.98001                      -107.18888
               280.23999                       -108.0096
                   280.5                      -108.76583
               280.76001                      -109.45606
               281.01999                      -110.12225
                  281.28                      -110.82298
               281.54001                      -111.59124
               281.79999                      -112.41195
                  282.06                      -113.23179
               282.32001                      -113.99612
               282.57999                      -114.68613
                  282.84                      -115.33353
               283.10001                      -115.99884
               283.35999                       -116.7295
                  283.62                      -117.52684
                  283.88                      -118.34383
               284.14001                      -119.11865
               284.39999                      -119.81588
                  284.66                      -120.45278
               284.92001                      -121.08793
               285.17999                      -121.78122
                  285.44                      -122.55079
               285.70001                      -123.36124
               285.95999                      -124.14742
                  286.22                       -124.8582
               286.48001                      -125.49335
               286.73999                      -126.10533
                     287                      -126.76169
               287.26001                          -127.5
               287.51999                       -128.2993
                  287.78                      -129.09554
               288.04001                      -129.82467
               288.29999                      -130.46704
                  288.56                      -131.06307
               288.82001                      -131.68554
               289.07999                      -132.38911
                  289.34                      -133.17158
               289.60001                      -133.97524
               289.85999                       -134.7258
                  290.12                      -135.38368
                  290.38                      -135.97272
               290.64001                      -136.56547
               290.89999                       -137.2321
                  291.16                      -137.99161
               291.42001                       -138.7979
               291.67999                      -139.57075
                  291.94                      -140.25136
               292.20001                      -140.84324
               292.45999                      -141.41217
                  292.72                      -142.04098
               292.98001                      -142.77121
               293.23999                      -143.57378
                   293.5                      -144.36784
               293.76001                      -145.07709
               294.01999                      -145.68164
                  294.28                      -146.23439
               294.54001                      -146.82583
               294.79999                      -147.52065
                  295.06                      -148.31121
               295.32001                      -149.12296
               295.57999                      -149.86478
                  295.84                      -150.49119
               296.10001                      -151.03694
               296.35999                      -151.59385
                  296.62                       -152.2478
                  296.88                      -153.01716
               297.14001                      -153.83962
               297.39999                      -154.61444
                  297.66                      -155.27166
               297.92001                      -155.82004
               298.17999                      -156.34679
                  298.44                      -156.95506
               298.70001                      -157.69228
               298.95999                      -158.51584
                  299.22                      -159.32169
               299.48001                      -160.01564
               299.73999                      -160.57713
                     300                       -161.0794

