0.050140 409.148149
0.050400 418.941501
0.050660 428.931427
0.050920 439.127387
0.051180 449.538382
0.051440 460.172561
0.051700 471.037200
0.051960 482.139133
0.052220 493.483700
0.052480 505.075681
0.052740 516.918727
0.053000 529.016372
0.053260 541.372660
0.053520 553.992684
0.053780 566.884442
0.054040 580.058100
0.054300 593.527725
0.054560 607.310096
0.054820 621.425545
0.055080 635.897101
0.055340 650.750909
0.055600 666.016282
0.055860 681.726330
0.056120 697.917544
0.056380 714.630360
0.056640 731.908649
0.056900 749.799373
0.057160 768.352310
0.057420 787.619691
0.057680 807.656852
0.057940 828.522654
0.058200 850.280666
0.058460 873.000112
0.058720 896.757056
0.058980 921.635340
0.059240 947.727000
0.059500 975.133273
0.059760 1003.965890
0.060020 1034.348606
0.060280 1066.418779
0.060540 1100.330746
0.060800 1136.256434
0.061060 1174.390978
0.061320 1214.952676
0.061580 1258.183534
0.061840 1304.356604
0.062100 1353.774509
0.062360 1406.771957
0.062620 1463.721793
0.062880 1525.033395
0.063140 1591.156940
0.063400 1662.576450
0.063660 1739.801174
0.063920 1823.345757
0.064180 1913.694311
0.064440 2011.244806
0.064700 2116.211303
0.064960 2228.491519
0.065220 2347.457975
0.065480 2471.675601
0.065740 2598.551532
0.066000 2723.947943
0.066260 2841.892354
0.066520 2944.611243
0.066780 3023.167294
0.067040 3068.897962
0.067300 3075.451548
0.067560 3040.686403
0.067820 2967.484048
0.068080 2862.985793
0.068340 2736.655880
0.068600 2598.144095
0.068860 2455.755658
0.069120 2315.765653
0.069380 2182.408180
0.069640 2058.219675
0.069900 1944.480526
0.070160 1841.621668
0.070420 1749.538845
0.070680 1667.817497
0.070940 1595.882631
0.071200 1533.092136
0.071460 1478.791681
0.071720 1432.344609
0.071980 1393.144807
0.072240 1360.620112
0.072500 1334.229640
0.072760 1313.458398
0.073020 1297.811859
0.073280 1286.811502
0.073540 1279.990980
0.073800 1276.895387
0.074060 1277.079606
0.074320 1280.110685
0.074580 1285.567105
0.074840 1293.041772
0.075100 1302.143083
0.075360 1312.497731
0.075620 1323.753389
0.075880 1335.582262
0.076140 1347.684885
0.076400 1359.792121
0.076660 1371.667807
0.076920 1383.108252
0.077180 1393.940353
0.077440 1404.019631
0.077700 1413.227093
0.077960 1421.465537
0.078220 1428.657291
0.078480 1434.740976
0.078740 1439.668607
0.079000 1443.403177
0.079260 1445.914507
0.079520 1447.176729
0.079780 1447.165447
0.080040 1445.857337
0.080300 1443.229760
0.080560 1439.261928
0.080820 1433.937318
0.081080 1427.244313
0.081340 1419.177944
0.081600 1409.740080
0.081860 1398.939328
0.082120 1386.791621
0.082380 1373.320112
0.082640 1358.555883
0.082900 1342.538849
0.083160 1325.317373
0.083420 1306.947846
0.083680 1287.493916
0.083940 1267.024536
0.084200 1245.612888
0.084460 1223.334897
0.084720 1200.269403
0.084980 1176.497389
0.085240 1152.102879
0.085500 1127.171549
0.085760 1101.791277
0.086020 1076.050774
0.086280 1050.039093
0.086540 1023.844526
0.086800 997.554930
0.087060 971.256603
0.087320 945.036087
0.087580 918.978870
0.087840 893.170664
0.088100 867.696372
0.088360 842.640409
0.088620 818.085969
0.088880 794.114985
0.089140 770.807645
0.089400 748.242502
0.089660 726.496063
0.089920 705.642870
0.090180 685.754777
0.090440 666.899910
0.090700 649.142113
0.090960 632.539298
0.091220 617.142668
0.091480 602.995801
0.091740 590.133239
0.092000 578.580568
0.092260 568.353305
0.092520 559.456450
0.092780 551.883526
0.093040 545.616072
0.093300 540.623120
0.093560 536.860389
0.093820 534.270610
0.094080 532.784006
0.094340 532.318988
0.094600 532.783910
0.094860 534.078292
0.095120 536.095040
0.095380 538.722676
0.095640 541.847769
0.095900 545.357315
0.096160 549.141743
0.096420 553.097486
0.096680 557.128950
0.096940 561.150367
0.097200 565.086592
0.097460 568.873201
0.097720 572.456022
0.097980 575.789918
0.098240 578.838105
0.098500 581.570560
0.098760 583.963195
0.099020 585.997187
0.099280 587.657863
0.099540 588.934237
0.099800 589.818321
0.100060 590.304824
0.100320 590.390776
0.100580 590.075664
0.100840 589.361800
0.101100 588.254512
0.101360 586.762151
0.101620 584.896205
0.101880 582.671255
0.102140 580.103645
0.102400 577.211827
0.102660 574.015191
0.102920 570.534001
0.103180 566.789349
0.103440 562.802749
0.103700 558.596690
0.103960 554.194073
0.104220 549.617965
0.104480 544.891819
0.104740 540.039092
0.105000 535.083022
0.105260 530.047179
0.105520 524.955482
0.105780 519.832638
0.106040 514.704015
0.106300 509.595912
0.106560 504.535163
0.106820 499.548907
0.107080 494.664096
0.107340 489.907801
0.107600 485.306385
0.107860 480.885646
0.108120 476.671244
0.108380 472.687275
0.108640 468.956798
0.108900 465.500714
0.109160 462.337314
0.109420 459.481921
0.109680 456.946231
0.109940 454.737860
0.110200 452.860822
0.110460 451.315094
0.110720 450.095999
0.110980 449.194893
0.111240 448.598318
0.111500 448.288280
0.111760 448.242138
0.112020 448.433564
0.112280 448.832837
0.112540 449.407901
0.112800 450.125229
0.113060 450.950715
0.113320 451.850624
0.113580 452.791941
0.113840 453.743484
0.114100 454.676450
0.114360 455.565241
0.114620 456.388247
0.114880 457.128350
0.115140 457.773401
0.115400 458.316241
0.115660 458.754512
0.115920 459.090741
0.116180 459.331859
0.116440 459.489462
0.116700 459.579775
0.116960 459.624181
0.117220 459.649306
0.117480 459.687481
0.117740 459.776478
0.118000 459.959596
0.118260 460.285298
0.118520 460.806527
0.118780 461.580253
0.119040 462.666220
0.119300 464.126070
0.119560 466.021318
0.119820 468.411621
0.120080 471.352460
0.120340 474.892907
0.120600 479.074007
0.120860 483.927128
0.121120 489.473616
0.121380 495.724423
0.121640 502.681180
0.121900 510.336541
0.122160 518.675812
0.122420 527.678250
0.122680 537.318422
0.122940 547.567470
0.123200 558.394581
0.123460 569.768355
0.123720 581.657421
0.123980 594.032117
0.124240 606.864630
0.124500 620.128110
0.124760 633.797760
0.125020 647.849461
0.125280 662.260165
0.125540 677.006211
0.125800 692.064753
0.126060 707.412502
0.126320 723.026423
0.126580 738.883072
0.126840 754.958785
0.127100 771.229103
0.127360 787.668675
0.127620 804.251065
0.127880 820.948662
0.128140 837.733470
0.128400 854.577736
0.128660 871.453225
0.128920 888.333297
0.129180 905.190629
0.129440 921.998894
0.129700 938.730788
0.129960 955.359905
0.130220 971.858223
0.130480 988.199052
0.130740 1004.355357
0.131000 1020.300538
0.131260 1036.007508
0.131520 1051.448295
0.131780 1066.592919
0.132040 1081.408328
0.132300 1095.857638
0.132560 1109.899245
0.132820 1123.487262
0.133080 1136.570687
0.133340 1149.092525
0.133600 1160.989815
0.133860 1172.191560
0.134120 1182.618980
0.134380 1192.185344
0.134640 1200.796539
0.134900 1208.353675
0.135160 1214.755115
0.135420 1219.900337
0.135680 1223.693149
0.135940 1226.044631
0.136200 1226.878306
0.136460 1226.132162
0.136720 1223.763654
0.136980 1219.753723
0.137240 1214.109743
0.137500 1206.867707
0.137760 1198.093354
0.138020 1187.879774
0.138280 1176.345374
0.138540 1163.629731
0.138800 1149.889346
0.139060 1135.292607
0.139320 1120.016130
0.139580 1104.239891
0.139840 1088.143805
0.140100 1071.904616
0.140360 1055.690385
0.140620 1039.661878
0.140880 1023.967270
0.141140 1008.742933
0.141400 994.114219
0.141660 980.196713
0.141920 967.096469
0.142180 954.914048
0.142440 943.743936
0.142700 933.677766
0.142960 924.804323
0.143220 917.212692
0.143480 910.991324
0.143740 906.231043
0.144000 903.024396
0.144260 901.465205
0.144520 901.647807
0.144780 903.661807
0.145040 907.587557
0.145300 913.487552
0.145560 921.395488
0.145820 931.304918
0.146080 943.152583
0.146340 956.802938
0.146600 972.031221
0.146860 988.508390
0.147120 1005.791605
0.147380 1023.324213
0.147640 1040.449199
0.147900 1056.439146
0.148160 1070.544367
0.148420 1082.054038
0.148680 1090.360325
0.148940 1095.019615
0.149200 1095.790181
0.149460 1092.646429
0.149720 1085.762155
0.149980 1075.475283
0.150240 1062.233158
0.150500 1046.543349
0.150760 1028.924088
0.151020 1009.869460
0.151280 989.826311
0.151540 969.180652
0.151800 948.253607
0.152060 927.304101
0.152320 906.532646
0.152580 886.090608
0.152840 866.087050
0.153100 846.599242
0.153360 827.677632
0.153620 809.352905
0.153880 791.640884
0.154140 774.545244
0.154400 758.061162
0.154660 742.176231
0.154920 726.873350
0.155180 712.131156
0.155440 697.927293
0.155700 684.237817
0.155960 671.038886
0.156220 658.307076
0.156480 646.018599
0.156740 634.149757
0.157000 622.675868
0.157260 611.572865
0.157520 600.816397
0.157780 590.383975
0.158040 580.253331
0.158300 570.403797
0.158560 560.817197
0.158820 551.475550
0.159080 542.361263
0.159340 533.457740
0.159600 524.748851
0.159860 516.220441
0.160120 507.858723
0.160380 499.654085
0.160640 491.597694
0.160900 483.683598
0.161160 475.907077
0.161420 468.264615
0.161680 460.753805
0.161940 453.373273
0.162200 446.123326
0.162460 439.005938
0.162720 432.025868
0.162980 425.188952
0.163240 418.503018
0.163500 411.975646
0.163760 405.614587
0.164020 399.427047
0.164280 393.419275
0.164540 387.597933
0.164800 381.969787
0.165060 376.542159
0.165320 371.322010
0.165580 366.315103
0.165840 361.525909
0.166100 356.956615
0.166360 352.608179
0.166620 348.479310
0.166880 344.569232
0.167140 340.877144
0.167400 337.402954
0.167660 334.147282
0.167920 331.109344
0.168180 328.287759
0.168440 325.679747
0.168700 323.281368
0.168960 321.088971
0.169220 319.099382
0.169480 317.311616
0.169740 315.724878
0.170000 314.338425
0.170260 313.149581
0.170520 312.152721
0.170780 311.339055
0.171040 310.697498
0.171300 310.215917
0.171560 309.882663
0.171820 309.686549
0.172080 309.616179
0.172340 309.659127
0.172600 309.802065
0.172860 310.033301
0.173120 310.348914
0.173380 310.761555
0.173640 311.309984
0.173900 312.066128
0.174160 313.136401
0.174420 314.654393
0.174680 316.766364
0.174940 319.610650
0.175200 323.296087
0.175460 327.884948
0.175720 333.384896
0.175980 339.750884
0.176240 346.895936
0.176500 354.710952
0.176760 363.081150
0.177020 371.903960
0.177280 381.098286
0.177540 390.607541
0.177800 400.396980
0.178060 410.448344
0.178320 420.752725
0.178580 431.304931
0.178840 442.103224
0.179100 453.145859
0.179360 464.435528
0.179620 475.978853
0.179880 487.785876
0.180140 499.869024
0.180400 512.242537
0.180660 524.918357
0.180920 537.907246
0.181180 551.218984
0.181440 564.864724
0.181700 578.856625
0.181960 593.210412
0.182220 607.944977
0.182480 623.081940
0.182740 638.642073
0.183000 654.648078
0.183260 671.120288
0.183520 688.078690
0.183780 705.546149
0.184040 723.548523
0.184300 742.113536
0.184560 761.272088
0.184820 781.058131
0.185080 801.503160
0.185340 822.639499
0.185600 844.494619
0.185860 867.097430
0.186120 890.474795
0.186380 914.656276
0.186640 939.670820
0.186900 965.552166
0.187160 992.331894
0.187420 1020.041776
0.187680 1048.711838
0.187940 1078.375826
0.188200 1109.064424
0.188460 1140.819575
0.188720 1173.690115
0.188980 1207.733054
0.189240 1243.014799
0.189500 1279.612973
0.189760 1317.607623
0.190020 1357.079601
0.190280 1398.112717
0.190540 1440.781953
0.190800 1485.158109
0.191060 1531.290418
0.191320 1579.200647
0.191580 1628.860259
0.191840 1680.166557
0.192100 1732.914418
0.192360 1786.759208
0.192620 1841.186306
0.192880 1895.471648
0.193140 1948.654939
0.193400 1999.514715
0.193660 2046.557124
0.193920 2088.049220
0.194180 2122.082704
0.194440 2146.703717
0.194700 2160.095525
0.194960 2160.796893
0.195220 2147.907172
0.195480 2121.244104
0.195740 2081.388172
0.196000 2029.613438
0.196260 1967.732419
0.196520 1897.863871
0.196780 1822.232119
0.197040 1742.967764
0.197300 1661.988153
0.197560 1580.921437
0.197820 1501.089104
0.198080 1423.524270
0.198340 1349.003756
0.198600 1278.097937
0.198860 1211.228556
0.199120 1148.709230
0.199380 1090.788846
0.199640 1037.684228
0.199900 989.596886
0.200160 946.725938
0.200420 909.268156
0.200680 877.406464
0.200940 851.295984
0.201200 831.043369
0.201460 816.679002
0.201720 808.141308
0.201980 805.258310
0.202240 807.748145
0.202500 815.227269
0.202760 827.232018
0.203020 843.242909
0.203280 862.718274
0.203540 885.118108
0.203800 909.927656
0.204060 936.670031
0.204320 964.914487
0.204580 994.274937
0.204840 1024.407204
0.205100 1055.001853
0.205360 1085.775989
0.205620 1116.464444
0.205880 1146.810977
0.206140 1176.560333
0.206400 1205.452962
0.206660 1233.216809
0.206920 1259.566982
0.207180 1284.205789
0.207440 1306.826728
0.207700 1327.117698
0.207960 1344.776902
0.208220 1359.522452
0.208480 1371.107320
0.208740 1379.330443
0.209000 1384.056019
0.209260 1385.215767
0.209520 1382.816778
0.209780 1376.940849
0.210040 1367.744040
0.210300 1355.438393
0.210560 1340.294084
0.210820 1322.612780
0.211080 1302.720703
0.211340 1280.953086
0.211600 1257.637559
0.211860 1233.093221
0.212120 1207.609380
0.212380 1181.454745
0.212640 1154.866483
0.212900 1128.050094
0.213160 1101.181605
0.213420 1074.412412
0.213680 1047.862059
0.213940 1021.631578
0.214200 995.797175
0.214460 970.421396
0.214720 945.544555
0.214980 921.196302
0.215240 897.396261
0.215500 874.152163
0.215760 851.463942
0.216020 829.328097
0.216280 807.732886
0.216540 786.663917
0.216800 766.102211
0.217060 746.029609
0.217320 726.422206
0.217580 707.259370
0.217840 688.516539
0.218100 670.173063
0.218360 652.208110
0.218620 634.602712
0.218880 617.338827
0.219140 600.400671
0.219400 583.775402
0.219660 567.452752
0.219920 551.424762
0.220180 535.687042
0.220440 520.240723
0.220700 505.089501
0.220960 490.241896
0.221220 475.711293
0.221480 461.517240
0.221740 447.683916
0.222000 434.242283
0.222260 421.229012
0.222520 408.691562
0.222780 396.683982
0.223040 385.272246
0.223300 374.531308
0.223560 364.548329
0.223820 355.423491
0.224080 347.267484
0.224340 340.204533
0.224600 334.369479
0.224860 329.905244
0.225120 326.960904
0.225380 325.687013
0.225640 326.228403
0.225900 328.719877
0.226160 333.279612
0.226420 340.004889
0.226680 348.969024
0.226940 360.220604
0.227200 373.783534
0.227460 389.658794
0.227720 407.825953
0.227980 428.243891
0.228240 450.850862
0.228500 475.562486
0.228760 502.268278
0.229020 530.826119
0.229280 561.055399
0.229540 592.728313
0.229800 625.561166
0.230060 659.205766
0.230320 693.243248
0.230580 727.181750
0.230840 760.460788
0.231100 792.463964
0.231360 822.541242
0.231620 850.040558
0.231880 874.346953
0.232140 894.923434
0.232400 911.351228
0.232660 923.357772
0.232920 930.836379
0.233180 933.842130
0.233440 932.581779
0.233700 927.381860
0.233960 918.656752
0.234220 906.870830
0.234480 892.504580
0.234740 876.027695
0.235000 857.877835
0.235260 838.450128
0.235520 818.088047
0.235780 797.086774
0.236040 775.692515
0.236300 754.106400
0.236560 732.493112
0.236820 710.983267
0.237080 689.679643
0.237340 668.661902
0.237600 647.992777
0.237860 627.718222
0.238120 607.875004
0.238380 588.491051
0.238640 569.588279
0.238900 551.182002
0.239160 533.286290
0.239420 515.911564
0.239680 499.063714
0.239940 482.749348
0.240200 466.973103
0.240460 451.739142
0.240720 437.049393
0.240980 422.908157
0.241240 409.318847
0.241500 396.283549
0.241760 383.805505
0.242020 371.889307
0.242280 360.537402
0.242540 349.755028
0.242800 339.549590
0.243060 329.928631
0.243320 320.904961
0.243580 312.492869
0.243840 304.710760
0.244100 297.580619
0.244360 291.128554
0.244620 285.384023
0.244880 280.381613
0.245140 276.159475
0.245400 272.759225
0.245660 270.224503
0.245920 268.600712
0.246180 267.932212
0.246440 268.261257
0.246700 269.626348
0.246960 272.061101
0.247220 275.593822
0.247480 280.246239
0.247740 286.034221
0.248000 292.967525
0.248260 301.050135
0.248520 310.281507
0.248780 320.656973
0.249040 332.169895
0.249300 344.811489
0.249560 358.573914
0.249820 373.449973
0.250080 389.433002
