0.050140 1.035966
0.050400 1.042859
0.050660 1.049451
0.050920 1.055745
0.051180 1.061742
0.051440 1.067445
0.051700 1.072853
0.051960 1.077967
0.052220 1.082789
0.052480 1.087323
0.052740 1.091573
0.053000 1.095549
0.053260 1.099264
0.053520 1.102734
0.053780 1.105979
0.054040 1.109017
0.054300 1.111868
0.054560 1.114549
0.054820 1.117076
0.055080 1.119462
0.055340 1.121716
0.055600 1.123848
0.055860 1.125861
0.056120 1.127759
0.056380 1.129540
0.056640 1.131198
0.056900 1.132722
0.057160 1.134100
0.057420 1.135316
0.057680 1.136352
0.057940 1.137188
0.058200 1.137805
0.058460 1.138182
0.058720 1.138296
0.058980 1.138120
0.059240 1.137625
0.059500 1.136780
0.059760 1.135548
0.060020 1.133888
0.060280 1.131755
0.060540 1.129100
0.060800 1.125862
0.061060 1.121975
0.061320 1.117359
0.061580 1.111923
0.061840 1.105556
0.062100 1.098133
0.062360 1.089508
0.062620 1.079510
0.062880 1.067939
0.063140 1.054562
0.063400 1.039104
0.063660 1.021241
0.063920 1.000590
0.064180 0.976704
0.064440 0.949062
0.064700 0.917066
0.064960 0.880043
0.065220 0.837255
0.065480 0.787937
0.065740 0.731355
0.066000 0.666917
0.066260 0.594335
0.066520 0.513831
0.066780 0.426352
0.067040 0.333707
0.067300 0.238519
0.067560 0.143951
0.067820 0.053227
0.068080 -0.030859
0.068340 -0.106288
0.068600 -0.171922
0.068860 -0.227405
0.069120 -0.272967
0.069380 -0.309205
0.069640 -0.336915
0.069900 -0.356968
0.070160 -0.370241
0.070420 -0.377572
0.070680 -0.379754
0.070940 -0.377525
0.071200 -0.371576
0.071460 -0.362557
0.071720 -0.351082
0.071980 -0.337736
0.072240 -0.323073
0.072500 -0.307623
0.072760 -0.291883
0.073020 -0.276311
0.073280 -0.261325
0.073540 -0.247295
0.073800 -0.234537
0.074060 -0.223312
0.074320 -0.213823
0.074580 -0.206220
0.074840 -0.200602
0.075100 -0.197018
0.075360 -0.195474
0.075620 -0.195941
0.075880 -0.198354
0.076140 -0.202627
0.076400 -0.208650
0.076660 -0.216306
0.076920 -0.225468
0.077180 -0.236010
0.077440 -0.247809
0.077700 -0.260746
0.077960 -0.274711
0.078220 -0.289602
0.078480 -0.305324
0.078740 -0.321792
0.079000 -0.338930
0.079260 -0.356672
0.079520 -0.374956
0.079780 -0.393729
0.080040 -0.412939
0.080300 -0.432536
0.080560 -0.452470
0.080820 -0.472690
0.081080 -0.493142
0.081340 -0.513774
0.081600 -0.534530
0.081860 -0.555353
0.082120 -0.576187
0.082380 -0.596973
0.082640 -0.617649
0.082900 -0.638155
0.083160 -0.658428
0.083420 -0.678406
0.083680 -0.698026
0.083940 -0.717228
0.084200 -0.735952
0.084460 -0.754138
0.084720 -0.771726
0.084980 -0.788655
0.085240 -0.804862
0.085500 -0.820285
0.085760 -0.834860
0.086020 -0.848524
0.086280 -0.861213
0.086540 -0.872863
0.086800 -0.883408
0.087060 -0.892782
0.087320 -0.900918
0.087580 -0.907745
0.087840 -0.913195
0.088100 -0.917199
0.088360 -0.919691
0.088620 -0.920605
0.088880 -0.919882
0.089140 -0.917466
0.089400 -0.913310
0.089660 -0.907374
0.089920 -0.899631
0.090180 -0.890070
0.090440 -0.878697
0.090700 -0.865539
0.090960 -0.850649
0.091220 -0.834105
0.091480 -0.816014
0.091740 -0.796508
0.092000 -0.775750
0.092260 -0.753929
0.092520 -0.731257
0.092780 -0.707970
0.093040 -0.684317
0.093300 -0.660560
0.093560 -0.636963
0.093820 -0.613787
0.094080 -0.591278
0.094340 -0.569664
0.094600 -0.549145
0.094860 -0.529889
0.095120 -0.512029
0.095380 -0.495663
0.095640 -0.480848
0.095900 -0.467608
0.096160 -0.455932
0.096420 -0.445780
0.096680 -0.437089
0.096940 -0.429776
0.097200 -0.423747
0.097460 -0.418902
0.097720 -0.415139
0.097980 -0.412355
0.098240 -0.410452
0.098500 -0.409336
0.098760 -0.408917
0.099020 -0.409111
0.099280 -0.409840
0.099540 -0.411029
0.099800 -0.412607
0.100060 -0.414507
0.100320 -0.416664
0.100580 -0.419016
0.100840 -0.421499
0.101100 -0.424055
0.101360 -0.426623
0.101620 -0.429147
0.101880 -0.431573
0.102140 -0.433851
0.102400 -0.435935
0.102660 -0.437781
0.102920 -0.439347
0.103180 -0.440596
0.103440 -0.441490
0.103700 -0.441995
0.103960 -0.442078
0.104220 -0.441707
0.104480 -0.440855
0.104740 -0.439493
0.105000 -0.437596
0.105260 -0.435138
0.105520 -0.432096
0.105780 -0.428447
0.106040 -0.424169
0.106300 -0.419246
0.106560 -0.413662
0.106820 -0.407409
0.107080 -0.400483
0.107340 -0.392883
0.107600 -0.384617
0.107860 -0.375697
0.108120 -0.366143
0.108380 -0.355980
0.108640 -0.345245
0.108900 -0.333981
0.109160 -0.322239
0.109420 -0.310080
0.109680 -0.297569
0.109940 -0.284777
0.110200 -0.271779
0.110460 -0.258653
0.110720 -0.245477
0.110980 -0.232329
0.111240 -0.219287
0.111500 -0.206421
0.111760 -0.193797
0.112020 -0.181471
0.112280 -0.169488
0.112540 -0.157879
0.112800 -0.146667
0.113060 -0.135856
0.113320 -0.125444
0.113580 -0.115411
0.113840 -0.105730
0.114100 -0.096360
0.114360 -0.087252
0.114620 -0.078348
0.114880 -0.069585
0.115140 -0.060892
0.115400 -0.052198
0.115660 -0.043429
0.115920 -0.034512
0.116180 -0.025373
0.116440 -0.015939
0.116700 -0.006139
0.116960 0.004096
0.117220 0.014832
0.117480 0.026129
0.117740 0.038041
0.118000 0.050610
0.118260 0.063867
0.118520 0.077828
0.118780 0.092490
0.119040 0.107831
0.119300 0.123808
0.119560 0.140353
0.119820 0.157375
0.120080 0.174760
0.120340 0.192376
0.120600 0.210075
0.120860 0.227701
0.121120 0.245098
0.121380 0.262110
0.121640 0.278596
0.121900 0.294425
0.122160 0.309484
0.122420 0.323678
0.122680 0.336934
0.122940 0.349193
0.123200 0.360417
0.123460 0.370583
0.123720 0.379680
0.123980 0.387708
0.124240 0.394677
0.124500 0.400598
0.124760 0.405488
0.125020 0.409366
0.125280 0.412251
0.125540 0.414165
0.125800 0.415128
0.126060 0.415163
0.126320 0.414293
0.126580 0.412539
0.126840 0.409925
0.127100 0.406470
0.127360 0.402196
0.127620 0.397126
0.127880 0.391280
0.128140 0.384682
0.128400 0.377355
0.128660 0.369322
0.128920 0.360606
0.129180 0.351229
0.129440 0.341211
0.129700 0.330572
0.129960 0.319329
0.130220 0.307500
0.130480 0.295100
0.130740 0.282145
0.131000 0.268646
0.131260 0.254616
0.131520 0.240060
0.131780 0.224985
0.132040 0.209391
0.132300 0.193281
0.132560 0.176654
0.132820 0.159509
0.133080 0.141847
0.133340 0.123667
0.133600 0.104970
0.133860 0.085758
0.134120 0.066039
0.134380 0.045823
0.134640 0.025130
0.134900 0.003989
0.135160 -0.017561
0.135420 -0.039469
0.135680 -0.061670
0.135940 -0.084090
0.136200 -0.106639
0.136460 -0.129216
0.136720 -0.151709
0.136980 -0.173994
0.137240 -0.195940
0.137500 -0.217410
0.137760 -0.238267
0.138020 -0.258375
0.138280 -0.277604
0.138540 -0.295832
0.138800 -0.312948
0.139060 -0.328855
0.139320 -0.343466
0.139580 -0.356713
0.139840 -0.368541
0.140100 -0.378910
0.140360 -0.387799
0.140620 -0.395200
0.140880 -0.401120
0.141140 -0.405577
0.141400 -0.408603
0.141660 -0.410236
0.141920 -0.410527
0.142180 -0.409534
0.142440 -0.407326
0.142700 -0.403982
0.142960 -0.399594
0.143220 -0.394266
0.143480 -0.388119
0.143740 -0.381291
0.144000 -0.373939
0.144260 -0.366250
0.144520 -0.358434
0.144780 -0.350738
0.145040 -0.343442
0.145300 -0.336861
0.145560 -0.331346
0.145820 -0.327273
0.146080 -0.325038
0.146340 -0.325041
0.146600 -0.327665
0.146860 -0.333254
0.147120 -0.342086
0.147380 -0.354342
0.147640 -0.370081
0.147900 -0.389218
0.148160 -0.411511
0.148420 -0.436569
0.148680 -0.463875
0.148940 -0.492812
0.149200 -0.522722
0.149460 -0.552944
0.149720 -0.582868
0.149980 -0.611962
0.150240 -0.639797
0.150500 -0.666052
0.150760 -0.690509
0.151020 -0.713042
0.151280 -0.733603
0.151540 -0.752202
0.151800 -0.768895
0.152060 -0.783767
0.152320 -0.796922
0.152580 -0.808474
0.152840 -0.818540
0.153100 -0.827232
0.153360 -0.834660
0.153620 -0.840925
0.153880 -0.846125
0.154140 -0.850347
0.154400 -0.853676
0.154660 -0.856186
0.154920 -0.857948
0.155180 -0.859023
0.155440 -0.859469
0.155700 -0.859334
0.155960 -0.858664
0.156220 -0.857501
0.156480 -0.855883
0.156740 -0.853846
0.157000 -0.851421
0.157260 -0.848636
0.157520 -0.845517
0.157780 -0.842081
0.158040 -0.838343
0.158300 -0.834317
0.158560 -0.830010
0.158820 -0.825432
0.159080 -0.820585
0.159340 -0.815473
0.159600 -0.810093
0.159860 -0.804439
0.160120 -0.798499
0.160380 -0.792259
0.160640 -0.785703
0.160900 -0.778813
0.161160 -0.771570
0.161420 -0.763956
0.161680 -0.755950
0.161940 -0.747530
0.162200 -0.738672
0.162460 -0.729351
0.162720 -0.719541
0.162980 -0.709221
0.163240 -0.698372
0.163500 -0.686979
0.163760 -0.675032
0.164020 -0.662524
0.164280 -0.649449
0.164540 -0.635803
0.164800 -0.621585
0.165060 -0.606796
0.165320 -0.591444
0.165580 -0.575543
0.165840 -0.559111
0.166100 -0.542167
0.166360 -0.524736
0.166620 -0.506836
0.166880 -0.488484
0.167140 -0.469697
0.167400 -0.450492
0.167660 -0.430891
0.167920 -0.410915
0.168180 -0.390592
0.168440 -0.369947
0.168700 -0.349003
0.168960 -0.327778
0.169220 -0.306288
0.169480 -0.284549
0.169740 -0.262582
0.170000 -0.240411
0.170260 -0.218069
0.170520 -0.195587
0.170780 -0.172993
0.171040 -0.150305
0.171300 -0.127526
0.171560 -0.104653
0.171820 -0.081670
0.172080 -0.058550
0.172340 -0.035257
0.172600 -0.011728
0.172860 0.012133
0.173120 0.036470
0.173380 0.061465
0.173640 0.087327
0.173900 0.114247
0.174160 0.142352
0.174420 0.171647
0.174680 0.201978
0.174940 0.233023
0.175200 0.264317
0.175460 0.295308
0.175720 0.325445
0.175980 0.354253
0.176240 0.381380
0.176500 0.406643
0.176760 0.429996
0.177020 0.451513
0.177280 0.471335
0.177540 0.489630
0.177800 0.506562
0.178060 0.522273
0.178320 0.536878
0.178580 0.550470
0.178840 0.563132
0.179100 0.574935
0.179360 0.585945
0.179620 0.596223
0.179880 0.605818
0.180140 0.614769
0.180400 0.623105
0.180660 0.630847
0.180920 0.638011
0.181180 0.644615
0.181440 0.650680
0.181700 0.656223
0.181960 0.661265
0.182220 0.665817
0.182480 0.669889
0.182740 0.673481
0.183000 0.676594
0.183260 0.679225
0.183520 0.681371
0.183780 0.683030
0.184040 0.684201
0.184300 0.684878
0.184560 0.685051
0.184820 0.684707
0.185080 0.683825
0.185340 0.682382
0.185600 0.680356
0.185860 0.677723
0.186120 0.674463
0.186380 0.670555
0.186640 0.665977
0.186900 0.660707
0.187160 0.654721
0.187420 0.647991
0.187680 0.640493
0.187940 0.632200
0.188200 0.623091
0.188460 0.613142
0.188720 0.602327
0.188980 0.590615
0.189240 0.577967
0.189500 0.564330
0.189760 0.549639
0.190020 0.533813
0.190280 0.516757
0.190540 0.498363
0.190800 0.478497
0.191060 0.457010
0.191320 0.433726
0.191580 0.408445
0.191840 0.380945
0.192100 0.350984
0.192360 0.318313
0.192620 0.282683
0.192880 0.243868
0.193140 0.201671
0.193400 0.155952
0.193660 0.106663
0.193920 0.053862
0.194180 -0.002241
0.194440 -0.061264
0.194700 -0.122635
0.194960 -0.185595
0.195220 -0.249240
0.195480 -0.312563
0.195740 -0.374532
0.196000 -0.434161
0.196260 -0.490566
0.196520 -0.543009
0.196780 -0.590910
0.197040 -0.633848
0.197300 -0.671540
0.197560 -0.703819
0.197820 -0.730598
0.198080 -0.751847
0.198340 -0.767562
0.198600 -0.777755
0.198860 -0.782430
0.199120 -0.781592
0.199380 -0.775245
0.199640 -0.763414
0.199900 -0.746170
0.200160 -0.723666
0.200420 -0.696175
0.200680 -0.664130
0.200940 -0.628155
0.201200 -0.589073
0.201460 -0.547893
0.201720 -0.505758
0.201980 -0.463871
0.202240 -0.423403
0.202500 -0.385401
0.202760 -0.350721
0.203020 -0.319992
0.203280 -0.293608
0.203540 -0.271754
0.203800 -0.254443
0.204060 -0.241566
0.204320 -0.232929
0.204580 -0.228297
0.204840 -0.227417
0.205100 -0.230037
0.205360 -0.235920
0.205620 -0.244846
0.205880 -0.256618
0.206140 -0.271058
0.206400 -0.288003
0.206660 -0.307302
0.206920 -0.328810
0.207180 -0.352380
0.207440 -0.377854
0.207700 -0.405065
0.207960 -0.433829
0.208220 -0.463940
0.208480 -0.495173
0.208740 -0.527290
0.209000 -0.560034
0.209260 -0.593145
0.209520 -0.626360
0.209780 -0.659423
0.210040 -0.692088
0.210300 -0.724132
0.210560 -0.755353
0.210820 -0.785575
0.211080 -0.814656
0.211340 -0.842480
0.211600 -0.868963
0.211860 -0.894045
0.212120 -0.917696
0.212380 -0.939901
0.212640 -0.960665
0.212900 -0.980008
0.213160 -0.997960
0.213420 -1.014558
0.213680 -1.029848
0.213940 -1.043878
0.214200 -1.056699
0.214460 -1.068365
0.214720 -1.078925
0.214980 -1.088432
0.215240 -1.096933
0.215500 -1.104473
0.215760 -1.111093
0.216020 -1.116832
0.216280 -1.121722
0.216540 -1.125793
0.216800 -1.129071
0.217060 -1.131572
0.217320 -1.133310
0.217580 -1.134291
0.217840 -1.134514
0.218100 -1.133972
0.218360 -1.132648
0.218620 -1.130521
0.218880 -1.127560
0.219140 -1.123726
0.219400 -1.118972
0.219660 -1.113240
0.219920 -1.106463
0.220180 -1.098562
0.220440 -1.089449
0.220700 -1.079023
0.220960 -1.067172
0.221220 -1.053771
0.221480 -1.038687
0.221740 -1.021770
0.222000 -1.002861
0.222260 -0.981789
0.222520 -0.958376
0.222780 -0.932439
0.223040 -0.903795
0.223300 -0.872271
0.223560 -0.837715
0.223820 -0.800009
0.224080 -0.759085
0.224340 -0.714950
0.224600 -0.667706
0.224860 -0.617571
0.225120 -0.564904
0.225380 -0.510212
0.225640 -0.454151
0.225900 -0.397506
0.226160 -0.341156
0.226420 -0.286029
0.226680 -0.233043
0.226940 -0.183061
0.227200 -0.136844
0.227460 -0.095027
0.227720 -0.058112
0.227980 -0.026465
0.228240 -0.000336
0.228500 0.020128
0.228760 0.034859
0.229020 0.043855
0.229280 0.047159
0.229540 0.044856
0.229800 0.037065
0.230060 0.023939
0.230320 0.005673
0.230580 -0.017495
0.230840 -0.045269
0.231100 -0.077290
0.231360 -0.113131
0.231620 -0.152295
0.231880 -0.194221
0.232140 -0.238297
0.232400 -0.283878
0.232660 -0.330310
0.232920 -0.376954
0.233180 -0.423215
0.233440 -0.468558
0.233700 -0.512526
0.233960 -0.554749
0.234220 -0.594944
0.234480 -0.632911
0.234740 -0.668522
0.235000 -0.701714
0.235260 -0.732470
0.235520 -0.760814
0.235780 -0.786793
0.236040 -0.810471
0.236300 -0.831923
0.236560 -0.851225
0.236820 -0.868456
0.237080 -0.883688
0.237340 -0.896989
0.237600 -0.908418
0.237860 -0.918025
0.238120 -0.925851
0.238380 -0.931927
0.238640 -0.936278
0.238900 -0.938919
0.239160 -0.939861
0.239420 -0.939107
0.239680 -0.936654
0.239940 -0.932494
0.240200 -0.926616
0.240460 -0.919002
0.240720 -0.909628
0.240980 -0.898471
0.241240 -0.885503
0.241500 -0.870693
0.241760 -0.854008
0.242020 -0.835418
0.242280 -0.814884
0.242540 -0.792368
0.242800 -0.767832
0.243060 -0.741236
0.243320 -0.712546
0.243580 -0.681730
0.243840 -0.648768
0.244100 -0.613655
0.244360 -0.576401
0.244620 -0.537042
0.244880 -0.495646
0.245140 -0.452318
0.245400 -0.407209
0.245660 -0.360515
0.245920 -0.312495
0.246180 -0.263454
0.246440 -0.213747
0.246700 -0.163766
0.246960 -0.113928
0.247220 -0.064667
0.247480 -0.016402
0.247740 0.030461
0.248000 0.075558
0.248260 0.118557
0.248520 0.159188
0.248780 0.197229
0.249040 0.232517
0.249300 0.264929
0.249560 0.294394
0.249820 0.320873
0.250080 0.344351
