        Frequency / MHz                Port 1 [1] (11)/abs,linear
----------------------------------------------------------------------
                      40                       1445.8361
                   40.26                       1399.2169
                   40.52                       1338.5756
                   40.78                       1269.4038
                   41.04                        1196.498
                    41.3                       1123.4779
                   41.56                       1052.7596
                   41.82                       985.76611
                   42.08                       923.19906
                   42.34                       865.28275
                    42.6                       811.94835
                   42.86                       762.96106
                   43.12                       718.00278
                   43.38                       676.72372
                   43.64                       638.77351
                    43.9                       603.81882
                   44.16                       571.55228
                   44.42                        541.6956
                   44.68                       513.99926
                   44.94                       488.24051
                    45.2                       464.22081
                   45.46                       441.76355
                   45.72                         420.712
                   45.98                       400.92756
                   46.24                       382.28795
                    46.5                       364.68517
                   46.76                       348.02348
                   47.02                       332.21755
                   47.28                       317.19094
                   47.54                       302.87514
                    47.8                       289.20901
                   48.06                       276.13832
                   48.32                       263.61527
                   48.58                        251.5978
                   48.84                       240.04888
                    49.1                       228.93585
                   49.36                       218.23013
                   49.62                        207.9072
                   49.88                       197.94691
                   50.14                       188.33376
                    50.4                       179.05707
                   50.66                       170.11094
                   50.92                         161.494
                   51.18                       153.20933
                   51.44                       145.26431
                    51.7                       137.67077
                   51.96                       130.44489
                   52.22                       123.60672
                   52.48                       117.17896
                   52.74                       111.18502
                      53                       105.64647
                   53.26                        100.5805
                   53.52                       95.997831
                   53.78                       91.901544
                   54.04                        88.28685
                    54.3                       85.141795
                   54.56                       82.448568
                   54.82                       80.185379
                   55.08                        78.32893
                   55.34                       76.857525
                    55.6                       75.754458
                   55.86                       75.010905
                   56.12                       74.627297
                   56.38                       74.612489
                   56.64                       74.980886
                    56.9                       75.748661
                   57.16                       76.930601
                   57.42                       78.538785
                   57.68                       80.583196
                   57.94                       83.073308
                    58.2                       86.019238
                   58.46                       89.431533
                   58.72                       93.319663
                   58.98                       97.690214
                   59.24                       102.54597
                    59.5                       107.88663
                   59.76                       113.71096
                   60.02                       120.01948
                   60.28                       126.81673
                   60.54                        134.1123
                    60.8                       141.92082
                   61.06                       150.26131
                   61.32                       159.15676
                   61.58                       168.63447
                   61.84                        178.7272
                    62.1                       189.47481
                   62.36                       200.92589
                   62.62                       213.13892
                   62.88                       226.18301
                   63.14                       240.13848
                    63.4                       255.09782
                   63.66                       271.16747
                   63.92                       288.47036
                   64.18                       307.14907
                   64.44                       327.36894
                    64.7                        349.3206
                   64.96                       373.22134
                   65.22                       399.31499
                   65.48                        427.8693
                   65.74                       459.16919
                      66                       493.50202
                   66.26                       531.12826
                   66.52                       572.22683
                   66.78                       616.79986
                   67.04                       664.51885
                    67.3                       714.49859
                   67.56                       765.01002
                   67.82                        813.2078
                   68.08                       855.05984
                   68.34                       885.76487
                    68.6                       900.84891
                   68.86                       897.67595
                   69.12                       876.54258
                   69.38                       840.56987
                   69.64                       794.46856
                    69.9                       743.03548
                   70.16                        690.1545
                   70.42                       638.47879
                   70.68                       589.56154
                   70.94                       544.15117
                    71.2                        502.4796
                   71.46                       464.48127
                   71.72                       429.93865
                   71.98                       398.57085
                   72.24                       370.08386
                    72.5                       344.19733
                   72.76                       320.65778
                   73.02                       299.24462
                   73.28                       279.77231
                   73.54                        262.0904
                    73.8                       246.08238
                   74.06                       231.66369
                   74.32                       218.77909
                   74.58                       207.39969
                   74.84                       197.51951
                    75.1                       189.15136
                   75.36                       182.32172
                   75.62                       177.06415
                   75.88                       173.41128
                   76.14                       171.38605
                    76.4                       170.99342
                   76.66                       172.21447
                   76.92                       175.00377
                   77.18                       179.29042
                   77.44                       184.98143
                    77.7                       191.96582
                   77.96                       200.11754
                   78.22                       209.29633
                   78.48                       219.34623
                   78.74                       230.09229
                      79                       241.33631
                   79.26                       252.85247
                   79.52                       264.38406
                   79.78                       275.64256
                   80.04                       286.31097
                    80.3                       296.05317
                   80.56                       304.53099
                   80.82                       311.42855
                   81.08                       316.48125
                   81.34                       319.50406
                    81.6                       320.41249
                   81.86                        319.2313
                   82.12                       316.08899
                   82.38                       311.20023
                   82.64                       304.84092
                    82.9                       297.32127
                   83.16                       288.96107
                   83.42                       280.06986
                   83.68                       270.93312
                   83.94                       261.80438
                    84.2                       252.90273
                   84.46                       244.41424
                   84.72                       236.49573
                   84.98                        229.2792
                   85.24                       222.87558
                    85.5                       217.37698
                   85.76                       212.85748
                   86.02                       209.37294
                   86.28                       206.96046
                   86.54                       205.63826
                    86.8                       205.40602
                   87.06                       206.24546
                   87.32                       208.12098
                   87.58                       210.98015
                   87.84                       214.75427
                    88.1                       219.35952
                   88.36                       224.69878
                   88.62                       230.66423
                   88.88                       237.13988
                   89.14                       244.00338
                    89.4                       251.12665
                   89.66                       258.37562
                   89.92                        265.6101
                   90.18                       272.68505
                   90.44                       279.45418
                    90.7                       285.77556
                   90.96                       291.51804
                   91.22                       296.56645
                   91.48                       300.82461
                   91.74                       304.21612
                      92                       306.68439
                   92.26                       308.19365
                   92.52                       308.73139
                   92.78                       308.31141
                   93.04                       306.97525
                    93.3                       304.79006
                   93.56                       301.84272
                   93.82                        298.2316
                   94.08                       294.05848
                   94.34                       289.42304
                    94.6                       284.42043
                   94.86                       279.14122
                   95.12                       273.67207
                   95.38                       268.09566
                   95.64                       262.48952
                    95.9                       256.92422
                   96.16                       251.46199
                   96.42                       246.15652
                   96.68                       241.05409
                   96.94                       236.19524
                    97.2                       231.61642
                   97.46                       227.35078
                   97.72                       223.42817
                   97.98                       219.87478
                   98.24                       216.71287
                    98.5                       213.96117
                   98.76                       211.63556
                   99.02                       209.74999
                   99.28                       208.31701
                   99.54                       207.34772
                    99.8                       206.85142
                  100.06                       206.83522
                  100.32                       207.30393
                  100.58                       208.26037
                  100.84                        209.7059
                   101.1                       211.64084
                  101.36                       214.06452
                  101.62                         216.975
                  101.88                       220.36858
                  102.14                       224.23948
                   102.4                       228.57977
                  102.66                       233.37945
                  102.92                       238.62649
                  103.18                       244.30655
                  103.44                       250.40229
                   103.7                       256.89236
                  103.96                       263.75038
                  104.22                       270.94397
                  104.48                       278.43396
                  104.74                       286.17371
                     105                       294.10812
                  105.26                       302.17246
                  105.52                       310.29106
                  105.78                       318.37621
                  106.04                       326.32761
                   106.3                       334.03288
                  106.56                       341.36897
                  106.82                       348.20457
                  107.08                        354.4035
                  107.34                        359.8289
                   107.6                        364.3485
                  107.86                       367.84079
                  108.12                       370.20188
                  108.38                       371.35228
                  108.64                       371.24247
                   108.9                        369.8566
                  109.16                        367.2135
                  109.42                       363.36526
                  109.68                       358.39366
                  109.94                       352.40508
                   110.2                       345.52457
                  110.46                       337.88936
                  110.72                       329.64258
                  110.98                       320.92742
                  111.24                       311.88237
                   111.5                       302.63786
                  111.76                       293.31422
                  112.02                       284.02096
                  112.28                       274.85693
                  112.54                       265.91092
                   112.8                        257.2626
                  113.06                       248.98356
                  113.32                       241.13837
                  113.58                       233.78568
                  113.84                       226.97928
                   114.1                       220.76896
                  114.36                       215.20103
                  114.62                       210.31841
                  114.88                        206.1603
                  115.14                        202.7615
                   115.4                        200.1515
                  115.66                       198.35355
                  115.92                       197.38378
                  116.18                       197.25055
                  116.44                       197.95398
                   116.7                        199.4857
                  116.96                       201.82888
                  117.22                       204.95852
                  117.48                       208.84179
                  117.74                       213.43861
                     118                        218.7019
                  118.26                       224.57784
                  118.52                       231.00563
                  118.78                       237.91702
                  119.04                       245.23552
                   119.3                       252.87546
                  119.56                       260.74098
                  119.82                       268.72525
                  120.08                       276.71003
                  120.34                       284.56597
                   120.6                       292.15384
                  120.86                       299.32715
                  121.12                        305.9363
                  121.38                       311.83425
                  121.64                       316.88334
                   121.9                       320.96285
                  122.16                       323.97627
                  122.42                       325.85752
                  122.68                       326.57524
                  122.94                       326.13462
                   123.2                       324.57637
                  123.46                       321.97311
                  123.72                       318.42366
                  123.98                       314.04588
                  124.24                       308.96924
                   124.5                       303.32773
                  124.76                       297.25389
                  125.02                       290.87427
                  125.28                       284.30626
                  125.54                       277.65625
                   125.8                       271.01882
                  126.06                       264.47676
                  126.32                       258.10158
                  126.58                       251.95454
                  126.84                       246.08781
                   127.1                       240.54574
                  127.36                       235.36605
                  127.62                       230.58085
                  127.88                       226.21752
                  128.14                       222.29934
                   128.4                       218.84602
                  128.66                       215.87409
                  128.92                       213.39724
                  129.18                        211.4265
                  129.44                       209.97034
                   129.7                        209.0347
                  129.96                       208.62288
                  130.22                       208.73555
                  130.48                       209.37069
                  130.74                       210.52366
                     131                        212.1872
                  131.26                       214.35155
                  131.52                       217.00448
                  131.78                       220.13124
                  132.04                       223.71457
                   132.3                       227.73467
                  132.56                       232.16908
                  132.82                       236.99267
                  133.08                       242.17742
                  133.34                        247.6922
                   133.6                       253.50242
                  133.86                       259.56959
                  134.12                         265.851
                  134.38                        272.2993
                  134.64                       278.86232
                   134.9                       285.48284
                  135.16                       292.09865
                  135.42                       298.64267
                  135.68                       305.04336
                  135.94                        311.2255
                   136.2                       317.11132
                  136.46                       322.62211
                  136.72                       327.68017
                  136.98                       332.21098
                  137.24                       336.14559
                   137.5                       339.42299
                  137.76                       341.99229
                  138.02                       343.81477
                  138.28                       344.86532
                  138.54                       345.13343
                   138.8                       344.62336
                  139.06                       343.35352
                  139.32                       341.35526
                  139.58                       338.67107
                  139.84                       335.35246
                   140.1                       331.45763
                  140.36                       327.04928
                  140.62                       322.19235
                  140.88                       316.95208
                  141.14                       311.39232
                   141.4                       305.57423
                  141.66                       299.55538
                  141.92                       293.38923
                  142.18                       287.12489
                  142.44                       280.80725
                   142.7                        274.4771
                  142.96                       268.17151
                  143.22                        261.9243
                  143.48                       255.76663
                  143.74                       249.72761
                     144                       243.83498
                  144.26                        238.1158
                  144.52                       232.59705
                  144.78                        227.3061
                  145.04                       222.27121
                   145.3                       217.52193
                  145.56                       213.08944
                  145.82                       209.00684
                  146.08                       205.30924
                  146.34                       202.03376
                   146.6                       199.21917
                  146.86                        196.9054
                  147.12                       195.13276
                  147.38                       193.94095
                  147.64                       193.36795
                   147.9                       193.44875
                  148.16                       194.21397
                  148.42                        195.6885
                  148.68                       197.89009
                  148.94                       200.82812
                   149.2                       204.50258
                  149.46                       208.90322
                  149.72                       214.00894
                  149.98                       219.78723
                  150.24                       226.19375
                   150.5                       233.17179
                  150.76                       240.65183
                  151.02                       248.55112
                  151.28                       256.77344
                  151.54                       265.20926
                   151.8                       273.73639
                  152.06                       282.22148
                  152.32                       290.52235
                  152.58                       298.49144
                  152.84                       305.98038
                   153.1                       312.84555
                  153.36                       318.95428
                  153.62                       324.19116
                  153.88                       328.46383
                  154.14                       331.70746
                   154.4                       333.88744
                  154.66                       335.00008
                  154.92                       335.07105
                  155.18                       334.15215
                  155.44                       332.31667
                   155.7                       329.65396
                  155.96                        326.2638
                  156.22                       322.25106
                  156.48                       317.72111
                  156.74                        312.7761
                     157                       307.51231
                  157.26                       302.01843
                  157.52                       296.37462
                  157.78                       290.65221
                  158.04                       284.91383
                   158.3                       279.21385
                  158.56                        273.5991
                  158.82                       268.10961
                  159.08                       262.77954
                  159.34                       257.63797
                   159.6                       252.70969
                  159.86                       248.01587
                  160.12                        243.5746
                  160.38                       239.40139
                  160.64                       235.50959
                   160.9                       231.91072
                  161.16                       228.61478
                  161.42                       225.63045
                  161.68                       222.96521
                  161.94                       220.62539
                   162.2                       218.61619
                  162.46                       216.94169
                  162.72                        215.6048
                  162.98                       214.60731
                  163.24                       213.94978
                   163.5                       213.63158
                  163.76                       213.65079
                  164.02                       214.00416
                  164.28                       214.68707
                  164.54                       215.69359
                   164.8                        217.0165
                  165.06                       218.64738
                  165.32                        220.5767
                  165.58                       222.79391
                  165.84                       225.28746
                   166.1                       228.04501
                  166.36                       231.05344
                  166.62                       234.29907
                  166.88                       237.76776
                  167.14                       241.44503
                   167.4                       245.31614
                  167.66                        249.3661
                  167.92                       253.57969
                  168.18                        257.9414
                  168.44                       262.43541
                   168.7                       267.04548
                  168.96                       271.75481
                  169.22                       276.54586
                  169.48                       281.39997
                  169.74                       286.29708
                     170                       291.21532
                  170.26                       296.13066
                  170.52                       301.01649
                  170.78                       305.84331
                  171.04                       310.57834
                   171.3                       315.18519
                  171.56                       319.62365
                  171.82                       323.84963
                  172.08                       327.81529
                  172.34                       331.46949
                   172.6                       334.75847
                  172.86                       337.62684
                  173.12                       340.01882
                  173.38                       341.87985
                  173.64                       343.15834
                   173.9                       343.80774
                  174.16                       343.78867
                  174.42                       343.07098
                  174.68                       341.63553
                  174.94                       339.47562
                   175.2                       336.59779
                  175.46                        333.0221
                  175.72                       328.78175
                  175.98                       323.92212
                  176.24                       318.49934
                   176.5                       312.57838
                  176.76                        306.2309
                  177.02                         299.533
                  177.28                       292.56309
                  177.54                       285.39997
                   177.8                       278.12119
                  178.06                       270.80183
                  178.32                       263.51359
                  178.58                       256.32415
                  178.84                       249.29685
                   179.1                       242.49046
                  179.36                       235.95933
                  179.62                       229.75341
                  179.88                       223.91852
                  180.14                       218.49649
                   180.4                       213.52522
                  180.66                       209.03871
                  180.92                        205.0669
                  181.18                       201.63542
                  181.44                       198.76539
                   181.7                       196.47306
                  181.96                       194.76954
                  182.22                       193.66057
                  182.48                       193.14635
                  182.74                       193.22147
                     183                       193.87499
                  183.26                       195.09071
                  183.52                       196.84753
                  183.78                       199.12006
                  184.04                       201.87914
                   184.3                       205.09245
                  184.56                       208.72497
                  184.82                       212.73949
                  185.08                       217.09689
                  185.34                       221.75651
                   185.6                       226.67637
                  185.86                       231.81341
                  186.12                       237.12365
                  186.38                       242.56227
                  186.64                        248.0837
                   186.9                        253.6416
                  187.16                       259.18895
                  187.42                       264.67826
                  187.68                       270.06179
                  187.94                       275.29203
                   188.2                       280.32214
                  188.46                       285.10659
                  188.72                       289.60176
                  188.98                       293.76656
                  189.24                       297.56311
                   189.5                       300.95749
                  189.76                       303.92033
                  190.02                       306.42754
                  190.28                        308.4608
                  190.54                       310.00796
                   190.8                       311.06323
                  191.06                       311.62717
                  191.32                       311.70653
                  191.58                       311.31383
                  191.84                       310.46688
                   192.1                       309.18815
                  192.36                         307.504
                  192.62                       305.44396
                  192.88                       303.03984
                  193.14                       300.32499
                   193.4                       297.33353
                  193.66                       294.09963
                  193.92                       290.65693
                  194.18                       287.03804
                  194.44                       283.27413
                   194.7                       279.39463
                  194.96                         275.427
                  195.22                       271.39663
                  195.48                       267.32676
                  195.74                       263.23853
                     196                       259.15103
                  196.26                       255.08147
                  196.52                       251.04535
                  196.78                       247.05672
                  197.04                       243.12846
                   197.3                       239.27249
                  197.56                        235.5001
                  197.82                       231.82224
                  198.08                       228.24978
                  198.34                       224.79383
                   198.6                       221.46598
                  198.86                        218.2786
                  199.12                       215.24496
                  199.38                       212.37949
                  199.64                       209.69785
                   199.9                       207.21704
                  200.16                       204.95545
                  200.42                       202.93287
                  200.68                       201.17045
                  200.94                        199.6906
                   201.2                       198.51683
                  201.46                       197.67354
                  201.72                        197.1857
                  201.98                        197.0786
                  202.24                       197.37742
                   202.5                       198.10685
                  202.76                       199.29064
                  203.02                       200.95108
                  203.28                       203.10855
                  203.54                       205.78089
                   203.8                       208.98294
                  204.06                       212.72599
                  204.32                       217.01716
                  204.58                       221.85888
                  204.84                       227.24819
                   205.1                       233.17599
                  205.36                       239.62625
                  205.62                       246.57504
                  205.88                       253.98955
                  206.14                       261.82698
                   206.4                        270.0335
                  206.66                       278.54318
                  206.92                       287.27715
                  207.18                       296.14308
                  207.44                        305.0353
                   207.7                       313.83557
                  207.96                       322.41492
                  208.22                       330.63664
                  208.48                       338.36032
                  208.74                       345.44703
                     209                       351.76524
                  209.26                       357.19704
                  209.52                       361.64417
                  209.78                       365.03311
                  210.04                       367.31871
                   210.3                       368.48586
                  210.56                       368.54912
                  210.82                       367.55029
                  211.08                       365.55444
                  211.34                        362.6449
                   211.6                       358.91779
                  211.86                       354.47669
                  212.12                       349.42776
                  212.38                       343.87569
                  212.64                       337.92052
                   212.9                       331.65544
                  213.16                        325.1654
                  213.42                       318.52648
                  213.68                        311.8058
                  213.94                       305.06188
                   214.2                       298.34515
                  214.46                       291.69873
                  214.72                       285.15914
                  214.98                       278.75714
                  215.24                        272.5185
                   215.5                       266.46474
                  215.76                       260.61382
                  216.02                       254.98074
                  216.28                       249.57801
                  216.54                       244.41611
                   216.8                       239.50385
                  217.06                       234.84865
                  217.32                       230.45687
                  217.58                       226.33404
                  217.84                         222.485
                   218.1                       218.91412
                  218.36                       215.62532
                  218.62                       212.62217
                  218.88                       209.90794
                  219.14                       207.48558
                   219.4                       205.35783
                  219.66                       203.52716
                  219.92                       201.99578
                  220.18                       200.76558
                  220.44                       199.83807
                   220.7                       199.21433
                  220.96                       198.89489
                  221.22                       198.87976
                  221.48                       199.16832
                  221.74                        199.7593
                     222                       200.65067
                  222.26                       201.83954
                  222.52                       203.32208
                  222.78                        205.0934
                  223.04                        207.1475
                   223.3                       209.47714
                  223.56                       212.07379
                  223.82                       214.92749
                  224.08                       218.02667
                  224.34                       221.35797
                   224.6                       224.90607
                  224.86                       228.65349
                  225.12                       232.58048
                  225.38                       236.66484
                  225.64                       240.88179
                   225.9                       245.20376
                  226.16                       249.60024
                  226.42                        254.0377
                  226.68                       258.47955
                  226.94                        262.8863
                   227.2                       267.21579
                  227.46                       271.42353
                  227.72                       275.46315
                  227.98                       279.28697
                  228.24                       282.84667
                   228.5                       286.09418
                  228.76                       288.98277
                  229.02                        291.4683
                  229.28                       293.51043
                  229.54                       295.07385
                   229.8                       296.12932
                  230.06                       296.65453
                  230.32                       296.63481
                  230.58                       296.06364
                  230.84                       294.94305
                   231.1                       293.28369
                  231.36                        291.1046
                  231.62                       288.43257
                  231.88                       285.30116
                  232.14                       281.74947
                   232.4                        277.8209
                  232.66                       273.56193
                  232.92                       269.02113
                  233.18                        264.2483
                  233.44                       259.29367
                   233.7                       254.20715
                  233.96                       249.03767
                  234.22                       243.83249
                  234.48                       238.63681
                  234.74                        233.4934
                     235                       228.44254
                  235.26                       223.52212
                  235.52                       218.76765
                  235.78                       214.21245
                  236.04                       209.88763
                   236.3                       205.82216
                  236.56                       202.04281
                  236.82                       198.57421
                  237.08                       195.43882
                  237.34                       192.65699
                   237.6                       190.24692
                  237.86                        188.2246
                  238.12                       186.60366
                  238.38                        185.3953
                  238.64                        184.6081
                   238.9                       184.24805
                  239.16                       184.31848
                  239.42                       184.82015
                  239.68                       185.75138
                  239.94                       187.10811
                   240.2                       188.88404
                  240.46                       191.07078
                  240.72                       193.65802
                  240.98                       196.63372
                  241.24                       199.98433
                   241.5                       203.69495
                  241.76                       207.74944
                  242.02                       212.13047
                  242.28                       216.81956
                  242.54                       221.79701
                   242.8                       227.04189
                  243.06                       232.53198
                  243.32                       238.24371
                  243.58                       244.15205
                  243.84                       250.23041
                   244.1                       256.45048
                  244.36                       262.78211
                  244.62                       269.19319
                  244.88                       275.64966
                  245.14                       282.11549
                   245.4                       288.55281
                  245.66                       294.92196
                  245.92                       301.18168
                  246.18                       307.28937
                  246.44                       313.20143
                   246.7                       318.87373
                  246.96                        324.2622
                  247.22                       329.32356
                  247.48                       334.01599
                  247.74                       338.29997
                     248                       342.13902
                  248.26                       345.50047
                  248.52                       348.35631
                  248.78                       350.68384
                  249.04                       352.46635
                   249.3                        353.6935
                  249.56                       354.36161
                  249.82                       354.47362
                  250.08                       354.03893
                  250.34                       353.07305
                   250.6                       351.59712
                  250.86                       349.63727
                  251.12                       347.22389
                  251.38                       344.39076
                  251.64                       341.17413
                   251.9                       337.61188
                  252.16                       333.74265
                  252.42                       329.60512
                  252.68                       325.23738
                  252.94                       320.67641
                   253.2                       315.95759
                  253.46                       311.11436
                  253.72                       306.17791
                  253.98                       301.17705
                  254.24                       296.13817
                   254.5                       291.08524
                  254.76                       286.03994
                  255.02                       281.02177
                  255.28                       276.04826
                  255.54                       271.13508
                   255.8                       266.29627
                  256.06                       261.54453
                  256.32                       256.89138
                  256.58                       252.34753
                  256.84                       247.92307
                   257.1                       243.62766
                  257.36                       239.47078
                  257.62                       235.46184
                  257.88                       231.61038
                  258.14                       227.92618
                   258.4                       224.41944
                  258.66                       221.10082
                  258.92                       217.98149
                  259.18                       215.07316
                  259.44                       212.38797
                   259.7                       209.93843
                  259.96                       207.73733
                  260.22                       205.79751
                  260.48                       204.13177
                  260.74                       202.75252
                     261                       201.67151
                  261.26                       200.89948
                  261.52                       200.44574
                  261.78                       200.31783
                  262.04                        200.5211
                   262.3                       201.05837
                  262.56                       201.92955
                  262.82                       203.13134
                  263.08                       204.65691
                  263.34                       206.49566
                   263.6                       208.63313
                  263.86                        211.0509
                  264.12                        213.7267
                  264.38                       216.63453
                  264.64                       219.74493
                   264.9                       223.02524
                  265.16                       226.44004
                  265.42                       229.95165
                  265.68                       233.52076
                  265.94                       237.10707
                   266.2                       240.67011
                  266.46                       244.16993
                  266.72                       247.56789
                  266.98                       250.82732
                  267.24                       253.91425
                   267.5                       256.79794
                  267.76                       259.45146
                  268.02                       261.85206
                  268.28                       263.98138
                  268.54                       265.82554
                   268.8                       267.37503
                  269.06                       268.62452
                  269.32                        269.5726
                  269.58                       270.22138
                  269.84                        270.5762
                   270.1                       270.64515
                  270.36                       270.43862
                  270.62                        269.9689
                  270.88                       269.24973
                  271.14                       268.29599
                   271.4                       267.12338
                  271.66                       265.74827
                  271.92                       264.18747
                  272.18                       262.45807
                  272.44                       260.57727
                   272.7                       258.56224
                  272.96                       256.43002
                  273.22                       254.19747
                  273.48                       251.88121
                  273.74                        249.4976
                     274                       247.06263
                  274.26                       244.59191
                  274.52                       242.10051
                  274.78                       239.60298
                  275.04                       237.11323
                   275.3                       234.64457
                  275.56                       232.20968
                  275.82                       229.82061
                  276.08                       227.48868
                  276.34                        225.2245
                   276.6                       223.03789
                  276.86                       220.93788
                  277.12                       218.93277
                  277.38                       217.03007
                  277.64                       215.23663
                   277.9                       213.55852
                  278.16                        212.0011
                  278.42                       210.56898
                  278.68                       209.26603
                  278.94                       208.09545
                   279.2                       207.05986
                  279.46                        206.1613
                  279.72                       205.40135
                  279.98                       204.78113
                  280.24                       204.30133
                   280.5                       203.96233
                  280.76                       203.76423
                  281.02                       203.70701
                  281.28                        203.7906
                  281.54                       204.01498
                   281.8                       204.38017
                  282.06                       204.88629
                  282.32                       205.53358
                  282.58                       206.32241
                  282.84                       207.25331
                   283.1                         208.327
                  283.36                       209.54437
                  283.62                       210.90638
                  283.88                       212.41398
                  284.14                       214.06801
                   284.4                        215.8691
                  284.66                        217.8176
                  284.92                        219.9135
                  285.18                       222.15631
                  285.44                       224.54495
                   285.7                       227.07752
                  285.96                       229.75123
                  286.22                       232.56216
                  286.48                       235.50521
                  286.74                       238.57403
                     287                       241.76085
                  287.26                       245.05643
                  287.52                       248.44989
                  287.78                       251.92863
                  288.04                       255.47823
                   288.3                       259.08251
                  288.56                       262.72356
                  288.82                       266.38192
                  289.08                       270.03666
                  289.34                       273.66556
                   289.6                       277.24534
                  289.86                       280.75193
                  290.12                       284.16094
                  290.38                       287.44806
                  290.64                       290.58964
                   290.9                       293.56321
                  291.16                       296.34791
                  291.42                       298.92493
                  291.68                       301.27788
                  291.94                        303.3932
                   292.2                       305.26042
                  292.46                       306.87241
                  292.72                       308.22541
                  292.98                        309.3189
                  293.24                       310.15533
                   293.5                       310.73977
                  293.76                        311.0795
                  294.02                       311.18364
                  294.28                       311.06268
                  294.54                       310.72807
                   294.8                        310.1917
                  295.06                       309.46543
                  295.32                       308.56069
                  295.58                       307.48819
                  295.84                       306.25777
                   296.1                       304.87837
                  296.36                       303.35809
                  296.62                       301.70424
                  296.88                       299.92342
                  297.14                       298.02171
                   297.4                       296.00488
                  297.66                       293.87875
                  297.92                       291.64951
                  298.18                       289.32413
                  298.44                       286.91059
                   298.7                       284.41806
                  298.96                       281.85702
                  299.22                       279.23934
                  299.48                       276.57831
                  299.74                       273.88866
                     300                       271.18651

