        Frequency / MHz                S1,1 (11)/abs,dB
----------------------------------------------------------------------
                      40                      -3.1566645
               40.259998                      -3.1488291
                   40.52                      -3.1409561
               40.779999                      -3.1330583
               41.040001                      -3.1251438
               41.299999                      -3.1172212
               41.560001                      -3.1093058
                   41.82                      -3.1014233
               42.080002                      -3.0936019
                   42.34                      -3.0858769
               42.599998                      -3.0782772
               42.860001                      -3.0708217
               43.119999                      -3.0635295
               43.380001                      -3.0564192
               43.639999                      -3.0495206
               43.900002                      -3.0428759
                   44.16                      -3.0365344
               44.419998                      -3.0305482
                   44.68                      -3.0249651
               44.939999                      -3.0198267
               45.200001                      -3.0151729
               45.459999                      -3.0110575
               45.720001                      -3.0075435
                   45.98                      -3.0047189
               46.240002                      -3.0026782
                    46.5                      -3.0015256
               46.759998                      -3.0013661
                   47.02                       -3.002305
               47.279999                       -3.004458
               47.540001                      -3.0079656
               47.799999                      -3.0129969
               48.060001                      -3.0197549
                   48.32                      -3.0284707
               48.580002                      -3.0393905
                   48.84                       -3.052778
               49.099998                      -3.0689135
               49.360001                      -3.0881058
               49.619999                      -3.1107055
               49.880001                      -3.1371074
               50.139999                      -3.1677464
               50.400002                       -3.203075
                   50.66                      -3.2435452
               50.919998                       -3.289576
                   51.18                      -3.3415444
               51.439999                      -3.3997644
               51.700001                      -3.4644713
               51.959999                      -3.5357855
               52.220001                      -3.6136722
                   52.48                      -3.6978737
               52.740002                      -3.7878668
                      53                      -3.8828302
               53.259998                      -3.9816594
                   53.52                      -4.0830166
               53.779999                      -4.1854053
               54.040001                      -4.2872602
               54.299999                      -4.3870247
               54.560001                      -4.4832176
                   54.82                       -4.574486
               55.080002                      -4.6596571
                   55.34                      -4.7378043
               55.599998                      -4.8083092
               55.860001                      -4.8708959
               56.119999                      -4.9256274
               56.380001                      -4.9728364
               56.639999                      -5.0130087
               56.900002                      -5.0466568
                   57.16                      -5.0742321
               57.419998                      -5.0961033
                   57.68                      -5.1125954
               57.939999                      -5.1240819
               58.200001                      -5.1310522
               58.459999                      -5.1341442
               58.720001                      -5.1340957
                   58.98                      -5.1316504
               59.240002                      -5.1274554
                    59.5                       -5.121999
               59.759998                      -5.1155963
                   60.02                      -5.1084452
               60.279999                      -5.1007002
               60.540001                      -5.0925377
               60.799999                      -5.0841826
               61.060001                       -5.075892
                   61.32                      -5.0679051
               61.580002                      -5.0604005
                   61.84                      -5.0534802
               62.099998                      -5.0471779
               62.360001                      -5.0415014
               62.619999                      -5.0364685
               62.880001                      -5.0321294
               63.139999                      -5.0285627
               63.400002                      -5.0258505
                   63.66                      -5.0240557
               63.919998                        -5.02321
                   64.18                      -5.0233201
               64.440002                      -5.0243945
               64.699997                      -5.0264708
               64.959999                      -5.0296295
               65.220001                      -5.0339866
               65.480003                      -5.0396866
               65.739998                      -5.0468733
                      66                      -5.0556895
               66.260002                      -5.0662785
               66.519997                      -5.0788002
               66.779999                      -5.0934542
               67.040001                      -5.1104879
               67.300003                      -5.1301904
               67.559998                      -5.1528814
                   67.82                      -5.1788908
               68.080002                      -5.2085537
               68.339996                      -5.2422116
               68.599998                      -5.2802289
               68.860001                      -5.3230124
               69.120003                      -5.3710211
               69.379997                      -5.4247625
               69.639999                      -5.4847828
               69.900002                      -5.5516497
               70.160004                      -5.6259355
               70.419998                      -5.7082254
                   70.68                      -5.7991253
               70.940002                      -5.8992796
               71.199997                      -6.0093916
               71.459999                      -6.1302134
               71.720001                      -6.2625557
               71.980003                      -6.4072627
               72.239998                      -6.5652098
                    72.5                      -6.7373086
               72.760002                      -6.9245194
               73.019997                      -7.1278758
               73.279999                      -7.3485087
               73.540001                      -7.5876632
               73.800003                      -7.8467013
               74.059998                      -8.1271048
                   74.32                      -8.4304824
               74.580002                      -8.7585868
               74.839996                      -9.1133551
               75.099998                      -9.4969616
               75.360001                       -9.911879
               75.620003                      -10.360949
               75.879997                      -10.847437
               76.139999                      -11.375108
               76.400002                      -11.948305
               76.660004                      -12.572071
               76.919998                      -13.252303
                   77.18                      -13.995951
               77.440002                      -14.811236
               77.699997                      -15.707812
               77.959999                      -16.696733
               78.220001                      -17.789866
               78.480003                      -18.997824
               78.739998                      -20.324177
                      79                      -21.750619
               79.260002                      -23.202898
               79.519997                      -24.491562
               79.779999                       -25.28508
               80.040001                      -25.292022
               80.300003                      -24.574619
               80.559998                       -23.47303
                   80.82                      -22.282631
               81.080002                      -21.152084
               81.339996                      -20.134268
               81.599998                      -19.239139
               81.860001                       -18.46075
               82.120003                      -17.788559
               82.379997                      -17.211732
               82.639999                        -16.7206
               82.900002                       -16.30702
               83.160004                      -15.964282
               83.419998                      -15.686928
                   83.68                      -15.470529
               83.940002                      -15.311529
               84.199997                      -15.207144
               84.459999                      -15.155282
               84.720001                      -15.154499
               84.980003                      -15.203946
               85.239998                      -15.303296
                    85.5                      -15.452673
               85.760002                      -15.652595
               86.019997                      -15.903953
               86.279999                       -16.20804
               86.540001                      -16.566627
               86.800003                      -16.982061
               87.059998                      -17.457347
                   87.32                      -17.996208
               87.580002                      -18.603057
               87.839996                      -19.282897
               88.099998                      -20.041074
               88.360001                      -20.882723
               88.620003                      -21.811548
               88.879997                      -22.827086
               89.139999                      -23.918802
               89.400002                      -25.054227
               89.660004                      -26.158631
               89.919998                      -27.092396
                   90.18                      -27.660897
               90.440002                      -27.708951
               90.699997                      -27.247094
               90.959999                      -26.441098
               91.220001                       -25.48078
               91.480003                      -24.496216
               91.739998                      -23.554729
                      92                      -22.684368
               92.260002                      -21.893281
               92.519997                      -21.180656
               92.779999                      -20.542015
               93.040001                      -19.971547
               93.300003                      -19.463101
               93.559998                      -19.010638
                   93.82                      -18.608509
               94.080002                      -18.251672
               94.339996                       -17.93585
               94.599998                      -17.657572
               94.860001                      -17.414099
               95.120003                      -17.203243
               95.379997                      -17.023155
               95.639999                      -16.872152
               95.900002                      -16.748623
               96.160004                      -16.651038
               96.419998                      -16.578014
                   96.68                      -16.528385
               96.940002                      -16.501229
               97.199997                      -16.495844
               97.459999                      -16.511654
               97.720001                      -16.548125
               97.980003                      -16.604708
               98.239998                      -16.680815
                    98.5                      -16.775863
               98.760002                      -16.889309
               99.019997                      -17.020671
               99.279999                      -17.169505
               99.540001                      -17.335334
               99.800003                      -17.517563
                  100.06                      -17.715384
                  100.32                       -17.92772
                  100.58                      -18.153165
                  100.84                      -18.389941
                   101.1                      -18.635812
                  101.36                      -18.887965
                  101.62                      -19.142835
                  101.88                      -19.395924
                  102.14                       -19.64166
                   102.4                      -19.873328
                  102.66                      -20.083155
                  102.92                      -20.262585
                  103.18                       -20.40277
                  103.44                      -20.495275
                   103.7                      -20.532929
                  103.96                      -20.510689
                  104.22                      -20.426333
                  104.48                      -20.280786
                  104.74                      -20.078001
                     105                      -19.824419
                  105.26                      -19.528147
                  105.52                      -19.198077
                  105.78                      -18.843094
                  106.04                      -18.471479
                   106.3                      -18.090545
                  106.56                      -17.706487
                  106.82                      -17.324377
                  107.08                      -16.948267
                  107.34                       -16.58134
                   107.6                      -16.226071
                  107.86                      -15.884364
                  108.12                      -15.557668
                  108.38                      -15.247068
                  108.64                      -14.953357
                   108.9                      -14.677108
                  109.16                      -14.418731
                  109.42                      -14.178537
                  109.68                      -13.956781
                  109.94                      -13.753691
                   110.2                      -13.569489
                  110.46                      -13.404392
                  110.72                      -13.258623
                  110.98                      -13.132407
                  111.24                      -13.025994
                   111.5                      -12.939667
                  111.76                      -12.873759
                  112.02                      -12.828663
                  112.28                      -12.804835
                  112.54                      -12.802787
                   112.8                      -12.823084
                  113.06                      -12.866347
                  113.32                      -12.933256
                  113.58                       -13.02457
                  113.84                      -13.141135
                   114.1                       -13.28391
                  114.36                      -13.453966
                  114.62                      -13.652507
                  114.88                      -13.880876
                  115.14                       -14.14057
                   115.4                      -14.433262
                  115.66                      -14.760841
                  115.92                      -15.125443
                  116.18                      -15.529509
                  116.44                      -15.975816
                   116.7                      -16.467519
                  116.96                      -17.008165
                  117.22                       -17.60167
                  117.48                      -18.252215
                  117.74                      -18.963969
                     118                      -19.740477
                  118.26                      -20.583366
                  118.52                      -21.489774
                  118.78                      -22.447455
                  119.04                       -23.42614
                   119.3                      -24.364654
                  119.56                      -25.159012
                  119.82                      -25.670751
                  120.08                      -25.780942
                  120.34                       -25.46826
                   120.6                      -24.825747
                  120.86                      -23.993981
                  121.12                       -23.09195
                  121.38                      -22.194921
                  121.64                      -21.342381
                   121.9                      -20.551703
                  122.16                      -19.828336
                  122.42                      -19.171832
                  122.68                      -18.579094
                  122.94                      -18.046019
                   123.2                      -17.568303
                  123.46                      -17.141818
                  123.72                      -16.762758
                  123.98                       -16.42769
                  124.24                      -16.133556
                   124.5                      -15.877654
                  124.76                      -15.657609
                  125.02                      -15.471344
                  125.28                      -15.317053
                  125.54                      -15.193167
                   125.8                      -15.098329
                  126.06                      -15.031379
                  126.32                      -14.991335
                  126.58                      -14.977385
                  126.84                      -14.988883
                   127.1                      -15.025346
                  127.36                      -15.086442
                  127.62                      -15.171987
                  127.88                      -15.281943
                  128.14                      -15.416406
               128.39999                      -15.575623
                  128.66                      -15.759985
                  128.92                       -15.97004
               129.17999                      -16.206504
                  129.44                      -16.470252
                   129.7                      -16.762335
               129.96001                      -17.083962
                  130.22                      -17.436505
                  130.48                      -17.821477
               130.74001                      -18.240508
                     131                      -18.695282
               131.25999                      -19.187418
                  131.52                       -19.71827
                  131.78                      -20.288555
               132.03999                      -20.897756
                   132.3                      -21.543135
                  132.56                      -22.218162
               132.82001                      -22.910152
                  133.08                      -23.597021
                  133.34                      -24.243709
               133.60001                      -24.800227
                  133.86                       -25.20541
                  134.12                      -25.400633
                  134.38                      -25.351365
                  134.64                      -25.063383
               134.89999                      -24.579871
                  135.16                      -23.962051
                  135.42                       -23.26889
               135.67999                      -22.546299
                  135.94                      -21.825424
                   136.2                      -21.125341
               136.46001                      -20.456671
                  136.72                      -19.824593
                  136.98                      -19.230972
               137.24001                      -18.675754
                   137.5                      -18.157822
               137.75999                      -17.675524
                  138.02                      -17.226979
                  138.28                      -16.810245
               138.53999                      -16.423424
                   138.8                      -16.064703
                  139.06                      -15.732388
               139.32001                      -15.424909
                  139.58                      -15.140824
                  139.84                      -14.878822
               140.10001                      -14.637709
                  140.36                      -14.416406
                  140.62                      -14.213934
                  140.88                      -14.029413
                  141.14                      -13.862053
               141.39999                      -13.711156
                  141.66                      -13.576115
                  141.92                      -13.456413
               142.17999                      -13.351622
                  142.44                      -13.261404
                   142.7                      -13.185506
               142.96001                      -13.123765
                  143.22                      -13.076111
                  143.48                      -13.042572
               143.74001                      -13.023283
                     144                      -13.018484
               144.25999                      -13.028529
                  144.52                      -13.053885
                  144.78                      -13.095136
               145.03999                      -13.152984
                   145.3                      -13.228267
                  145.56                      -13.321959
               145.82001                      -13.435188
                  146.08                      -13.569243
                  146.34                      -13.725582
               146.60001                      -13.905849
                  146.86                       -14.11187
                  147.12                      -14.345678
                  147.38                      -14.609521
                  147.64                      -14.905888
               147.89999                      -15.237517
                  148.16                      -15.607415
                  148.42                      -16.018853
               148.67999                      -16.475338
                  148.94                      -16.980556
                   149.2                       -17.53822
               149.46001                      -18.151774
                  149.72                      -18.823843
                  149.98                      -19.555171
               150.24001                      -20.342696
                   150.5                      -21.176166
               150.75999                      -22.032588
                  151.02                      -22.868373
                  151.28                       -23.61176
               151.53999                      -24.164534
                   151.8                      -24.427234
                  152.06                      -24.347134
               152.32001                      -23.951586
                  152.58                      -23.329828
                  152.84                      -22.584195
               153.10001                      -21.795725
                  153.36                       -21.01621
                  153.62                      -20.274119
                  153.88                      -19.582881
                  154.14                      -18.947256
               154.39999                      -18.367359
                  154.66                      -17.840988
                  154.92                      -17.364924
               155.17999                      -16.935611
                  155.44                      -16.549513
                   155.7                       -16.20329
               155.96001                      -15.893864
                  156.22                      -15.618456
                  156.48                      -15.374575
               156.74001                      -15.160012
                     157                      -14.972816
               157.25999                      -14.811272
                  157.52                      -14.673882
                  157.78                      -14.559336
               158.03999                      -14.466498
                   158.3                      -14.394391
                  158.56                      -14.342178
               158.82001                       -14.30916
                  159.08                      -14.294765
                  159.34                      -14.298536
               159.60001                      -14.320125
                  159.86                      -14.359283
                  160.12                       -14.41586
                  160.38                      -14.489799
                  160.64                      -14.581132
               160.89999                      -14.689995
                  161.16                      -14.816615
                  161.42                      -14.961321
               161.67999                      -15.124543
                  161.94                      -15.306818
                   162.2                      -15.508793
               162.46001                      -15.731244
                  162.72                      -15.975084
                  162.98                      -16.241389
               163.24001                      -16.531418
                   163.5                       -16.84664
               163.75999                      -17.188766
                  164.02                        -17.5598
                  164.28                      -17.962089
               164.53999                      -18.398406
                   164.8                      -18.872051
                  165.06                      -19.386983
               165.32001                      -19.947996
                  165.58                      -20.560944
                  165.84                       -21.23306
               166.10001                      -21.973376
                  166.36                       -22.79332
                  166.62                      -23.707524
                  166.88                      -24.734928
                  167.14                      -25.900108
               167.39999                      -27.234427
                  167.66                      -28.774913
                  167.92                      -30.552193
               168.17999                      -32.534162
                  168.44                      -34.426269
                   168.7                      -35.344044
               168.96001                      -34.508487
                  169.22                      -32.603912
                  169.48                       -30.56014
               169.74001                      -28.709801
                     170                       -27.09591
               170.25999                      -25.689554
                  170.52                      -24.453245
                  170.78                      -23.354813
               171.03999                      -22.368958
                   171.3                      -21.476186
                  171.56                      -20.661459
               171.82001                       -19.91309
                  172.08                      -19.221906
                  172.34                      -18.580627
               172.60001                      -17.983433
                  172.86                      -17.425627
                  173.12                      -16.903397
                  173.38                      -16.413639
                  173.64                      -15.953824
               173.89999                      -15.521884
                  174.16                      -15.116136
                  174.42                      -14.735208
               174.67999                       -14.37799
                  174.94                       -14.04359
                   175.2                      -13.731301
               175.46001                      -13.440572
                  175.72                      -13.170994
                  175.98                      -12.922272
               176.24001                      -12.694212
                   176.5                      -12.486705
               176.75999                      -12.299712
                  177.02                      -12.133257
                  177.28                      -11.987416
               177.53999                      -11.862313
                   177.8                      -11.758112
                  178.06                      -11.675019
               178.32001                      -11.613266
                  178.58                      -11.573118
                  178.84                      -11.554862
               179.10001                       -11.55881
                  179.36                      -11.585301
                  179.62                      -11.634702
                  179.88                      -11.707421
                  180.14                      -11.803901
               180.39999                      -11.924638
                  180.66                      -12.070178
                  180.92                       -12.24114
               181.17999                      -12.438223
                  181.44                      -12.662228
                   181.7                      -12.914086
               181.96001                      -13.194885
                  182.22                      -13.505904
                  182.48                      -13.848654
               182.74001                      -14.224936
                     183                      -14.636896
               183.25999                      -15.087118
                  183.52                      -15.578739
                  183.78                      -16.115598
               184.03999                      -16.702445
                   184.3                      -17.345211
                  184.56                      -18.051406
               184.82001                      -18.830678
                  185.08                      -19.695653
                  185.34                      -20.663252
               185.60001                      -21.756816
                  185.86                      -23.009733
                  186.12                      -24.472064
                  186.38                      -26.223628
                  186.64                      -28.403059
               186.89999                      -31.283316
                  187.16                      -35.521066
                  187.42                      -43.270059
               187.67999                      -44.405096
                  187.94                      -36.218124
                   188.2                      -31.906369
               188.46001                      -29.056995
                  188.72                      -26.945935
                  188.98                      -25.279408
               189.24001                      -23.910245
                   189.5                      -22.754381
               189.75999                      -21.759323
                  190.02                       -20.89011
                  190.28                      -20.122292
               190.53999                      -19.438102
                   190.8                      -18.824221
                  191.06                      -18.270413
               191.32001                      -17.768641
                  191.58                      -17.312478
                  191.84                      -16.896713
               192.10001                      -16.517051
                  192.36                      -16.169923
                  192.62                      -15.852319
                  192.88                      -15.561682
                  193.14                      -15.295819
               193.39999                      -15.052834
                  193.66                      -14.831074
                  193.92                      -14.629095
               194.17999                      -14.445624
                  194.44                      -14.279533
                   194.7                      -14.129826
               194.96001                      -13.995614
                  195.22                       -13.87611
                  195.48                      -13.770615
               195.74001                      -13.678517
                     196                      -13.599278
               196.25999                      -13.532444
                  196.52                      -13.477638
                  196.78                       -13.43456
               197.03999                      -13.402989
                   197.3                      -13.382787
                  197.56                      -13.373897
               197.82001                      -13.376349
                  198.08                      -13.390262
                  198.34                      -13.415849
               198.60001                      -13.453417
                  198.86                      -13.503377
                  199.12                      -13.566233
                  199.38                      -13.642603
                  199.64                      -13.733207
               199.89999                      -13.838883
                  200.16                      -13.960586
                  200.42                      -14.099406
               200.67999                      -14.256568
                  200.94                      -14.433451
                   201.2                        -14.6316
               201.46001                      -14.852742
                  201.72                      -15.098802
                  201.98                      -15.371935
               202.24001                      -15.674542
                   202.5                      -16.009306
               202.75999                      -16.379199
                  203.02                      -16.787508
                  203.28                      -17.237818
               203.53999                      -17.733947
                   203.8                      -18.279816
                  204.06                      -18.879117
               204.32001                       -19.53468
                  204.58                      -20.247231
                  204.84                      -21.013093
               205.10001                      -21.820045
                  205.36                      -22.640521
                  205.62                      -23.422132
                  205.88                      -24.079665
                  206.14                      -24.501391
               206.39999                      -24.586202
                  206.66                      -24.300691
                  206.92                      -23.702397
               207.17999                      -22.901326
                  207.44                      -22.004334
                   207.7                      -21.087451
               207.96001                      -20.195386
                  208.22                      -19.350797
                  208.48                      -18.563167
               208.74001                      -17.834789
                     209                      -17.164301
               209.25999                      -16.548643
                  209.52                      -15.984086
                  209.78                      -15.466764
               210.03999                       -14.99294
                   210.3                      -14.559118
                  210.56                      -14.162098
               210.82001                      -13.798973
                  211.08                      -13.467128
                  211.34                      -13.164209
               211.60001                      -12.888116
                  211.86                      -12.636966
                  212.12                      -12.409079
                  212.38                      -12.202955
                  212.64                      -12.017257
               212.89999                      -11.850797
                  213.16                      -11.702515
                  213.42                      -11.571476
               213.67999                      -11.456853
                  213.94                      -11.357918
                   214.2                      -11.274025
               214.46001                       -11.20461
                  214.72                      -11.149178
                  214.98                      -11.107294
               215.24001                      -11.078589
                   215.5                      -11.062744
               215.75999                      -11.059495
                  216.02                      -11.068621
                  216.28                      -11.089948
               216.53999                      -11.123342
                   216.8                       -11.16871
                  217.06                      -11.226005
               217.32001                      -11.295218
                  217.58                      -11.376391
                  217.84                       -11.46961
               218.10001                      -11.575009
                  218.36                      -11.692772
                  218.62                      -11.823134
                  218.88                      -11.966391
                  219.14                        -12.1229
               219.39999                      -12.293088
                  219.66                      -12.477462
                  219.92                      -12.676612
               220.17999                      -12.891218
                  220.44                      -13.122063
                   220.7                      -13.370044
               220.96001                      -13.636186
                  221.22                      -13.921664
                  221.48                      -14.227823
               221.74001                      -14.556207
                     222                      -14.908581
               222.25999                       -15.28697
                  222.52                      -15.693695
                  222.78                       -16.13143
               223.03999                      -16.603261
                   223.3                      -17.112756
                  223.56                      -17.664051
               223.82001                      -18.261913
                  224.08                      -18.911813
                  224.34                      -19.619916
               224.60001                      -20.392957
                  224.86                      -21.237774
                  225.12                      -22.160139
                  225.38                      -23.161959
                  225.64                       -24.23515
               225.89999                      -25.348995
                  226.16                      -26.427637
                  226.42                       -27.32332
               226.67999                       -27.82436
                  226.94                      -27.761559
                   227.2                      -27.153064
               227.46001                      -26.186783
                  227.72                      -25.068149
                  227.98                      -23.931907
               228.24001                      -22.844643
                   228.5                      -21.832271
               228.75999                      -20.900799
                  229.02                      -20.047603
                  229.28                      -19.266824
               229.53999                      -18.551788
                   229.8                      -17.896038
                  230.06                      -17.293731
               230.32001                      -16.739745
                  230.58                      -16.229665
                  230.84                      -15.759723
               231.10001                      -15.326703
                  231.36                       -14.92786
                  231.62                      -14.560835
                  231.88                      -14.223601
                  232.14                      -13.914408
               232.39999                      -13.631756
                  232.66                      -13.374365
                  232.92                      -13.141155
               233.17999                      -12.931221
                  233.44                      -12.743799
                   233.7                      -12.578253
               233.96001                      -12.434031
                  234.22                      -12.310667
                  234.48                      -12.207763
               234.74001                      -12.124986
                     235                      -12.062067
               235.25999                      -12.018801
                  235.52                      -11.995044
                  235.78                      -11.990701
               236.03999                       -12.00573
                   236.3                      -12.040122
                  236.56                      -12.093919
               236.82001                      -12.167205
                  237.08                      -12.260118
                  237.34                      -12.372855
               237.60001                      -12.505682
                  237.86                      -12.658934
                  238.12                      -12.833026
                  238.38                      -13.028458
                  238.64                      -13.245824
               238.89999                       -13.48583
                  239.16                      -13.749313
                  239.42                      -14.037256
               239.67999                      -14.350815
                  239.94                      -14.691339
                   240.2                      -15.060397
               240.46001                      -15.459796
                  240.72                      -15.891626
                  240.98                      -16.358286
               241.24001                      -16.862518
                   241.5                       -17.40744
               241.75999                       -17.99654
                  242.02                      -18.633635
                  242.28                       -19.32271
               242.53999                      -20.067571
                   242.8                      -20.871089
                  243.06                      -21.733706
               243.32001                       -22.65052
                  243.58                      -23.605913
                  243.84                      -24.564494
               244.10001                      -25.458693
                  244.36                      -26.180202
                  244.62                      -26.595701
                  244.88                      -26.605482
                  245.14                      -26.210623
               245.39999                      -25.512059
                  245.66                      -24.642794
                  245.92                      -23.710084
               246.17999                      -22.780478
                  246.44                      -21.888613
                   246.7                      -21.049591
               246.96001                      -20.267947
                  247.22                      -19.542959
                  247.48                      -18.871522
               247.74001                      -18.249633
                     248                      -17.673129
               248.25999                      -17.138029
                  248.52                      -16.640678
                  248.78                      -16.177797
               249.03999                      -15.746465
                   249.3                      -15.344103
                  249.56                      -14.968437
               249.82001                      -14.617461
                  250.08                       -14.28941
                  250.34                      -13.982726
               250.60001                      -13.696033
                  250.86                      -13.428115
                  251.12                      -13.177882
                  251.38                      -12.944365
                  251.64                      -12.726692
               251.89999                       -12.52408
                  252.16                      -12.335823
                  252.42                      -12.161287
               252.67999                      -11.999895
                  252.94                      -11.851127
                   253.2                      -11.714504
               253.46001                      -11.589592
                  253.72                      -11.475998
                  253.98                      -11.373362
               254.24001                      -11.281365
                   254.5                      -11.199727
               254.75999                        -11.1282
                  255.02                      -11.066576
                  255.28                      -11.014682
               255.53999                      -10.972381
                   255.8                      -10.939577
                  256.06                      -10.916216
               256.32001                      -10.902287
               256.57999                       -10.89783
                  256.84                      -10.902928
               257.10001                      -10.917715
               257.35999                      -10.942368
                  257.62                      -10.977118
                  257.88                      -11.022247
               258.14001                      -11.078089
               258.39999                      -11.145036
                  258.66                      -11.223533
               258.92001                      -11.314079
               259.17999                      -11.417231
                  259.44                      -11.533595
               259.70001                      -11.663833
               259.95999                      -11.808667
                  260.22                       -11.96887
               260.48001                      -12.145276
               260.73999                       -12.33877
                     261                      -12.550287
               261.26001                      -12.780807
               261.51999                      -13.031348
                  261.78                      -13.302954
               262.04001                      -13.596695
               262.29999                       -13.91363
                  262.56                      -14.254787
               262.82001                      -14.621115
               263.07999                      -15.013413
                  263.34                      -15.432239
               263.60001                      -15.877772
               263.85999                      -16.349613
                  264.12                      -16.846522
                  264.38                      -17.366017
               264.64001                      -17.903861
               264.89999                      -18.453381
                  265.16                      -19.004658
               265.42001                      -19.543727
               265.67999                      -20.052037
                  265.94                      -20.506696
               266.20001                      -20.882113
               266.45999                      -21.153513
                  266.72                      -21.301899
               266.98001                      -21.318839
               267.23999                      -21.208807
                   267.5                      -20.987787
               267.76001                      -20.678909
               268.01999                      -20.307332
                  268.28                      -19.896272
               268.54001                      -19.464896
               268.79999                      -19.027801
                  269.06                      -18.595423
               269.32001                      -18.174815
               269.57999                      -17.770478
                  269.84                      -17.385068
               270.10001                       -17.01996
               270.35999                      -16.675654
                  270.62                      -16.352087
                  270.88                      -16.048843
               271.14001                      -15.765302
               271.39999                      -15.500738
                  271.66                      -15.254388
               271.92001                      -15.025493
               272.17999                      -14.813314
                  272.44                      -14.617158
               272.70001                      -14.436377
               272.95999                       -14.27038
                  273.22                      -14.118635
               273.48001                      -13.980663
               273.73999                      -13.856033
                     274                      -13.744361
               274.26001                      -13.645298
               274.51999                      -13.558531
                  274.78                      -13.483774
               275.04001                      -13.420774
               275.29999                      -13.369302
                  275.56                      -13.329157
               275.82001                      -13.300157
               276.07999                      -13.282131
                  276.34                      -13.274928
               276.60001                      -13.278404
               276.85999                      -13.292434
                  277.12                      -13.316906
                  277.38                      -13.351725
               277.64001                      -13.396811
               277.89999                      -13.452095
                  278.16                      -13.517524
               278.42001                      -13.593056
               278.67999                      -13.678668
                  278.94                      -13.774359
               279.20001                      -13.880156
               279.45999                      -13.996119
                  279.72                      -14.122339
               279.98001                      -14.258945
               280.23999                      -14.406108
                   280.5                      -14.564046
               280.76001                      -14.733041
               281.01999                      -14.913445
                  281.28                      -15.105692
               281.54001                      -15.310305
               281.79999                      -15.527906
                  282.06                      -15.759223
               282.32001                       -16.00511
               282.57999                      -16.266555
                  282.84                      -16.544716
               283.10001                      -16.840929
               283.35999                      -17.156749
                  283.62                      -17.493965
                  283.88                      -17.854641
               284.14001                      -18.241165
               284.39999                      -18.656305
                  284.66                      -19.103299
               284.92001                      -19.585955
               285.17999                      -20.108784
                  285.44                      -20.677169
               285.70001                       -21.29757
               285.95999                      -21.977815
                  286.22                      -22.727461
               286.48001                      -23.558269
               286.73999                      -24.484732
                     287                       -25.52453
               287.26001                      -26.698366
               287.51999                      -28.027476
                  287.78                      -29.523477
               288.04001                      -31.154797
               288.29999                      -32.753827
                  288.56                      -33.863567
               288.82001                      -33.872163
               289.07999                      -32.762375
                  289.34                      -31.138685
               289.60001                      -29.471586
               289.85999                      -27.937688
                  290.12                      -26.572027
                  290.38                      -25.364163
               290.64001                      -24.293257
               290.89999                      -23.338748
                  291.16                      -22.483006
               291.42001                      -21.711552
               291.67999                      -21.012631
                  291.94                      -20.376676
               292.20001                      -19.795846
               292.45999                      -19.263636
                  292.72                      -18.774582
               292.98001                      -18.324045
               293.23999                      -17.908041
                   293.5                      -17.523124
               293.76001                      -17.166289
               294.01999                      -16.834893
                  294.28                      -16.526599
               294.54001                       -16.23933
               294.79999                      -15.971223
                  295.06                      -15.720616
               295.32001                      -15.486035
               295.57999                       -15.26618
                  295.84                       -15.05992
               296.10001                       -14.86628
               296.35999                      -14.684434
                  296.62                       -14.51369
                  296.88                       -14.35349
               297.14001                      -14.203402
               297.39999                      -14.063119
                  297.66                      -13.932456
               297.92001                      -13.811335
               298.17999                      -13.699775
                  298.44                      -13.597877
               298.70001                      -13.505801
               298.95999                      -13.423764
                  299.22                      -13.352024
               299.48001                      -13.290872
               299.73999                      -13.240613
                     300                      -13.201559

